1.000000000000000000e+00,-1.028642728924751282e-01,-4.622149467468261719e-01,8.480184525251388550e-02,5.548585057258605957e-01,1.846168935298919678e-01,-4.108813703060150146e-01,-1.749365925788879395e-01,7.595793157815933228e-02,2.175145000219345093e-01,-1.915528625249862671e-01,-9.499991685152053833e-02,1.581792980432510376e-01,-2.138676196336746216e-01,-2.915451824665069580e-01,1.379155069589614868e-01,-3.366495072841644287e-01,-1.305915266275405884e-01,-1.620717495679855347e-01,3.759353756904602051e-01,6.020784974098205566e-01,-9.274768829345703125e-02,0.000000000000000000e+00,-3.211114406585693359e-01,-1.127026006579399109e-01,-6.523414850234985352e-01,3.760820627212524414e-01,-2.575135529041290283e-01,-2.459677681326866150e-02,-3.582598865032196045e-01,-2.690406441688537598e-01,2.478062063455581665e-01,-1.596565395593643188e-01,-4.068922996520996094e-01,2.274634987115859985e-01,5.808497592806816101e-02,8.951326459646224976e-02,-1.091080382466316223e-01,2.261187434196472168e-01,1.070197001099586487e-01,9.043195843696594238e-02,5.394773483276367188e-01,4.328336715698242188e-01,-2.348540425300598145e-01,3.853242695331573486e-01,5.703116059303283691e-01,-1.610865592956542969e-01,0.000000000000000000e+00
-1.028642728924751282e-01,1.000000000000000000e+00,4.742294251918792725e-01,1.302067339420318604e-01,3.057233393192291260e-01,4.607289135456085205e-01,2.892486155033111572e-01,1.490759551525115967e-01,-5.479044280946254730e-03,5.221994593739509583e-02,2.146089216694235802e-03,-2.132249623537063599e-01,-5.101101100444793701e-02,1.109244674444198608e-02,1.787618696689605713e-01,8.819004893302917480e-02,-3.756965324282646179e-02,4.327055439352989197e-02,2.019235044717788696e-01,-2.613873779773712158e-01,-2.010922282934188843e-01,3.826836049556732178e-01,0.000000000000000000e+00,-4.877130985260009766e-01,1.553024053573608398e-01,1.120888963341712952e-01,-9.275376796722412109e-02,2.340925335884094238e-01,4.217365086078643799e-01,2.269346415996551514e-01,8.751166611909866333e-02,7.476574927568435669e-02,2.841780185699462891e-01,1.019868105649948120e-01,-3.967925310134887695e-01,-2.941982746124267578e-01,-4.758066236972808838e-01,-3.602389395236968994e-01,-2.376305013895034790e-01,-4.445808529853820801e-01,6.212241649627685547e-01,4.579545855522155762e-01,3.118855655193328857e-01,2.731291055679321289e-01,4.146156013011932373e-01,8.950237184762954712e-02,7.740051299333572388e-02,0.000000000000000000e+00
-4.622149169445037842e-01,4.742294251918792725e-01,1.000000000000000000e+00,1.374992132186889648e-01,-9.930644184350967407e-02,2.855322957038879395e-01,4.906343519687652588e-01,5.938832834362983704e-02,-1.622555404901504517e-01,-2.085939198732376099e-01,5.731973797082901001e-02,-1.542430520057678223e-01,-6.183723360300064087e-02,2.350315079092979431e-02,2.075672447681427002e-01,3.405220061540603638e-02,1.116799265146255493e-01,8.783210068941116333e-02,2.781286239624023438e-01,-3.349822461605072021e-01,-4.950805306434631348e-01,3.279588818550109863e-01,0.000000000000000000e+00,-1.717074364423751831e-01,2.802957594394683838e-01,5.653336048126220703e-01,-2.997618913650512695e-01,4.476607441902160645e-01,3.377507627010345459e-01,2.728693783283233643e-01,1.408487558364868164e-01,-1.152034476399421692e-01,2.654351890087127686e-01,1.073233783245086670e-01,-5.459308624267578125e-01,-4.247384667396545410e-01,-4.868633449077606201e-01,-2.831464409828186035e-01,-4.539246559143066406e-01,-4.091379344463348389e-01,2.422646880149841309e-01,-7.933894544839859009e-02,-4.175867512822151184e-02,1.810401864349842072e-02,-8.504733443260192871e-02,-3.974919021129608154e-01,2.900654375553131104e-01,0.000000000000000000e+00
8.480185270309448242e-02,1.302067339420318604e-01,1.374992132186889648e-01,1.000000000000000000e+00,-1.587729603052139282e-01,4.361946284770965576e-01,6.308786869049072266e-01,-5.483316779136657715e-01,-5.164809226989746094e-01,-6.465523242950439453e-01,-6.008678078651428223e-01,-7.079550027847290039e-01,-1.661057770252227783e-01,-6.619415879249572754e-01,-5.786098837852478027e-01,1.121729835867881775e-01,3.958282768726348877e-01,2.115978449583053589e-01,3.804809749126434326e-01,-6.232747435569763184e-02,5.060876160860061646e-02,5.384509563446044922e-01,0.000000000000000000e+00,1.754254549741744995e-01,-5.567382574081420898e-01,3.863607645034790039e-01,-4.417150020599365234e-01,4.431204795837402344e-01,1.617735773324966431e-01,5.044737458229064941e-01,-2.653525769710540771e-01,4.804030433297157288e-02,-4.558789357542991638e-02,-2.991096377372741699e-01,-4.955891966819763184e-01,-2.561236321926116943e-01,-6.487995386123657227e-01,-7.255104184150695801e-01,-4.923710227012634277e-01,-2.646763622760772705e-01,-9.253159165382385254e-02,2.568760812282562256e-01,5.046387314796447754e-01,-4.123944938182830811e-01,9.545221179723739624e-02,-1.361315101385116577e-01,2.767884731292724609e-01,0.000000000000000000e+00
5.548585057258605957e-01,3.057233393192291260e-01,-9.930644184350967407e-02,-1.587729603052139282e-01,1.000000000000000000e+00,2.286573797464370728e-01,-3.950316607952117920e-01,2.044146358966827393e-01,1.120432838797569275e-01,3.769078850746154785e-01,-2.066766843199729919e-02,-2.230367809534072876e-02,-1.856993585824966431e-01,1.536172181367874146e-01,8.842480927705764771e-02,1.482634395360946655e-01,-2.036288380622863770e-01,1.245557814836502075e-01,2.368010021746158600e-02,3.072523772716522217e-01,4.864758253097534180e-01,-1.226040720939636230e-01,0.000000000000000000e+00,-5.088464021682739258e-01,2.131924331188201904e-01,-5.489560961723327637e-01,3.014011979103088379e-01,-3.049480319023132324e-01,3.830093145370483398e-01,-3.016454875469207764e-01,8.400211483240127563e-02,2.769282758235931396e-01,-1.831347644329071045e-01,-1.447386592626571655e-01,1.582745164632797241e-01,7.588430494070053101e-02,7.082436233758926392e-03,2.398986741900444031e-02,2.982745170593261719e-01,-2.540529370307922363e-01,3.914920985698699951e-01,5.898140072822570801e-01,3.635529875755310059e-01,1.270413547754287720e-01,4.744982421398162842e-01,6.144052743911743164e-01,-4.059831500053405762e-01,0.000000000000000000e+00
1.846168935298919678e-01,4.607289135456085205e-01,2.855322957038879395e-01,4.361946284770965576e-01,2.286573797464370728e-01,1.000000000000000000e+00,4.706427454948425293e-01,-2.967246174812316895e-01,-3.765231370925903320e-01,-3.428557515144348145e-01,-4.034263491630554199e-01,-6.107691526412963867e-01,5.649280920624732971e-02,-4.512944519519805908e-01,-2.775670588016510010e-01,1.213089898228645325e-01,9.209189563989639282e-02,1.329743415117263794e-01,3.709192276000976562e-01,-1.553493887186050415e-01,-3.335930034518241882e-02,4.926609396934509277e-01,0.000000000000000000e+00,-3.194420635700225830e-01,-2.416920810937881470e-01,1.719931960105895996e-01,-3.180376887321472168e-01,3.760018646717071533e-01,3.198798000812530518e-01,4.449455738067626953e-01,-4.884788766503334045e-02,1.356229931116104126e-01,1.437248885631561279e-01,-2.373268753290176392e-01,-5.080415010452270508e-01,-4.135980904102325439e-01,-6.496820449829101562e-01,-7.413270473480224609e-01,-5.401887297630310059e-01,-4.618060588836669922e-01,2.375950813293457031e-01,5.347678065299987793e-01,5.137675404548645020e-01,-2.365745604038238525e-01,3.226531744003295898e-01,-5.401951074600219727e-02,3.538452982902526855e-01,0.000000000000000000e+00
-4.108813703060150146e-01,2.892486155033111572e-01,4.906343519687652588e-01,6.308786869049072266e-01,-3.950316607952117920e-01,4.706427454948425293e-01,1.000000000000000000e+00,-3.978598713874816895e-01,-5.030642747879028320e-01,-6.640674471855163574e-01,-4.310760796070098877e-01,-5.618780255317687988e-01,-8.288877457380294800e-02,-5.306886434555053711e-01,-3.563314974308013916e-01,6.306344177573919296e-03,5.343238711357116699e-01,1.844160854816436768e-01,4.270006716251373291e-01,-4.410190880298614502e-01,-4.301494657993316650e-01,5.931470990180969238e-01,0.000000000000000000e+00,1.338329613208770752e-01,-3.875465095043182373e-01,7.655908465385437012e-01,-6.211782097816467285e-01,6.242465376853942871e-01,1.383074074983596802e-01,5.755078792572021484e-01,-5.885416641831398010e-02,-1.368867605924606323e-01,2.122437506914138794e-01,-3.932311385869979858e-02,-6.376219391822814941e-01,-4.108545184135437012e-01,-7.144700884819030762e-01,-6.826560497283935547e-01,-7.500246763229370117e-01,-3.868257701396942139e-01,-1.830429583787918091e-02,-4.038688726723194122e-03,1.126421913504600525e-01,-2.180768549442291260e-01,-4.543650522828102112e-02,-5.191741585731506348e-01,5.138663649559020996e-01,0.000000000000000000e+00
-1.749365776777267456e-01,1.490759551525115967e-01,5.938832834362983704e-02,-5.483316779136657715e-01,2.044146358966827393e-01,-2.967246174812316895e-01,-3.978598713874816895e-01,1.000000000000000000e+00,4.250054061412811279e-01,5.195636749267578125e-01,5.175295472145080566e-01,4.511728882789611816e-01,-1.326287388801574707e-01,7.482722997665405273e-01,6.492868065834045410e-01,-1.604235619306564331e-01,-1.616733521223068237e-01,1.221115961670875549e-01,-1.087171137332916260e-01,1.637631803750991821e-01,-2.094809710979461670e-02,-2.130403667688369751e-01,0.000000000000000000e+00,-6.371618807315826416e-02,4.816376864910125732e-01,-2.628732323646545410e-01,1.255531162023544312e-01,-3.067373335361480713e-01,1.269139051437377930e-01,-2.898902893066406250e-01,3.951084017753601074e-01,7.358681410551071167e-02,7.610733807086944580e-02,3.778051435947418213e-01,3.774312138557434082e-01,1.727311015129089355e-01,4.342818260192871094e-01,5.578815937042236328e-01,4.589522182941436768e-01,2.171272598206996918e-02,2.837967276573181152e-01,-9.733875840902328491e-02,-2.799628674983978271e-01,5.146370530128479004e-01,-9.617167524993419647e-03,1.520387381315231323e-01,-3.233491182327270508e-01,0.000000000000000000e+00
7.595792412757873535e-02,-5.479044280946254730e-03,-1.622555404901504517e-01,-5.164809226989746094e-01,1.120432838797569275e-01,-3.765231370925903320e-01,-5.030642747879028320e-01,4.250054061412811279e-01,1.000000000000000000e+00,6.694044470787048340e-01,6.851193904876708984e-01,6.717693209648132324e-01,2.913345396518707275e-01,4.564233124256134033e-01,4.893467426300048828e-01,-5.893703084439039230e-03,-4.537658989429473877e-01,-3.571692109107971191e-01,-3.830834627151489258e-01,6.743049598298966885e-04,-8.181307464838027954e-02,-2.749725878238677979e-01,0.000000000000000000e+00,-2.012321054935455322e-01,4.978309869766235352e-01,-3.735706508159637451e-01,4.124991893768310547e-01,-3.182406723499298096e-01,-3.200014829635620117e-01,-4.482104182243347168e-01,-1.000319980084896088e-02,2.103315666317939758e-02,1.831267774105072021e-01,9.017235785722732544e-02,4.589497745037078857e-01,9.973950684070587158e-03,4.917407631874084473e-01,5.248181223869323730e-01,3.965360522270202637e-01,2.927069365978240967e-01,2.394166737794876099e-01,-1.390959024429321289e-01,-2.733626365661621094e-01,4.599894881248474121e-01,1.319970842450857162e-02,2.191199362277984619e-01,-1.021646335721015930e-01,0.000000000000000000e+00
2.175144851207733154e-01,5.221994593739509583e-02,-2.085939198732376099e-01,-6.465523242950439453e-01,3.769078850746154785e-01,-3.428557515144348145e-01,-6.640674471855163574e-01,5.195636749267578125e-01,6.694044470787048340e-01,1.000000000000000000e+00,5.464846491813659668e-01,7.381821870803833008e-01,6.475419551134109497e-02,5.864132046699523926e-01,4.946670532226562500e-01,-4.612419381737709045e-02,-3.683688342571258545e-01,-9.844583272933959961e-02,-3.199906349182128906e-01,2.977633774280548096e-01,2.325119674205780029e-01,-4.328077137470245361e-01,0.000000000000000000e+00,-3.250604569911956787e-01,5.674445629119873047e-01,-5.707105994224548340e-01,5.232429504394531250e-01,-5.316506624221801758e-01,-6.453320384025573730e-02,-5.429694652557373047e-01,2.399526089429855347e-01,1.877011805772781372e-01,-4.193414747714996338e-02,1.652993261814117432e-01,5.563995838165283203e-01,3.129184246063232422e-01,5.439838767051696777e-01,6.385132074356079102e-01,6.717666387557983398e-01,1.515473127365112305e-01,2.738541960716247559e-01,5.519080907106399536e-02,-2.324935793876647949e-01,5.252236723899841309e-01,1.217486038804054260e-01,5.115917921066284180e-01,-4.490176439285278320e-01,0.000000000000000000e+00
-1.915528625249862671e-01,2.146089216694235802e-03,5.731974169611930847e-02,-6.008678078651428223e-01,-2.066766843199729919e-02,-4.034263491630554199e-01,-4.310760498046875000e-01,5.175295472145080566e-01,6.851194500923156738e-01,5.464846491813659668e-01,1.000000000000000000e+00,6.429163813591003418e-01,2.582877278327941895e-01,6.967434883117675781e-01,7.666844725608825684e-01,-9.842834621667861938e-02,-3.860927224159240723e-01,-2.995512783527374268e-01,-3.638787567615509033e-01,-6.306292116641998291e-02,-2.342571914196014404e-01,-3.193916678428649902e-01,0.000000000000000000e+00,-4.995019361376762390e-02,6.295198202133178711e-01,-2.177363932132720947e-01,3.289879858493804932e-01,-2.826137840747833252e-01,-2.443291842937469482e-01,-3.388895988464355469e-01,1.149590238928794861e-01,-1.005490645766258240e-01,1.441517472267150879e-01,2.448350638151168823e-01,2.923213541507720947e-01,6.543651223182678223e-03,5.145688056945800781e-01,5.991393327713012695e-01,3.599708378314971924e-01,2.684212327003479004e-01,8.959984034299850464e-02,-3.289130032062530518e-01,-4.702162146568298340e-01,4.067538380622863770e-01,-1.599656641483306885e-01,-3.766961395740509033e-02,-5.512034520506858826e-02,0.000000000000000000e+00
-9.499991685152053833e-02,-2.132249623537063599e-01,-1.542430520057678223e-01,-7.079550027847290039e-01,-2.230367809534072876e-02,-6.107691526412963867e-01,-5.618780255317687988e-01,4.511728882789611816e-01,6.717693209648132324e-01,7.381821870803833008e-01,6.429163217544555664e-01,1.000000000000000000e+00,2.252586334943771362e-01,5.577569603919982910e-01,4.632911384105682373e-01,-1.018121689558029175e-01,-3.741231262683868408e-01,-2.998909950256347656e-01,-4.518793523311614990e-01,7.817087322473526001e-02,-1.068268939852714539e-01,-4.543208479881286621e-01,0.000000000000000000e+00,-4.389222711324691772e-02,5.004967451095581055e-01,-2.739657163619995117e-01,4.454492032527923584e-01,-3.712160289287567139e-01,-3.418094813823699951e-01,-5.103433728218078613e-01,9.021709114313125610e-02,-5.965926125645637512e-02,8.721010386943817139e-02,2.734904587268829346e-01,5.364007353782653809e-01,2.327113002538681030e-01,6.722944378852844238e-01,7.552562952041625977e-01,5.255767703056335449e-01,3.876433670520782471e-01,1.180583238601684570e-01,-3.888008892536163330e-01,-5.594505667686462402e-01,4.532471299171447754e-01,-2.340546250343322754e-01,9.887116402387619019e-02,-2.057159096002578735e-01,0.000000000000000000e+00
1.581793129444122314e-01,-5.101101100444793701e-02,-6.183723360300064087e-02,-1.661057770252227783e-01,-1.856993585824966431e-01,5.649280920624732971e-02,-8.288877457380294800e-02,-1.326287388801574707e-01,2.913345396518707275e-01,6.475419551134109497e-02,2.582877278327941895e-01,2.252586334943771362e-01,1.000000000000000000e+00,-1.251709461212158203e-01,-1.485830452293157578e-02,-8.535142987966537476e-04,-4.989233613014221191e-01,-6.224446892738342285e-01,-4.057220220565795898e-01,-2.703114151954650879e-01,-2.907898426055908203e-01,1.067735254764556885e-02,0.000000000000000000e+00,-1.187082603573799133e-01,6.308940798044204712e-02,3.159949323162436485e-03,2.056133151054382324e-01,8.011824637651443481e-02,-4.885084331035614014e-01,-1.105206161737442017e-01,-4.191477298736572266e-01,-1.469584256410598755e-01,4.656397998332977295e-01,-3.211545944213867188e-02,-2.137020695954561234e-03,-3.210034072399139404e-01,1.959488689899444580e-01,-5.763018876314163208e-02,-1.873716861009597778e-01,3.722597062587738037e-01,1.348018795251846313e-01,-8.788712322711944580e-02,-1.546224504709243774e-01,-1.416290551424026489e-01,-4.488733783364295959e-02,-2.028142660856246948e-01,5.219070315361022949e-01,0.000000000000000000e+00
-2.138676196336746216e-01,1.109244674444198608e-02,2.350315079092979431e-02,-6.619415879249572754e-01,1.536172181367874146e-01,-4.512944519519805908e-01,-5.306886434555053711e-01,7.482722997665405273e-01,4.564233124256134033e-01,5.864132046699523926e-01,6.967435479164123535e-01,5.577569603919982910e-01,-1.251709461212158203e-01,1.000000000000000000e+00,8.344926834106445312e-01,-1.488447636365890503e-01,-1.943648904561996460e-01,5.469442903995513916e-02,-2.006546109914779663e-01,2.227976471185684204e-01,-8.305079303681850433e-03,-4.072428345680236816e-01,0.000000000000000000e+00,3.741913242265582085e-03,6.202462315559387207e-01,-3.426516950130462646e-01,2.456533908843994141e-01,-4.363497197628021240e-01,9.917648881673812866e-02,-3.643175661563873291e-01,4.322167932987213135e-01,-2.671358641237020493e-03,-1.001570895314216614e-01,3.113255798816680908e-01,3.339117765426635742e-01,2.565159797668457031e-01,5.240611433982849121e-01,7.161260247230529785e-01,5.579376816749572754e-01,8.297099918127059937e-02,2.827283553779125214e-02,-2.131916433572769165e-01,-3.897202014923095703e-01,4.371054768562316895e-01,-9.495110809803009033e-02,1.316415667533874512e-01,-4.060155153274536133e-01,0.000000000000000000e+00
-2.915452122688293457e-01,1.787618696689605713e-01,2.075672447681427002e-01,-5.786098837852478027e-01,8.842480927705764771e-02,-2.775670588016510010e-01,-3.563314974308013916e-01,6.492868065834045410e-01,4.893467426300048828e-01,4.946670532226562500e-01,7.666844725608825684e-01,4.632911384105682373e-01,-1.485830452293157578e-02,8.344926834106445312e-01,1.000000000000000000e+00,-8.053837716579437256e-02,-2.118833363056182861e-01,-2.174048870801925659e-02,-1.707394868135452271e-01,1.444339752197265625e-02,-1.786536574363708496e-01,-2.970869541168212891e-01,0.000000000000000000e+00,-7.155165076255798340e-02,6.929649710655212402e-01,-1.977540701627731323e-01,2.422629892826080322e-01,-3.632009923458099365e-01,6.906884908676147461e-02,-2.522057592868804932e-01,4.023430347442626953e-01,-7.423622906208038330e-02,-2.124974131584167480e-02,2.953368127346038818e-01,1.693625897169113159e-01,4.518581554293632507e-02,3.363391757011413574e-01,5.562456846237182617e-01,3.456239998340606689e-01,-1.720819808542728424e-02,4.640425369143486023e-02,-1.889558434486389160e-01,-3.746774792671203613e-01,4.652951657772064209e-01,-7.767143845558166504e-02,1.426384225487709045e-02,-2.219809442758560181e-01,0.000000000000000000e+00
1.379155069589614868e-01,8.819005638360977173e-02,3.405220061540603638e-02,1.121729835867881775e-01,1.482634395360946655e-01,1.213089898228645325e-01,6.306343711912631989e-03,-1.604235619306564331e-01,-5.893703084439039230e-03,-4.612419009208679199e-02,-9.842834621667861938e-02,-1.018121689558029175e-01,-8.535142987966537476e-04,-1.488447636365890503e-01,-8.053836971521377563e-02,1.000000000000000000e+00,-2.332139946520328522e-02,-5.140483006834983826e-02,6.440012156963348389e-02,4.499025642871856689e-02,4.595583304762840271e-02,8.040097542107105255e-03,0.000000000000000000e+00,-6.746404618024826050e-02,3.595326468348503113e-02,-1.162094324827194214e-01,6.849014014005661011e-02,-6.732961162924766541e-03,4.388791322708129883e-02,-5.867885053157806396e-02,2.530937828123569489e-02,-3.080622665584087372e-02,1.092946715652942657e-02,-1.643811613321304321e-01,-2.714158408343791962e-02,2.134235017001628876e-02,-2.129915803670883179e-01,-1.266113221645355225e-01,-1.954515464603900909e-02,-3.798009455204010010e-02,-4.683883860707283020e-03,2.236957401037216187e-01,1.971700489521026611e-01,-8.937270939350128174e-02,2.583796083927154541e-01,1.677020043134689331e-01,-1.865360140800476074e-02,0.000000000000000000e+00
-3.366494774818420410e-01,-3.756965324282646179e-02,1.116799265146255493e-01,3.958282470703125000e-01,-2.036288380622863770e-01,9.209190309047698975e-02,5.343238711357116699e-01,-1.616733670234680176e-01,-4.537658989429473877e-01,-3.683688640594482422e-01,-3.860927224159240723e-01,-3.741231262683868408e-01,-4.989233613014221191e-01,-1.943649053573608398e-01,-2.118833363056182861e-01,-2.332139946520328522e-02,1.000000000000000000e+00,7.243294119834899902e-01,6.524328589439392090e-01,1.510778218507766724e-01,7.375952601432800293e-02,1.653662323951721191e-01,0.000000000000000000e+00,2.482150793075561523e-01,-2.905569374561309814e-01,3.843356072902679443e-01,-4.565734863281250000e-01,1.512738317251205444e-01,2.734530866146087646e-01,2.918982505798339844e-01,3.572042882442474365e-01,7.771228253841400146e-02,-2.724946439266204834e-01,5.080097541213035583e-02,-2.337127476930618286e-01,8.307506144046783447e-02,-4.064184725284576416e-01,-2.392651587724685669e-01,-2.024140357971191406e-01,-3.862787485122680664e-01,-2.700120806694030762e-01,1.917253434658050537e-02,8.988269418478012085e-02,-7.066731341183185577e-03,-6.960933655500411987e-02,-1.360835283994674683e-01,-1.596970111131668091e-01,0.000000000000000000e+00
-1.305915266275405884e-01,4.327055439352989197e-02,8.783210068941116333e-02,2.115978449583053589e-01,1.245557814836502075e-01,1.329743415117263794e-01,1.844160854816436768e-01,1.221115961670875549e-01,-3.571692109107971191e-01,-9.844583272933959961e-02,-2.995512783527374268e-01,-2.998909950256347656e-01,-6.224446892738342285e-01,5.469442903995513916e-02,-2.174048870801925659e-02,-5.140483006834983826e-02,7.243294119834899902e-01,1.000000000000000000e+00,6.499667167663574219e-01,4.446195960044860840e-01,2.990116477012634277e-01,6.366212666034698486e-02,0.000000000000000000e+00,1.214887648820877075e-01,-1.032188534736633301e-01,6.380993127822875977e-02,-3.302460908889770508e-01,-1.048686634749174118e-02,4.825901389122009277e-01,1.986401379108428955e-01,5.417720079421997070e-01,1.747750490903854370e-01,-3.716959059238433838e-01,2.230694890022277832e-02,-1.262620687484741211e-01,1.940321922302246094e-01,-2.967224419116973877e-01,-1.053603515028953552e-01,7.625428587198257446e-02,-4.236177802085876465e-01,-1.223773136734962463e-01,1.635087132453918457e-01,2.480360865592956543e-01,1.157208010554313660e-01,1.996304607018828392e-03,1.370258331298828125e-01,-3.958018124103546143e-01,0.000000000000000000e+00
-1.620717495679855347e-01,2.019235193729400635e-01,2.781286239624023438e-01,3.804809749126434326e-01,2.368010021746158600e-02,3.709192574024200439e-01,4.270007014274597168e-01,-1.087171137332916260e-01,-3.830834627151489258e-01,-3.199906349182128906e-01,-3.638787567615509033e-01,-4.518793523311614990e-01,-4.057220220565795898e-01,-2.006546109914779663e-01,-1.707394868135452271e-01,6.440012156963348389e-02,6.524328589439392090e-01,6.499666571617126465e-01,1.000000000000000000e+00,1.366921365261077881e-01,8.005577325820922852e-02,2.965463101863861084e-01,0.000000000000000000e+00,1.725017279386520386e-02,-1.918813437223434448e-01,2.603912651538848877e-01,-4.102960228919982910e-01,2.322235703468322754e-01,4.649015069007873535e-01,3.997858166694641113e-01,3.859193027019500732e-01,1.681930124759674072e-01,-1.531157195568084717e-01,-1.672487892210483551e-02,-3.701555430889129639e-01,-4.091066867113113403e-02,-5.022577643394470215e-01,-4.063104689121246338e-01,-2.423640638589859009e-01,-4.589925408363342285e-01,-3.044253960251808167e-02,2.132418006658554077e-01,4.026451706886291504e-01,2.120239101350307465e-02,1.158396154642105103e-01,8.225185796618461609e-03,-1.027908474206924438e-01,0.000000000000000000e+00
3.759353756904602051e-01,-2.613873779773712158e-01,-3.349822461605072021e-01,-6.232747435569763184e-02,3.072523772716522217e-01,-1.553494036197662354e-01,-4.410190880298614502e-01,1.637631803750991821e-01,6.743050180375576019e-04,2.977634072303771973e-01,-6.306292116641998291e-02,7.817087322473526001e-02,-2.703114151954650879e-01,2.227976471185684204e-01,1.444339659065008163e-02,4.499025642871856689e-02,1.510778367519378662e-01,4.446195960044860840e-01,1.366921365261077881e-01,1.000000000000000000e+00,6.478632688522338867e-01,-3.219233751296997070e-01,0.000000000000000000e+00,9.295456111431121826e-02,4.962624981999397278e-03,-4.885567426681518555e-01,1.594752371311187744e-01,-3.518784046173095703e-01,2.138479351997375488e-01,-1.655328869819641113e-01,3.481377661228179932e-01,2.837460041046142578e-01,-4.515776038169860840e-01,-7.236035168170928955e-02,2.969677150249481201e-01,4.217202663421630859e-01,2.050333917140960693e-01,2.417522817850112915e-01,5.471380352973937988e-01,5.013560131192207336e-02,-1.751253753900527954e-01,2.486674785614013672e-01,2.742409706115722656e-01,-8.338424563407897949e-02,1.042325496673583984e-01,5.182214379310607910e-01,-5.622982978820800781e-01,0.000000000000000000e+00
6.020784974098205566e-01,-2.010922431945800781e-01,-4.950805306434631348e-01,5.060876533389091492e-02,4.864758253097534180e-01,-3.335930034518241882e-02,-4.301494657993316650e-01,-2.094809710979461670e-02,-8.181307464838027954e-02,2.325119674205780029e-01,-2.342571914196014404e-01,-1.068268865346908569e-01,-2.907898426055908203e-01,-8.305079303681850433e-03,-1.786536574363708496e-01,4.595583304762840271e-02,7.375952601432800293e-02,2.990116477012634277e-01,8.005577325820922852e-02,6.478632688522338867e-01,1.000000000000000000e+00,-2.913837134838104248e-01,0.000000000000000000e+00,-9.177586436271667480e-02,-1.546369940042495728e-01,-6.163870096206665039e-01,2.916997671127319336e-01,-4.345678687095642090e-01,2.313721179962158203e-01,-2.436306774616241455e-01,1.324989795684814453e-01,3.750134110450744629e-01,-5.798017978668212891e-01,-1.720333248376846313e-01,3.497008979320526123e-01,4.225694239139556885e-01,1.563234925270080566e-01,1.192864179611206055e-01,4.875661730766296387e-01,-6.647345423698425293e-02,-1.445163488388061523e-01,4.327057301998138428e-01,3.856380879878997803e-01,-7.092755287885665894e-02,3.110644519329071045e-01,6.568933725357055664e-01,-6.081151962280273438e-01,0.000000000000000000e+00
-9.274768084287643433e-02,3.826836049556732178e-01,3.279588818550109863e-01,5.384509563446044922e-01,-1.226040720939636230e-01,4.926609396934509277e-01,5.931470990180969238e-01,-2.130403667688369751e-01,-2.749725878238677979e-01,-4.328077137470245361e-01,-3.193916678428649902e-01,-4.543208181858062744e-01,1.067735347896814346e-02,-4.072428643703460693e-01,-2.970869541168212891e-01,8.040097542107105255e-03,1.653662323951721191e-01,6.366212666034698486e-02,2.965463101863861084e-01,-3.219233453273773193e-01,-2.913837134838104248e-01,1.000000000000000000e+00,0.000000000000000000e+00,1.010376308113336563e-02,-2.762759029865264893e-01,4.231481850147247314e-01,-4.552588164806365967e-01,5.171809792518615723e-01,1.504939794540405273e-01,4.440022110939025879e-01,-1.972904056310653687e-01,-5.694156512618064880e-03,3.050014078617095947e-01,-1.249863803386688232e-01,-4.753773510456085205e-01,-4.276363551616668701e-01,-5.641114115715026855e-01,-6.172910332679748535e-01,-5.413552522659301758e-01,-3.039837479591369629e-01,2.658706009387969971e-01,2.033950984477996826e-01,3.476161956787109375e-01,-1.231507137417793274e-01,8.728291839361190796e-02,-2.555688023567199707e-01,4.582633376121520996e-01,0.000000000000000000e+00
0.000000000000000000e+00,0.000000000000000000e+00,0.000000000000000000e+00,0.000000000000000000e+00,0.000000000000000000e+00,0.000000000000000000e+00,0.000000000000000000e+00,0.000000000000000000e+00,0.000000000000000000e+00,0.000000000000000000e+00,0.000000000000000000e+00,0.000000000000000000e+00,0.000000000000000000e+00,0.000000000000000000e+00,0.000000000000000000e+00,0.000000000000000000e+00,0.000000000000000000e+00,0.000000000000000000e+00,0.000000000000000000e+00,0.000000000000000000e+00,0.000000000000000000e+00,0.000000000000000000e+00,1.000000000000000000e+00,0.000000000000000000e+00,0.000000000000000000e+00,0.000000000000000000e+00,0.000000000000000000e+00,0.000000000000000000e+00,0.000000000000000000e+00,0.000000000000000000e+00,0.000000000000000000e+00,0.000000000000000000e+00,0.000000000000000000e+00,0.000000000000000000e+00,0.000000000000000000e+00,0.000000000000000000e+00,0.000000000000000000e+00,0.000000000000000000e+00,0.000000000000000000e+00,0.000000000000000000e+00,0.000000000000000000e+00,0.000000000000000000e+00,0.000000000000000000e+00,0.000000000000000000e+00,0.000000000000000000e+00,0.000000000000000000e+00,0.000000000000000000e+00,0.000000000000000000e+00
-3.211114406585693359e-01,-4.877130985260009766e-01,-1.717074513435363770e-01,1.754254549741744995e-01,-5.088464021682739258e-01,-3.194420337677001953e-01,1.338329464197158813e-01,-6.371618807315826416e-02,-2.012320905923843384e-01,-3.250604867935180664e-01,-4.995019361376762390e-02,-4.389222711324691772e-02,-1.187082603573799133e-01,3.741913242265582085e-03,-7.155165076255798340e-02,-6.746404618024826050e-02,2.482150793075561523e-01,1.214887648820877075e-01,1.725017279386520386e-02,9.295456111431121826e-02,-9.177586436271667480e-02,1.010376308113336563e-02,0.000000000000000000e+00,1.000000000000000000e+00,-3.261223435401916504e-01,2.546597421169281006e-01,-2.844305336475372314e-01,2.590435370802879333e-02,-2.749881148338317871e-01,2.462839484214782715e-01,1.096362695097923279e-01,-1.738719493150711060e-01,-1.636241674423217773e-01,8.112988620996475220e-02,-1.041331910528242588e-03,2.691516578197479248e-01,1.842900812625885010e-01,1.262174844741821289e-01,2.304139360785484314e-02,3.049368858337402344e-01,-5.319927334785461426e-01,-3.687269091606140137e-01,-2.016185969114303589e-01,-1.847324967384338379e-01,-2.888325750827789307e-01,-2.661318182945251465e-01,1.188556253910064697e-01,0.000000000000000000e+00
-1.127025932073593140e-01,1.553024053573608398e-01,2.802957594394683838e-01,-5.567382574081420898e-01,2.131924331188201904e-01,-2.416920810937881470e-01,-3.875465095043182373e-01,4.816376864910125732e-01,4.978309869766235352e-01,5.674445629119873047e-01,6.295198798179626465e-01,5.004967451095581055e-01,6.308940798044204712e-02,6.202462315559387207e-01,6.929649710655212402e-01,3.595326468348503113e-02,-2.905569076538085938e-01,-1.032188534736633301e-01,-1.918813437223434448e-01,4.962624516338109970e-03,-1.546370089054107666e-01,-2.762759029865264893e-01,0.000000000000000000e+00,-3.261223435401916504e-01,1.000000000000000000e+00,-2.099991589784622192e-01,3.800083398818969727e-01,-3.027707934379577637e-01,-2.319288812577724457e-02,-4.073608517646789551e-01,1.908078491687774658e-01,-1.892193593084812164e-02,1.928200572729110718e-01,2.335851937532424927e-01,2.218412756919860840e-01,-4.108278825879096985e-02,2.538927197456359863e-01,4.630503356456756592e-01,2.925711274147033691e-01,-1.797859789803624153e-03,2.151734828948974609e-01,-1.364445239305496216e-01,-3.508369028568267822e-01,4.051595032215118408e-01,-8.084387332201004028e-02,8.712534606456756592e-02,-2.025752067565917969e-01,0.000000000000000000e+00
-6.523414850234985352e-01,1.120888963341712952e-01,5.653336048126220703e-01,3.863607943058013916e-01,-5.489560961723327637e-01,1.719932109117507935e-01,7.655908465385437012e-01,-2.628732323646545410e-01,-3.735706806182861328e-01,-5.707106590270996094e-01,-2.177363932132720947e-01,-2.739657163619995117e-01,3.159949555993080139e-03,-3.426516950130462646e-01,-1.977540850639343262e-01,-1.162094324827194214e-01,3.843356072902679443e-01,6.380993127822875977e-02,2.603912651538848877e-01,-4.885567426681518555e-01,-6.163870096206665039e-01,4.231481850147247314e-01,0.000000000000000000e+00,2.546597421169281006e-01,-2.099991589784622192e-01,1.000000000000000000e+00,-5.273133516311645508e-01,5.554131269454956055e-01,1.812944374978542328e-02,5.700773596763610840e-01,-4.669938609004020691e-02,-2.868593931198120117e-01,2.729115486145019531e-01,1.957086771726608276e-01,-4.919251501560211182e-01,-2.913522422313690186e-01,-4.327047765254974365e-01,-3.723721802234649658e-01,-6.026760935783386230e-01,-1.700357645750045776e-01,-7.179889827966690063e-02,-3.570543527603149414e-01,-2.033779025077819824e-01,-1.580698639154434204e-01,-3.129179179668426514e-01,-6.931626796722412109e-01,4.788596928119659424e-01,0.000000000000000000e+00
3.760820627212524414e-01,-9.275376796722412109e-02,-2.997618913650512695e-01,-4.417150020599365234e-01,3.014011979103088379e-01,-3.180376887321472168e-01,-6.211782097816467285e-01,1.255531162023544312e-01,4.124991893768310547e-01,5.232429504394531250e-01,3.289879858493804932e-01,4.454492032527923584e-01,2.056133151054382324e-01,2.456533908843994141e-01,2.422629892826080322e-01,6.849014014005661011e-02,-4.565734863281250000e-01,-3.302460908889770508e-01,-4.102960228919982910e-01,1.594752222299575806e-01,2.916997671127319336e-01,-4.552588164806365967e-01,0.000000000000000000e+00,-2.844305634498596191e-01,3.800083398818969727e-01,-5.273133516311645508e-01,1.000000000000000000e+00,-5.098344087600708008e-01,-2.479226887226104736e-01,-5.378376245498657227e-01,-1.118718981742858887e-01,8.616162091493606567e-02,-2.569102123379707336e-02,1.954510435461997986e-02,4.403534531593322754e-01,2.036439627408981323e-01,4.542265832424163818e-01,4.455919861793518066e-01,4.439272880554199219e-01,2.486614137887954712e-01,5.901189893484115601e-02,6.588160991668701172e-02,-1.516532003879547119e-01,1.716498285531997681e-01,1.568603813648223877e-01,3.996093273162841797e-01,-2.825253307819366455e-01,0.000000000000000000e+00
-2.575135529041290283e-01,2.340925186872482300e-01,4.476607143878936768e-01,4.431204795837402344e-01,-3.049480319023132324e-01,3.760018944740295410e-01,6.242465376853942871e-01,-3.067373633384704590e-01,-3.182406425476074219e-01,-5.316506624221801758e-01,-2.826137840747833252e-01,-3.712159991264343262e-01,8.011823892593383789e-02,-4.363497197628021240e-01,-3.632010221481323242e-01,-6.732961162924766541e-03,1.512738317251205444e-01,-1.048686634749174118e-02,2.322235703468322754e-01,-3.518784046173095703e-01,-4.345678687095642090e-01,5.171809792518615723e-01,0.000000000000000000e+00,2.590435370802879333e-02,-3.027707934379577637e-01,5.554131269454956055e-01,-5.098344087600708008e-01,1.000000000000000000e+00,1.042740643024444580e-01,4.384423196315765381e-01,-2.299520224332809448e-01,-1.226897910237312317e-01,4.512987136840820312e-01,-2.130820155143737793e-01,-6.165254116058349609e-01,-4.355439245700836182e-01,-5.330184102058410645e-01,-5.741879940032958984e-01,-6.292939186096191406e-01,-1.822156310081481934e-01,1.815636605024337769e-01,-1.080955117940902710e-01,1.853550225496292114e-01,-2.437891960144042969e-01,-1.744576394557952881e-01,-4.553105235099792480e-01,5.513955950736999512e-01,0.000000000000000000e+00
-2.459677495062351227e-02,4.217365086078643799e-01,3.377507328987121582e-01,1.617735922336578369e-01,3.830093145370483398e-01,3.198798000812530518e-01,1.383074074983596802e-01,1.269139051437377930e-01,-3.200015127658843994e-01,-6.453320384025573730e-02,-2.443291842937469482e-01,-3.418094813823699951e-01,-4.885084331035614014e-01,9.917649626731872559e-02,6.906884908676147461e-02,4.388791322708129883e-02,2.734530866146087646e-01,4.825901389122009277e-01,4.649015069007873535e-01,2.138479501008987427e-01,2.313721179962158203e-01,1.504939794540405273e-01,0.000000000000000000e+00,-2.749881148338317871e-01,-2.319288998842239380e-02,1.812944374978542328e-02,-2.479226887226104736e-01,1.042740643024444580e-01,1.000000000000000000e+00,2.375456541776657104e-01,3.958413600921630859e-01,1.447195410728454590e-01,-3.386719226837158203e-01,4.137718304991722107e-02,-3.178813159465789795e-01,4.565484821796417236e-03,-4.101408123970031738e-01,-2.122374027967453003e-01,-5.753301084041595459e-03,-5.446369051933288574e-01,1.415058076381683350e-01,3.454168438911437988e-01,3.727158010005950928e-01,5.757591500878334045e-02,2.221843451261520386e-01,1.738964468240737915e-01,-3.719248473644256592e-01,0.000000000000000000e+00
-3.582598865032196045e-01,2.269346415996551514e-01,2.728693783283233643e-01,5.044737458229064941e-01,-3.016454875469207764e-01,4.449455440044403076e-01,5.755078792572021484e-01,-2.898902893066406250e-01,-4.482104182243347168e-01,-5.429694652557373047e-01,-3.388895988464355469e-01,-5.103433728218078613e-01,-1.105206161737442017e-01,-3.643175959587097168e-01,-2.522057592868804932e-01,-5.867885053157806396e-02,2.918982505798339844e-01,1.986401379108428955e-01,3.997858166694641113e-01,-1.655328869819641113e-01,-2.436306774616241455e-01,4.440022110939025879e-01,0.000000000000000000e+00,2.462839484214782715e-01,-4.073608517646789551e-01,5.700773596763610840e-01,-5.378376841545104980e-01,4.384423196315765381e-01,2.375456541776657104e-01,1.000000000000000000e+00,1.348273307085037231e-01,-1.148189902305603027e-01,3.620162233710289001e-02,6.172195449471473694e-02,-5.058573484420776367e-01,-1.081812083721160889e-01,-4.908999204635620117e-01,-5.236961245536804199e-01,-4.110108613967895508e-01,-2.080892622470855713e-01,-5.758507922291755676e-02,5.224933475255966187e-02,3.162666261196136475e-01,-2.316348403692245483e-01,-3.982579708099365234e-02,-3.413606584072113037e-01,2.654347121715545654e-01,0.000000000000000000e+00
-2.690406739711761475e-01,8.751166611909866333e-02,1.408487558364868164e-01,-2.653525769710540771e-01,8.400211483240127563e-02,-4.884788766503334045e-02,-5.885416641831398010e-02,3.951084017753601074e-01,-1.000319980084896088e-02,2.399526089429855347e-01,1.149590313434600830e-01,9.021709114313125610e-02,-4.191477298736572266e-01,4.322167932987213135e-01,4.023430347442626953e-01,2.530938014388084412e-02,3.572042882442474365e-01,5.417720079421997070e-01,3.859193027019500732e-01,3.481377661228179932e-01,1.324989795684814453e-01,-1.972904056310653687e-01,0.000000000000000000e+00,1.096362695097923279e-01,1.908078491687774658e-01,-4.669938609004020691e-02,-1.118718981742858887e-01,-2.299520224332809448e-01,3.958413302898406982e-01,1.348273307085037231e-01,1.000000000000000000e+00,1.188014969229698181e-01,-3.300483524799346924e-01,2.421430349349975586e-01,1.067018806934356689e-01,4.074176847934722900e-01,1.860684901475906372e-02,2.721212804317474365e-01,2.981266975402832031e-01,-2.709728181362152100e-01,-1.555680185556411743e-01,2.576223202049732208e-02,2.238288521766662598e-02,3.131709098815917969e-01,9.313076734542846680e-02,2.053125053644180298e-01,-4.606069624423980713e-01,0.000000000000000000e+00
2.478062063455581665e-01,7.476574927568435669e-02,-1.152034550905227661e-01,4.804030433297157288e-02,2.769282758235931396e-01,1.356229931116104126e-01,-1.368867605924606323e-01,7.358681410551071167e-02,2.103315852582454681e-02,1.877011954784393311e-01,-1.005490645766258240e-01,-5.965925753116607666e-02,-1.469584256410598755e-01,-2.671358874067664146e-03,-7.423622906208038330e-02,-3.080622665584087372e-02,7.771228253841400146e-02,1.747750490903854370e-01,1.681930124759674072e-01,2.837459743022918701e-01,3.750134110450744629e-01,-5.694156512618064880e-03,0.000000000000000000e+00,-1.738719493150711060e-01,-1.892193593084812164e-02,-2.868593931198120117e-01,8.616162836551666260e-02,-1.226897910237312317e-01,1.447195410728454590e-01,-1.148189902305603027e-01,1.188015043735504150e-01,1.000000000000000000e+00,-1.480580866336822510e-01,-1.115177199244499207e-01,1.721618622541427612e-01,4.353230446577072144e-02,-1.496240310370922089e-02,-1.932097971439361572e-02,1.477546989917755127e-01,-2.042207419872283936e-01,1.384341865777969360e-01,2.750374674797058105e-01,2.602289915084838867e-01,8.458770066499710083e-02,2.040816992521286011e-01,3.162700533866882324e-01,-1.973450332880020142e-01,0.000000000000000000e+00
