1.000000000000000000e+00,4.610449820756912231e-02,-1.829194650053977966e-02,-2.233968488872051239e-02,1.949722468852996826e-01,8.304966986179351807e-02,-1.343445181846618652e-01,8.045703172683715820e-02,8.603527396917343140e-02,1.074032858014106750e-02,2.189109846949577332e-02,-6.872513145208358765e-02,2.349002100527286530e-02,-3.426028182730078697e-03,-1.235665157437324524e-01,-1.058500036597251892e-01,-1.150049939751625061e-01,1.695743203163146973e-02,1.469324529170989990e-01,-9.876062721014022827e-02,-9.311338514089584351e-02,0.000000000000000000e+00,0.000000000000000000e+00,-6.349931657314300537e-02,1.214130818843841553e-01,-9.106548130512237549e-02,1.521383225917816162e-01,3.083242774009704590e-01,1.798319816589355469e-01,-8.384574949741363525e-02,-1.211030632257461548e-01,0.000000000000000000e+00,2.497149854898452759e-01,-7.387801259756088257e-02,-2.107798010110855103e-01,-1.382603496313095093e-01,-9.632635861635208130e-03,-1.845151484012603760e-01,-1.693109124898910522e-01,-5.818122625350952148e-02,1.476541608572006226e-01,-1.309775710105895996e-01,-1.444593220949172974e-01,-1.549098081886768341e-02,-1.844666749238967896e-01,-6.986149400472640991e-02,1.544480305165052414e-02,0.000000000000000000e+00
4.610449820756912231e-02,1.000000000000000000e+00,-1.255594491958618164e-01,-3.569661080837249756e-02,2.615575790405273438e-01,3.213959336280822754e-01,8.483574539422988892e-02,2.193093895912170410e-01,2.098435312509536743e-01,2.145318239927291870e-01,1.146980300545692444e-01,1.139973029494285583e-01,4.014700651168823242e-02,1.086620762944221497e-01,-5.060523003339767456e-02,5.591098451986908913e-04,-9.497968107461929321e-02,-4.723114147782325745e-02,9.719473868608474731e-02,-4.660954698920249939e-02,-6.789356470108032227e-02,0.000000000000000000e+00,0.000000000000000000e+00,-1.458251010626554489e-02,3.257846459746360779e-02,-9.139202535152435303e-03,2.637481093406677246e-01,1.099493056535720825e-01,2.732926309108734131e-01,5.550662800669670105e-02,-8.859964460134506226e-02,0.000000000000000000e+00,2.167523801326751709e-01,2.735630869865417480e-01,7.873676717281341553e-02,-1.512345224618911743e-01,2.000283002853393555e-01,9.825592488050460815e-02,-1.004940941929817200e-01,-5.096564441919326782e-02,2.935956120491027832e-01,2.643469572067260742e-01,1.703646220266819000e-02,3.324031531810760498e-01,1.698703318834304810e-01,7.772482186555862427e-02,-2.512398734688758850e-02,0.000000000000000000e+00
-1.829194650053977966e-02,-1.255594491958618164e-01,1.000000000000000000e+00,2.660753428936004639e-01,-1.339184939861297607e-01,-9.877342730760574341e-02,8.836738765239715576e-02,-1.922463327646255493e-01,-1.599932312965393066e-01,-1.373490095138549805e-01,-1.671584695577621460e-01,-1.506485044956207275e-01,-5.495782196521759033e-02,-1.091108694672584534e-01,-1.024075224995613098e-01,-2.130964957177639008e-02,5.338142067193984985e-02,5.871472880244255066e-03,-5.870074033737182617e-02,2.722439356148242950e-02,9.810020029544830322e-02,0.000000000000000000e+00,0.000000000000000000e+00,-6.547109037637710571e-02,-1.344460099935531616e-01,2.136336117982864380e-01,-1.320310235023498535e-01,-5.863020196557044983e-02,-4.873289540410041809e-02,3.162987157702445984e-02,-7.298570871353149414e-02,0.000000000000000000e+00,-1.621734648942947388e-01,-1.713271290063858032e-01,1.584465033374726772e-03,-2.458944171667098999e-02,-1.971590816974639893e-01,-3.336184099316596985e-02,2.677261456847190857e-02,-3.083827532827854156e-02,-1.516818106174468994e-01,-5.678965151309967041e-02,3.000259166583418846e-03,-1.269598007202148438e-01,-1.659773406572639942e-03,-3.929883986711502075e-02,-3.304638713598251343e-02,0.000000000000000000e+00
-2.233968488872051239e-02,-3.569661080837249756e-02,2.660753428936004639e-01,1.000000000000000000e+00,-7.321712560951709747e-03,3.480902686715126038e-02,1.614791899919509888e-01,-7.743075489997863770e-02,-1.053177788853645325e-01,-1.447702199220657349e-01,-6.388239562511444092e-02,-1.660409718751907349e-01,-1.040110588073730469e-01,-5.087162554264068604e-02,-6.212680786848068237e-02,4.071553796529769897e-02,1.300652772188186646e-01,-3.321976587176322937e-02,-6.130279600620269775e-02,-7.650718092918395996e-02,5.045465007424354553e-02,0.000000000000000000e+00,0.000000000000000000e+00,-1.335160583257675171e-01,-1.208437830209732056e-01,1.474508196115493774e-01,-5.344773828983306885e-02,-5.743814259767532349e-02,5.229813978075981140e-03,-5.858798697590827942e-02,-1.326854974031448364e-01,0.000000000000000000e+00,-1.139009743928909302e-01,-6.591852754354476929e-02,3.386875241994857788e-02,-9.652416408061981201e-02,-1.182840988039970398e-01,2.008805423974990845e-02,-8.620299398899078369e-03,-9.778051078319549561e-02,-4.504535719752311707e-02,2.451450563967227936e-02,-1.304423622786998749e-02,-2.764924988150596619e-02,1.199716702103614807e-02,-6.922163069248199463e-02,-6.189715489745140076e-02,0.000000000000000000e+00
1.949722468852996826e-01,2.615575790405273438e-01,-1.339184939861297607e-01,-7.321712560951709747e-03,1.000000000000000000e+00,3.007521629333496094e-01,-1.221038587391376495e-02,2.284416854381561279e-01,2.108676284551620483e-01,1.292658895254135132e-01,1.591069996356964111e-01,6.020214781165122986e-02,5.433348193764686584e-02,7.112869620323181152e-02,-5.652987957000732422e-02,-2.727858535945415497e-02,-8.024432510137557983e-02,-1.855208538472652435e-02,1.379817575216293335e-01,-1.209469512104988098e-01,-1.592129617929458618e-01,0.000000000000000000e+00,0.000000000000000000e+00,-3.526913374662399292e-02,9.937715530395507812e-02,-1.340293884277343750e-01,2.571074366569519043e-01,2.220290303230285645e-01,2.742212712764739990e-01,-9.605131298303604126e-02,-1.330838054418563843e-01,0.000000000000000000e+00,2.873978018760681152e-01,1.743602603673934937e-01,-7.891348004341125488e-02,-1.791394054889678955e-01,1.533713340759277344e-01,-3.504062071442604065e-02,-1.653402447700500488e-01,-4.215445742011070251e-02,3.215623795986175537e-01,1.237311139702796936e-01,-8.024241030216217041e-02,2.161028981208801270e-01,-2.071788907051086426e-02,-9.428730234503746033e-03,-6.247187033295631409e-03,0.000000000000000000e+00
8.304966986179351807e-02,3.213959336280822754e-01,-9.877342730760574341e-02,3.480902686715126038e-02,3.007521629333496094e-01,1.000000000000000000e+00,1.110634133219718933e-01,2.368415594100952148e-01,2.144921869039535522e-01,1.771978288888931274e-01,1.389313787221908569e-01,8.019422739744186401e-02,2.038436196744441986e-02,1.232529729604721069e-01,-5.570395290851593018e-02,-1.553575228899717331e-02,-3.565491735935211182e-02,-6.115881726145744324e-02,1.243887543678283691e-01,-8.934345096349716187e-02,-8.836986869573593140e-02,0.000000000000000000e+00,0.000000000000000000e+00,-7.040625810623168945e-02,5.508539080619812012e-02,-3.644764423370361328e-02,2.722066044807434082e-01,1.403761804103851318e-01,2.794039547443389893e-01,-7.526587229222059250e-03,-1.272265315055847168e-01,0.000000000000000000e+00,2.192731052637100220e-01,2.498137801885604858e-01,3.720269724726676941e-02,-1.836578100919723511e-01,1.886748969554901123e-01,6.238979846239089966e-02,-1.300908774137496948e-01,-8.940950036048889160e-02,3.009276688098907471e-01,2.439019232988357544e-01,-8.300115587189793587e-04,3.001087903976440430e-01,1.186466887593269348e-01,5.174196511507034302e-02,-3.585080802440643311e-02,0.000000000000000000e+00
-1.343445181846618652e-01,8.483574539422988892e-02,8.836738765239715576e-02,1.614791899919509888e-01,-1.221038587391376495e-02,1.110634133219718933e-01,1.000000000000000000e+00,7.991600036621093750e-02,8.106268197298049927e-02,-1.150341890752315521e-02,6.581944972276687622e-02,-2.027775533497333527e-02,-1.335275173187255859e-01,6.642668694257736206e-02,-5.798709020018577576e-02,-8.750686794519424438e-02,2.113787680864334106e-01,-4.476172849535942078e-02,-7.162717729806900024e-02,3.391863033175468445e-02,1.160518154501914978e-01,0.000000000000000000e+00,0.000000000000000000e+00,-2.089337557554244995e-01,-4.288036841899156570e-03,2.190562784671783447e-01,3.222387656569480896e-02,-8.684431761503219604e-02,2.159822359681129456e-02,1.305553615093231201e-01,-9.912786632776260376e-02,0.000000000000000000e+00,-1.037648543715476990e-01,8.839863538742065430e-02,6.981971859931945801e-02,-1.538973599672317505e-01,3.054128959774971008e-02,3.618845343589782715e-02,-9.308063238859176636e-02,-2.439999878406524658e-01,9.220173582434654236e-03,2.039977908134460449e-01,8.294483274221420288e-02,1.258858591318130493e-01,1.601579189300537109e-01,1.715708896517753601e-02,-1.275076568126678467e-01,0.000000000000000000e+00
8.045703172683715820e-02,2.193093895912170410e-01,-1.922463327646255493e-01,-7.743075489997863770e-02,2.284416854381561279e-01,2.368415594100952148e-01,7.991600036621093750e-02,1.000000000000000000e+00,2.648429572582244873e-01,1.231422275304794312e-01,2.474604547023773193e-01,9.052772819995880127e-02,4.117039963603019714e-02,1.932648271322250366e-01,-3.913234174251556396e-02,-1.343976706266403198e-01,2.502620220184326172e-02,-2.013891562819480896e-02,1.295249611139297485e-01,-2.074359729886054993e-02,-8.670584857463836670e-02,0.000000000000000000e+00,0.000000000000000000e+00,-6.140036508440971375e-02,1.571331024169921875e-01,-8.582510054111480713e-02,2.255829125642776489e-01,1.400730162858963013e-01,1.537754535675048828e-01,-2.202767506241798401e-02,-4.652885720133781433e-02,0.000000000000000000e+00,2.096344232559204102e-01,2.090099453926086426e-01,-7.191840559244155884e-02,-1.833170503377914429e-01,2.462997883558273315e-01,-4.773872718214988708e-02,-1.962678134441375732e-01,-1.562064439058303833e-01,2.409206330776214600e-01,1.456991881132125854e-01,5.668431986123323441e-03,2.008806169033050537e-01,4.500706121325492859e-02,3.814366459846496582e-02,-6.525570899248123169e-02,0.000000000000000000e+00
8.603527396917343140e-02,2.098435312509536743e-01,-1.599932312965393066e-01,-1.053177788853645325e-01,2.108676284551620483e-01,2.144921869039535522e-01,8.106268197298049927e-02,2.648429572582244873e-01,1.000000000000000000e+00,1.871111840009689331e-01,2.709308266639709473e-01,1.556516885757446289e-01,1.225514486432075500e-01,1.316706389188766479e-01,-5.179647356271743774e-02,-1.939670443534851074e-01,3.309148922562599182e-02,-2.721980400383472443e-02,1.151292547583580017e-01,2.418998815119266510e-02,-1.130852401256561279e-01,0.000000000000000000e+00,0.000000000000000000e+00,-5.571613833308219910e-02,1.962468028068542480e-01,-7.577679306268692017e-02,1.993782967329025269e-01,1.764371991157531738e-01,1.857656389474868774e-01,1.592630753293633461e-03,-7.485627382993698120e-02,0.000000000000000000e+00,2.300123274326324463e-01,1.914414763450622559e-01,-1.291105747222900391e-01,-1.804994195699691772e-01,2.215252071619033813e-01,-1.098206117749214172e-01,-2.346568852663040161e-01,-1.168160513043403625e-01,2.549245953559875488e-01,9.955890476703643799e-02,-3.747411444783210754e-02,1.933265775442123413e-01,-1.145449094474315643e-02,3.264636173844337463e-02,-6.935506314039230347e-02,0.000000000000000000e+00
1.074032858014106750e-02,2.145318239927291870e-01,-1.373490095138549805e-01,-1.447702199220657349e-01,1.292658895254135132e-01,1.771978288888931274e-01,-1.150341890752315521e-02,1.231422275304794312e-01,1.871111840009689331e-01,1.000000000000000000e+00,5.967691168189048767e-02,2.588796615600585938e-01,1.380161643028259277e-01,1.059800013899803162e-01,1.966941356658935547e-02,-1.913102157413959503e-02,-5.855340883135795593e-02,-5.075317621231079102e-02,1.493692845106124878e-01,4.527031851466745138e-04,-7.537050545215606689e-02,0.000000000000000000e+00,0.000000000000000000e+00,8.495365828275680542e-02,1.109409183263778687e-01,-7.530271261930465698e-02,1.875355094671249390e-01,1.099725440144538879e-01,1.723785102367401123e-01,5.505174770951271057e-02,5.993656814098358154e-02,0.000000000000000000e+00,1.767818331718444824e-01,2.335673570632934570e-01,6.493216007947921753e-02,5.619271192699670792e-03,2.227442413568496704e-01,9.495745599269866943e-02,-1.238210033625364304e-02,4.925194755196571350e-02,1.824950128793716431e-01,1.422884166240692139e-01,1.079933866858482361e-01,2.181327939033508301e-01,1.361452043056488037e-01,2.231412529945373535e-01,1.156578958034515381e-01,0.000000000000000000e+00
2.189109846949577332e-02,1.146980300545692444e-01,-1.671584695577621460e-01,-6.388239562511444092e-02,1.591069996356964111e-01,1.389313787221908569e-01,6.581944972276687622e-02,2.474604547023773193e-01,2.709308266639709473e-01,5.967691168189048767e-02,1.000000000000000000e+00,8.878491818904876709e-02,6.631245464086532593e-02,1.195387318730354309e-01,6.192116532474756241e-03,-1.395958513021469116e-01,7.877256721258163452e-02,-3.540452569723129272e-02,5.148909240961074829e-02,-3.969399258494377136e-03,-7.862018048763275146e-02,0.000000000000000000e+00,0.000000000000000000e+00,-7.289000600576400757e-02,1.635650992393493652e-01,-1.021399497985839844e-01,1.122127100825309753e-01,8.151401579380035400e-02,7.483560591936111450e-02,-7.803533971309661865e-02,-7.648906856775283813e-02,0.000000000000000000e+00,1.479275375604629517e-01,1.357356011867523193e-01,-1.180328950285911560e-01,-1.412338912487030029e-01,1.709655523300170898e-01,-1.001918092370033264e-01,-1.812076866626739502e-01,-1.102466136217117310e-01,1.770505607128143311e-01,4.952022060751914978e-02,-6.041526421904563904e-02,1.128277331590652466e-01,-5.129525810480117798e-02,-4.015129804611206055e-02,-1.083341166377067566e-01,0.000000000000000000e+00
-6.872513145208358765e-02,1.139973029494285583e-01,-1.506485044956207275e-01,-1.660409718751907349e-01,6.020214781165122986e-02,8.019422739744186401e-02,-2.027775533497333527e-02,9.052772819995880127e-02,1.556516885757446289e-01,2.588796615600585938e-01,8.878491818904876709e-02,1.000000000000000000e+00,1.180177628993988037e-01,4.556937143206596375e-02,6.987377256155014038e-02,-1.568731735460460186e-03,-1.153689343482255936e-02,-5.377198383212089539e-02,8.725353330373764038e-02,2.641715481877326965e-02,-7.469657063484191895e-02,0.000000000000000000e+00,0.000000000000000000e+00,9.433133900165557861e-02,1.456608623266220093e-01,-8.829269558191299438e-02,9.357536584138870239e-02,2.405773289501667023e-02,5.178738385438919067e-02,1.666790992021560669e-02,7.179526984691619873e-02,0.000000000000000000e+00,9.761657565832138062e-02,1.605958938598632812e-01,4.895040765404701233e-02,6.635496765375137329e-02,1.528275310993194580e-01,6.278143823146820068e-02,3.937968239188194275e-02,9.343045949935913086e-02,1.101792752742767334e-01,1.020009666681289673e-01,7.937443256378173828e-02,1.230252757668495178e-01,8.308574557304382324e-02,1.579329371452331543e-01,5.342220515012741089e-02,0.000000000000000000e+00
2.349002100527286530e-02,4.014700651168823242e-02,-5.495782196521759033e-02,-1.040110588073730469e-01,5.433348193764686584e-02,2.038436196744441986e-02,-1.335275173187255859e-01,4.117039963603019714e-02,1.225514486432075500e-01,1.380161643028259277e-01,6.631245464086532593e-02,1.180177628993988037e-01,1.000000000000000000e+00,1.816510781645774841e-02,-3.747034072875976562e-02,-7.255192101001739502e-02,-3.708968684077262878e-02,1.494217943400144577e-02,5.968441814184188843e-02,1.362208127975463867e-01,-1.531155854463577271e-01,0.000000000000000000e+00,0.000000000000000000e+00,1.848981529474258423e-01,9.303545951843261719e-02,-1.647238284349441528e-01,2.494516968727111816e-02,7.876668125391006470e-02,5.397438630461692810e-02,-8.175611495971679688e-02,7.260005921125411987e-02,0.000000000000000000e+00,1.127924323081970215e-01,4.337390884757041931e-02,-1.049102321267127991e-01,3.340256959199905396e-02,1.001627296209335327e-01,-9.589127451181411743e-02,-5.800112336874008179e-02,1.484878659248352051e-01,1.039927676320075989e-01,-5.728229135274887085e-02,-2.476117014884948730e-02,-2.909219125285744667e-03,-7.210869342088699341e-02,4.273387417197227478e-02,6.273825466632843018e-02,0.000000000000000000e+00
-3.426028182730078697e-03,1.086620762944221497e-01,-1.091108694672584534e-01,-5.087162554264068604e-02,7.112869620323181152e-02,1.232529729604721069e-01,6.642668694257736206e-02,1.932648271322250366e-01,1.316706389188766479e-01,1.059800013899803162e-01,1.195387318730354309e-01,4.556937143206596375e-02,1.816510781645774841e-02,1.000000000000000000e+00,8.368682861328125000e-02,-8.536714315414428711e-02,7.112046331167221069e-02,-8.458098396658897400e-03,1.269749850034713745e-01,-1.386443339288234711e-02,-4.846360534429550171e-02,0.000000000000000000e+00,0.000000000000000000e+00,-3.887869417667388916e-02,2.653796039521694183e-02,-6.393573433160781860e-02,9.881266951560974121e-02,2.571904286742210388e-02,4.890822619199752808e-02,8.321430534124374390e-02,4.475644975900650024e-02,0.000000000000000000e+00,8.663900196552276611e-02,1.488983929157257080e-01,5.156470462679862976e-03,-6.417088955640792847e-02,2.159208059310913086e-01,3.431763872504234314e-02,-8.177187293767929077e-02,-1.018667519092559814e-01,8.238580822944641113e-02,9.060375392436981201e-02,1.065745502710342407e-01,1.079277992248535156e-01,5.646738782525062561e-02,1.025239080190658569e-01,1.628715917468070984e-02,0.000000000000000000e+00
-1.235665157437324524e-01,-5.060523003339767456e-02,-1.024075224995613098e-01,-6.212680786848068237e-02,-5.652987957000732422e-02,-5.570395290851593018e-02,-5.798709020018577576e-02,-3.913234174251556396e-02,-5.179647356271743774e-02,1.966941356658935547e-02,6.192116532474756241e-03,6.987377256155014038e-02,-3.747034072875976562e-02,8.368682861328125000e-02,1.000000000000000000e+00,1.248496845364570618e-01,5.517136305570602417e-02,-1.254158746451139450e-02,-5.776976700872182846e-03,-1.091699823737144470e-01,-1.344330795109272003e-02,0.000000000000000000e+00,0.000000000000000000e+00,8.560293167829513550e-02,-1.061527132987976074e-01,-1.343260556459426880e-01,-1.053942739963531494e-01,-1.475128680467605591e-01,-1.425734311342239380e-01,-1.308771129697561264e-02,1.593577414751052856e-01,0.000000000000000000e+00,-8.372090756893157959e-02,9.395311027765274048e-02,1.537354141473770142e-01,2.106489390134811401e-01,7.369517534971237183e-02,1.895917952060699463e-01,1.800392419099807739e-01,1.383329480886459351e-01,-6.506294757127761841e-02,-1.526053529232740402e-02,9.120800346136093140e-02,-7.704147603362798691e-03,1.883539371192455292e-02,7.777104526758193970e-02,9.499761462211608887e-02,0.000000000000000000e+00
-1.058500036597251892e-01,5.591098451986908913e-04,-2.130964957177639008e-02,4.071553796529769897e-02,-2.727858535945415497e-02,-1.553575228899717331e-02,-8.750686794519424438e-02,-1.343976706266403198e-01,-1.939670443534851074e-01,-1.913102157413959503e-02,-1.395958513021469116e-01,-1.568731735460460186e-03,-7.255192101001739502e-02,-8.536714315414428711e-02,1.248496845364570618e-01,1.000000000000000000e+00,-6.817194074392318726e-02,-1.980063505470752716e-02,-6.284692138433456421e-02,-1.102210432291030884e-01,-1.969644799828529358e-02,0.000000000000000000e+00,0.000000000000000000e+00,8.335351198911666870e-02,-1.524713039398193359e-01,-5.567277967929840088e-02,-5.096047371625900269e-02,-1.481056362390518188e-01,-4.781799763441085815e-02,-9.639955312013626099e-02,2.761483192443847656e-02,0.000000000000000000e+00,-7.905525714159011841e-02,1.627860590815544128e-02,2.015453130006790161e-01,1.566928625106811523e-01,-6.757365167140960693e-02,2.216853648424148560e-01,2.377984076738357544e-01,1.871964782476425171e-01,-4.394121095538139343e-02,4.482895508408546448e-02,-4.867560695856809616e-03,9.191126562654972076e-03,6.641878187656402588e-02,-3.537665761541575193e-04,8.530974388122558594e-02,0.000000000000000000e+00
-1.150049939751625061e-01,-9.497968107461929321e-02,5.338142067193984985e-02,1.300652772188186646e-01,-8.024432510137557983e-02,-3.565491735935211182e-02,2.113787680864334106e-01,2.502620220184326172e-02,3.309148922562599182e-02,-5.855340883135795593e-02,7.877256721258163452e-02,-1.153689343482255936e-02,-3.708968684077262878e-02,7.112046331167221069e-02,5.517136305570602417e-02,-6.817194074392318726e-02,1.000000000000000000e+00,-2.722551114857196808e-02,-2.391638420522212982e-02,-1.090940320864319801e-03,3.809076920151710510e-02,0.000000000000000000e+00,0.000000000000000000e+00,-1.273797005414962769e-01,3.369578346610069275e-02,1.706806756556034088e-02,-1.105138286948204041e-01,-9.980003535747528076e-02,-1.359143406152725220e-01,-2.857705950736999512e-02,-2.734385058283805847e-02,0.000000000000000000e+00,-1.374487727880477905e-01,-1.182563937618397176e-04,-1.387770380824804306e-02,-2.539155259728431702e-02,3.561950474977493286e-02,-2.310813218355178833e-02,-3.743363544344902039e-02,-1.448652893304824829e-01,-7.142199575901031494e-02,-1.438945328118279576e-04,5.514785647392272949e-02,-6.177137047052383423e-02,-2.784225344657897949e-02,-1.791537553071975708e-02,-4.718447849154472351e-02,0.000000000000000000e+00
1.695743203163146973e-02,-4.723114147782325745e-02,5.871472880244255066e-03,-3.321976587176322937e-02,-1.855208538472652435e-02,-6.115881726145744324e-02,-4.476172849535942078e-02,-2.013891562819480896e-02,-2.721980400383472443e-02,-5.075317621231079102e-02,-3.540452569723129272e-02,-5.377198383212089539e-02,1.494217943400144577e-02,-8.458098396658897400e-03,-1.254158746451139450e-02,-1.980063505470752716e-02,-2.722551114857196808e-02,1.000000000000000000e+00,7.330570835620164871e-03,1.151834335178136826e-02,-3.474765643477439880e-02,0.000000000000000000e+00,0.000000000000000000e+00,1.055107917636632919e-02,-5.591826513409614563e-02,2.568550035357475281e-02,-4.287315905094146729e-02,-1.657228358089923859e-02,-5.866828188300132751e-02,5.059415474534034729e-02,8.876188658177852631e-03,0.000000000000000000e+00,-1.603748463094234467e-02,-6.048320978879928589e-02,-6.281492859125137329e-02,-1.508568506687879562e-02,-3.182282298803329468e-02,-3.827358409762382507e-02,-3.875262662768363953e-02,6.418054457753896713e-03,-5.532127618789672852e-02,-2.338748984038829803e-02,2.676262333989143372e-02,-4.638404771685600281e-02,-2.167156897485256195e-02,4.709598608314990997e-03,1.224867813289165497e-02,0.000000000000000000e+00
1.469324529170989990e-01,9.719473868608474731e-02,-5.870074033737182617e-02,-6.130279600620269775e-02,1.379817575216293335e-01,1.243887543678283691e-01,-7.162717729806900024e-02,1.295249611139297485e-01,1.151292547583580017e-01,1.493692845106124878e-01,5.148909240961074829e-02,8.725353330373764038e-02,5.968441814184188843e-02,1.269749850034713745e-01,-5.776976700872182846e-03,-6.284692138433456421e-02,-2.391638420522212982e-02,7.330570835620164871e-03,1.000000000000000000e+00,-1.128192320466041565e-01,-7.315586507320404053e-02,0.000000000000000000e+00,0.000000000000000000e+00,-2.783016674220561981e-02,6.576056033372879028e-02,-1.036492139101028442e-01,1.292278766632080078e-01,1.520911008119583130e-01,1.049993187189102173e-01,-2.565148845314979553e-02,-3.457020223140716553e-02,0.000000000000000000e+00,1.709267050027847290e-01,8.206364512443542480e-02,-3.911813721060752869e-02,-3.884015232324600220e-02,1.417043805122375488e-01,-4.260309040546417236e-03,-5.184622853994369507e-02,-1.996867917478084564e-02,1.192799285054206848e-01,1.573132351040840149e-02,4.046061635017395020e-02,6.906647235155105591e-02,-1.227401383221149445e-02,1.024521589279174805e-01,4.982731863856315613e-02,0.000000000000000000e+00
-9.876062721014022827e-02,-4.660954698920249939e-02,2.722439356148242950e-02,-7.650718092918395996e-02,-1.209469512104988098e-01,-8.934345096349716187e-02,3.391863033175468445e-02,-2.074359729886054993e-02,2.418998815119266510e-02,4.527031851466745138e-04,-3.969399258494377136e-03,2.641715481877326965e-02,1.362208127975463867e-01,-1.386443339288234711e-02,-1.091699823737144470e-01,-1.102210432291030884e-01,-1.090940320864319801e-03,1.151834335178136826e-02,-1.128192320466041565e-01,1.000000000000000000e+00,5.429994314908981323e-02,0.000000000000000000e+00,0.000000000000000000e+00,7.834221422672271729e-02,5.657079815864562988e-02,6.951940804719924927e-02,-6.868230551481246948e-02,-5.876497179269790649e-02,-5.862246081233024597e-02,8.490549027919769287e-02,8.899750560522079468e-02,0.000000000000000000e+00,-8.153165876865386963e-02,-5.713738128542900085e-02,-5.338159576058387756e-02,1.324915140867233276e-02,-3.411365672945976257e-02,-1.035279035568237305e-01,-3.830366581678390503e-02,1.320729497820138931e-02,-6.296093761920928955e-02,-9.723777882754802704e-03,9.162952192127704620e-03,-6.091277673840522766e-02,4.141808673739433289e-02,-3.100679721683263779e-03,-5.548911914229393005e-02,0.000000000000000000e+00
-9.311338514089584351e-02,-6.789356470108032227e-02,9.810020029544830322e-02,5.045465007424354553e-02,-1.592129617929458618e-01,-8.836986869573593140e-02,1.160518154501914978e-01,-8.670584857463836670e-02,-1.130852401256561279e-01,-7.537050545215606689e-02,-7.862018048763275146e-02,-7.469657063484191895e-02,-1.531155854463577271e-01,-4.846360534429550171e-02,-1.344330795109272003e-02,-1.969644799828529358e-02,3.809076920151710510e-02,-3.474765643477439880e-02,-7.315586507320404053e-02,5.429994314908981323e-02,1.000000000000000000e+00,0.000000000000000000e+00,0.000000000000000000e+00,-5.766283348202705383e-02,-5.888564884662628174e-02,1.881934404373168945e-01,-6.365518271923065186e-02,-1.209999099373817444e-01,-1.092803776264190674e-01,1.457931399345397949e-01,3.746691346168518066e-02,0.000000000000000000e+00,-1.842704117298126221e-01,-4.516140744090080261e-02,1.385164707899093628e-01,5.322735011577606201e-02,-8.961798995733261108e-02,9.038716554641723633e-02,1.055094972252845764e-01,-1.104653179645538330e-01,-1.667960286140441895e-01,5.726915597915649414e-02,9.390786290168762207e-02,-1.774227246642112732e-02,1.410078704357147217e-01,3.727577626705169678e-02,-6.950757652521133423e-02,0.000000000000000000e+00
0.000000000000000000e+00,0.000000000000000000e+00,0.000000000000000000e+00,0.000000000000000000e+00,0.000000000000000000e+00,0.000000000000000000e+00,0.000000000000000000e+00,0.000000000000000000e+00,0.000000000000000000e+00,0.000000000000000000e+00,0.000000000000000000e+00,0.000000000000000000e+00,0.000000000000000000e+00,0.000000000000000000e+00,0.000000000000000000e+00,0.000000000000000000e+00,0.000000000000000000e+00,0.000000000000000000e+00,0.000000000000000000e+00,0.000000000000000000e+00,0.000000000000000000e+00,1.000000000000000000e+00,0.000000000000000000e+00,0.000000000000000000e+00,0.000000000000000000e+00,0.000000000000000000e+00,0.000000000000000000e+00,0.000000000000000000e+00,0.000000000000000000e+00,0.000000000000000000e+00,0.000000000000000000e+00,0.000000000000000000e+00,0.000000000000000000e+00,0.000000000000000000e+00,0.000000000000000000e+00,0.000000000000000000e+00,0.000000000000000000e+00,0.000000000000000000e+00,0.000000000000000000e+00,0.000000000000000000e+00,0.000000000000000000e+00,0.000000000000000000e+00,0.000000000000000000e+00,0.000000000000000000e+00,0.000000000000000000e+00,0.000000000000000000e+00,0.000000000000000000e+00,0.000000000000000000e+00
0.000000000000000000e+00,0.000000000000000000e+00,0.000000000000000000e+00,0.000000000000000000e+00,0.000000000000000000e+00,0.000000000000000000e+00,0.000000000000000000e+00,0.000000000000000000e+00,0.000000000000000000e+00,0.000000000000000000e+00,0.000000000000000000e+00,0.000000000000000000e+00,0.000000000000000000e+00,0.000000000000000000e+00,0.000000000000000000e+00,0.000000000000000000e+00,0.000000000000000000e+00,0.000000000000000000e+00,0.000000000000000000e+00,0.000000000000000000e+00,0.000000000000000000e+00,0.000000000000000000e+00,1.000000000000000000e+00,0.000000000000000000e+00,0.000000000000000000e+00,0.000000000000000000e+00,0.000000000000000000e+00,0.000000000000000000e+00,0.000000000000000000e+00,0.000000000000000000e+00,0.000000000000000000e+00,0.000000000000000000e+00,0.000000000000000000e+00,0.000000000000000000e+00,0.000000000000000000e+00,0.000000000000000000e+00,0.000000000000000000e+00,0.000000000000000000e+00,0.000000000000000000e+00,0.000000000000000000e+00,0.000000000000000000e+00,0.000000000000000000e+00,0.000000000000000000e+00,0.000000000000000000e+00,0.000000000000000000e+00,0.000000000000000000e+00,0.000000000000000000e+00,0.000000000000000000e+00
-6.349931657314300537e-02,-1.458251010626554489e-02,-6.547109037637710571e-02,-1.335160583257675171e-01,-3.526913374662399292e-02,-7.040625810623168945e-02,-2.089337557554244995e-01,-6.140036508440971375e-02,-5.571613833308219910e-02,8.495365828275680542e-02,-7.289000600576400757e-02,9.433133900165557861e-02,1.848981529474258423e-01,-3.887869417667388916e-02,8.560293167829513550e-02,8.335351198911666870e-02,-1.273797005414962769e-01,1.055107917636632919e-02,-2.783016674220561981e-02,7.834221422672271729e-02,-5.766283348202705383e-02,0.000000000000000000e+00,0.000000000000000000e+00,1.000000000000000000e+00,-2.696192264556884766e-02,-1.547693312168121338e-01,-6.508693099021911621e-02,-4.181607440114021301e-02,-4.229274764657020569e-02,-4.208477586507797241e-02,2.295754253864288330e-01,0.000000000000000000e+00,7.799961604177951813e-03,6.179558858275413513e-02,5.698871985077857971e-02,1.965596973896026611e-01,7.311365753412246704e-02,8.092950284481048584e-02,1.412258744239807129e-01,2.610731124877929688e-01,-1.339383656159043312e-03,-5.033176392316818237e-02,3.599869832396507263e-02,-2.308022603392601013e-02,8.012496866285800934e-03,9.405033290386199951e-02,1.921034008264541626e-01,0.000000000000000000e+00
1.214130818843841553e-01,3.257846459746360779e-02,-1.344460099935531616e-01,-1.208437830209732056e-01,9.937715530395507812e-02,5.508539080619812012e-02,-4.288036841899156570e-03,1.571331024169921875e-01,1.962468028068542480e-01,1.109409183263778687e-01,1.635650992393493652e-01,1.456608623266220093e-01,9.303545951843261719e-02,2.653796039521694183e-02,-1.061527132987976074e-01,-1.524713039398193359e-01,3.369578346610069275e-02,-5.591826513409614563e-02,6.576056033372879028e-02,5.657079815864562988e-02,-5.888564884662628174e-02,0.000000000000000000e+00,0.000000000000000000e+00,-2.696192264556884766e-02,1.000000000000000000e+00,-8.329459279775619507e-02,1.655081957578659058e-01,2.103834748268127441e-01,8.922097086906433105e-02,-7.781066000461578369e-02,-4.339205473661422729e-02,0.000000000000000000e+00,1.679420769214630127e-01,2.857138216495513916e-02,-1.801864355802536011e-01,-9.932217746973037720e-02,9.580549597740173340e-02,-1.806165874004364014e-01,-1.603485643863677979e-01,-9.104078263044357300e-02,1.427790373563766479e-01,-5.047191306948661804e-02,-6.742736697196960449e-02,8.052715100347995758e-03,-1.127691566944122314e-01,-2.053810842335224152e-02,-4.983237013220787048e-02,0.000000000000000000e+00
-9.106548130512237549e-02,-9.139202535152435303e-03,2.136336117982864380e-01,1.474508196115493774e-01,-1.340293884277343750e-01,-3.644764423370361328e-02,2.190562784671783447e-01,-8.582510054111480713e-02,-7.577679306268692017e-02,-7.530271261930465698e-02,-1.021399497985839844e-01,-8.829269558191299438e-02,-1.647238284349441528e-01,-6.393573433160781860e-02,-1.343260556459426880e-01,-5.567277967929840088e-02,1.706806756556034088e-02,2.568550035357475281e-02,-1.036492139101028442e-01,6.951940804719924927e-02,1.881934404373168945e-01,0.000000000000000000e+00,0.000000000000000000e+00,-1.547693312168121338e-01,-8.329459279775619507e-02,1.000000000000000000e+00,-2.140351384878158569e-02,-8.976142108440399170e-02,-1.499124336987733841e-02,2.017369568347930908e-01,-7.750861346721649170e-02,0.000000000000000000e+00,-1.530265063047409058e-01,-6.727890670299530029e-02,7.078769057989120483e-02,-9.881906956434249878e-02,-1.334542185068130493e-01,2.077760919928550720e-02,-1.808763667941093445e-02,-1.639431267976760864e-01,-1.233554854989051819e-01,1.099717244505882263e-01,7.619148492813110352e-02,2.556697651743888855e-02,1.592768728733062744e-01,1.585397683084011078e-02,-1.139719188213348389e-01,0.000000000000000000e+00
1.521383225917816162e-01,2.637481093406677246e-01,-1.320310235023498535e-01,-5.344773828983306885e-02,2.571074366569519043e-01,2.722066044807434082e-01,3.222387656569480896e-02,2.255829125642776489e-01,1.993782967329025269e-01,1.875355094671249390e-01,1.122127100825309753e-01,9.357536584138870239e-02,2.494516968727111816e-02,9.881266951560974121e-02,-1.053942739963531494e-01,-5.096047371625900269e-02,-1.105138286948204041e-01,-4.287315905094146729e-02,1.292278766632080078e-01,-6.868230551481246948e-02,-6.365518271923065186e-02,0.000000000000000000e+00,0.000000000000000000e+00,-6.508693099021911621e-02,1.655081957578659058e-01,-2.140351384878158569e-02,1.000000000000000000e+00,2.218409329652786255e-01,2.762736678123474121e-01,5.094386171549558640e-03,-9.818518161773681641e-02,0.000000000000000000e+00,2.597846686840057373e-01,1.841795891523361206e-01,-2.897693589329719543e-02,-1.899927854537963867e-01,1.632178723812103271e-01,-3.914823755621910095e-03,-1.538400501012802124e-01,-1.046779826283454895e-01,2.704497277736663818e-01,1.664121448993682861e-01,6.034016842022538185e-04,2.368500232696533203e-01,7.244737446308135986e-02,6.771574914455413818e-02,-3.102954104542732239e-02,0.000000000000000000e+00
3.083242774009704590e-01,1.099493056535720825e-01,-5.863020196557044983e-02,-5.743814259767532349e-02,2.220290303230285645e-01,1.403761804103851318e-01,-8.684431761503219604e-02,1.400730162858963013e-01,1.764371991157531738e-01,1.099725440144538879e-01,8.151401579380035400e-02,2.405773289501667023e-02,7.876668125391006470e-02,2.571904286742210388e-02,-1.475128680467605591e-01,-1.481056362390518188e-01,-9.980003535747528076e-02,-1.657228358089923859e-02,1.520911008119583130e-01,-5.876497179269790649e-02,-1.209999099373817444e-01,0.000000000000000000e+00,0.000000000000000000e+00,-4.181607440114021301e-02,2.103834748268127441e-01,-8.976142108440399170e-02,2.218409329652786255e-01,1.000000000000000000e+00,2.525936067104339600e-01,-5.880809947848320007e-02,-1.047399416565895081e-01,0.000000000000000000e+00,2.936504185199737549e-01,1.715323701500892639e-02,-2.116036415100097656e-01,-1.703134775161743164e-01,7.479334622621536255e-02,-1.843894422054290771e-01,-2.117153406143188477e-01,-6.929582357406616211e-02,2.116818875074386597e-01,-7.471485435962677002e-02,-1.175260096788406372e-01,5.928927287459373474e-02,-1.494209915399551392e-01,-2.876893617212772369e-02,1.400382444262504578e-02,0.000000000000000000e+00
1.798319816589355469e-01,2.732926309108734131e-01,-4.873289540410041809e-02,5.229813978075981140e-03,2.742212712764739990e-01,2.794039547443389893e-01,2.159822359681129456e-02,1.537754535675048828e-01,1.857656389474868774e-01,1.723785102367401123e-01,7.483560591936111450e-02,5.178738385438919067e-02,5.397438630461692810e-02,4.890822619199752808e-02,-1.425734311342239380e-01,-4.781799763441085815e-02,-1.359143406152725220e-01,-5.866828188300132751e-02,1.049993187189102173e-01,-5.862246081233024597e-02,-1.092803776264190674e-01,0.000000000000000000e+00,0.000000000000000000e+00,-4.229274764657020569e-02,8.922097086906433105e-02,-1.499124336987733841e-02,2.762736678123474121e-01,2.525936067104339600e-01,1.000000000000000000e+00,1.090849284082651138e-02,-1.385140120983123779e-01,0.000000000000000000e+00,2.761530876159667969e-01,1.500316262245178223e-01,-5.325949937105178833e-02,-1.996657550334930420e-01,1.052495315670967102e-01,-3.270670771598815918e-02,-1.655670106410980225e-01,-5.165506154298782349e-02,2.821644842624664307e-01,1.292473226785659790e-01,-7.083323597908020020e-02,2.361534684896469116e-01,2.898618020117282867e-02,7.480870466679334641e-03,-8.689077571034431458e-03,0.000000000000000000e+00
-8.384574949741363525e-02,5.550662800669670105e-02,3.162987157702445984e-02,-5.858798697590827942e-02,-9.605131298303604126e-02,-7.526587229222059250e-03,1.305553615093231201e-01,-2.202767506241798401e-02,1.592630753293633461e-03,5.505174770951271057e-02,-7.803533971309661865e-02,1.666790992021560669e-02,-8.175611495971679688e-02,8.321430534124374390e-02,-1.308771129697561264e-02,-9.639955312013626099e-02,-2.857705950736999512e-02,5.059415474534034729e-02,-2.565148845314979553e-02,8.490549027919769287e-02,1.457931399345397949e-01,0.000000000000000000e+00,0.000000000000000000e+00,-4.208477586507797241e-02,-7.781066000461578369e-02,2.017369568347930908e-01,5.094386171549558640e-03,-5.880809947848320007e-02,1.090849284082651138e-02,1.000000000000000000e+00,8.195467293262481689e-02,0.000000000000000000e+00,-7.953320443630218506e-02,3.396586328744888306e-02,9.012956917285919189e-02,-9.583855979144573212e-03,-2.391799353063106537e-03,6.269946694374084473e-02,-3.978268709033727646e-03,-9.149785339832305908e-02,-8.090624958276748657e-02,1.403035968542098999e-01,1.864413917064666748e-01,9.567520022392272949e-02,1.927237361669540405e-01,1.348774880170822144e-01,-7.807666435837745667e-03,0.000000000000000000e+00
-1.211030632257461548e-01,-8.859964460134506226e-02,-7.298570871353149414e-02,-1.326854974031448364e-01,-1.330838054418563843e-01,-1.272265315055847168e-01,-9.912786632776260376e-02,-4.652885720133781433e-02,-7.485627382993698120e-02,5.993656814098358154e-02,-7.648906856775283813e-02,7.179526984691619873e-02,7.260005921125411987e-02,4.475644975900650024e-02,1.593577414751052856e-01,2.761483192443847656e-02,-2.734385058283805847e-02,8.876188658177852631e-03,-3.457020223140716553e-02,8.899750560522079468e-02,3.746691346168518066e-02,0.000000000000000000e+00,0.000000000000000000e+00,2.295754253864288330e-01,-4.339205473661422729e-02,-7.750861346721649170e-02,-9.818518161773681641e-02,-1.047399416565895081e-01,-1.385140120983123779e-01,8.195467293262481689e-02,1.000000000000000000e+00,0.000000000000000000e+00,-9.835311025381088257e-02,4.627199843525886536e-02,1.001732945442199707e-01,2.206126600503921509e-01,7.517911493778228760e-02,1.134518533945083618e-01,1.486163884401321411e-01,1.416779607534408569e-01,-1.171127036213874817e-01,-3.296795859932899475e-02,1.975899040699005127e-01,-5.547236651182174683e-02,8.202694356441497803e-02,2.039699703454971313e-01,1.928666085004806519e-01,0.000000000000000000e+00
0.000000000000000000e+00,0.000000000000000000e+00,0.000000000000000000e+00,0.000000000000000000e+00,0.000000000000000000e+00,0.000000000000000000e+00,0.000000000000000000e+00,0.000000000000000000e+00,0.000000000000000000e+00,0.000000000000000000e+00,0.000000000000000000e+00,0.000000000000000000e+00,0.000000000000000000e+00,0.000000000000000000e+00,0.000000000000000000e+00,0.000000000000000000e+00,0.000000000000000000e+00,0.000000000000000000e+00,0.000000000000000000e+00,0.000000000000000000e+00,0.000000000000000000e+00,0.000000000000000000e+00,0.000000000000000000e+00,0.000000000000000000e+00,0.000000000000000000e+00,0.000000000000000000e+00,0.000000000000000000e+00,0.000000000000000000e+00,0.000000000000000000e+00,0.000000000000000000e+00,0.000000000000000000e+00,1.000000000000000000e+00,0.000000000000000000e+00,0.000000000000000000e+00,0.000000000000000000e+00,0.000000000000000000e+00,0.000000000000000000e+00,0.000000000000000000e+00,0.000000000000000000e+00,0.000000000000000000e+00,0.000000000000000000e+00,0.000000000000000000e+00,0.000000000000000000e+00,0.000000000000000000e+00,0.000000000000000000e+00,0.000000000000000000e+00,0.000000000000000000e+00,0.000000000000000000e+00
