1.000000000000000000e+00,4.741975367069244385e-01,2.538214921951293945e-01,4.112550020217895508e-01,4.170612692832946777e-01,4.399128258228302002e-01,2.182757556438446045e-01,-3.666088450700044632e-03,3.430275321006774902e-01,3.331392630934715271e-02,-2.929370701313018799e-01,-2.498692423105239868e-01,2.755982242524623871e-02,-4.652811884880065918e-01,-3.416230082511901855e-01,1.882815808057785034e-01,2.284279763698577881e-01,2.013952136039733887e-01,1.859288662672042847e-01,1.170661374926567078e-01,1.067446619272232056e-01,0.000000000000000000e+00,0.000000000000000000e+00,-1.636316031217575073e-01,-7.774260640144348145e-02,-2.047946155071258545e-01,9.297927469015121460e-02,5.329377055168151855e-01,3.038238286972045898e-01,-4.282515048980712891e-01,-3.726788759231567383e-01,0.000000000000000000e+00,3.289779722690582275e-01,-3.730520009994506836e-01,9.918292053043842316e-03,-3.795477449893951416e-01,-2.806811630725860596e-01,-4.341999292373657227e-01,-3.480014503002166748e-01,6.593806296586990356e-02,5.946395397186279297e-01,5.080810189247131348e-01,1.961666643619537354e-01,5.174466371536254883e-01,5.222917199134826660e-01,1.961889863014221191e-01,6.655912101268768311e-02,0.000000000000000000e+00
4.741975367069244385e-01,1.000000000000000000e+00,3.449317514896392822e-01,4.354167282581329346e-01,2.586733549833297729e-02,1.742663383483886719e-01,-5.009631067514419556e-02,-1.611704826354980469e-01,2.106939554214477539e-01,2.015985399484634399e-01,-3.778443336486816406e-01,2.530494518578052521e-02,1.021581888198852539e-01,-5.329841971397399902e-01,-4.721360802650451660e-01,2.141081392765045166e-01,1.849605739116668701e-01,1.384203284978866577e-01,3.242267966270446777e-01,2.818395793437957764e-01,-3.042397089302539825e-02,0.000000000000000000e+00,0.000000000000000000e+00,5.524127557873725891e-02,-2.159017473459243774e-01,-5.278996825218200684e-01,1.598317325115203857e-01,4.241106212139129639e-01,3.478789031505584717e-01,-6.827669143676757812e-01,-3.104853630065917969e-01,0.000000000000000000e+00,2.544161677360534668e-01,-3.287010490894317627e-01,1.179540231823921204e-01,-4.012911021709442139e-02,6.488780491054058075e-03,-5.506397485733032227e-01,-1.009738221764564514e-01,3.467907905578613281e-01,3.936592638492584229e-01,6.195028424263000488e-01,3.663106858730316162e-01,4.244927465915679932e-01,5.640026330947875977e-01,5.518797636032104492e-01,1.852514296770095825e-01,0.000000000000000000e+00
2.538214921951293945e-01,3.449317514896392822e-01,1.000000000000000000e+00,7.348731756210327148e-01,1.056802123785018921e-01,9.134175628423690796e-02,3.137358129024505615e-01,-5.405568704009056091e-02,6.975204683840274811e-03,-1.050602421164512634e-01,-2.132571488618850708e-01,-2.584300339221954346e-01,-1.070891544222831726e-01,-3.192961513996124268e-01,-4.793924987316131592e-01,-1.217230260372161865e-01,4.286757707595825195e-01,1.676837801933288574e-01,3.015121817588806152e-01,4.192667454481124878e-02,1.980509608983993530e-01,0.000000000000000000e+00,0.000000000000000000e+00,9.625136735849082470e-04,-1.413642168045043945e-01,3.405898809432983398e-02,-8.939546346664428711e-02,4.709275662899017334e-01,2.803105115890502930e-01,-2.956390082836151123e-01,-1.693131327629089355e-01,0.000000000000000000e+00,-1.804489940404891968e-01,-3.301407992839813232e-01,9.282385557889938354e-02,-3.539606928825378418e-02,-2.262480258941650391e-01,-4.324601888656616211e-01,-1.671996116638183594e-01,2.757082879543304443e-01,1.680514663457870483e-01,2.225078493356704712e-01,2.225804328918457031e-01,1.423830091953277588e-01,3.556096255779266357e-01,1.416899412870407104e-01,2.141931354999542236e-01,0.000000000000000000e+00
4.112550020217895508e-01,4.354167282581329346e-01,7.348731756210327148e-01,1.000000000000000000e+00,2.690544128417968750e-01,3.380669057369232178e-01,5.496816039085388184e-01,-1.099383551627397537e-02,1.567261070013046265e-01,9.031155146658420563e-03,-1.703122854232788086e-01,-2.254508882761001587e-01,6.743903458118438721e-02,-5.524660348892211914e-01,-5.601995587348937988e-01,-8.282629400491714478e-02,6.645974516868591309e-01,1.972939670085906982e-01,4.667091071605682373e-01,1.978636234998703003e-01,2.137227654457092285e-01,0.000000000000000000e+00,0.000000000000000000e+00,8.379917591810226440e-02,2.870930172502994537e-02,-7.991521805524826050e-02,5.628119036555290222e-02,6.762164235115051270e-01,5.984058380126953125e-01,-4.341203272342681885e-01,-2.285323441028594971e-01,0.000000000000000000e+00,-3.691394813358783722e-03,-5.016991496086120605e-01,-6.402479112148284912e-02,-1.675487160682678223e-01,-3.211219906806945801e-01,-6.423575878143310547e-01,-3.454576134681701660e-01,1.956586688756942749e-01,2.688925862312316895e-01,3.442289829254150391e-01,3.750949800014495850e-01,3.478173017501831055e-01,4.389372766017913818e-01,2.672182619571685791e-01,2.710534632205963135e-01,0.000000000000000000e+00
4.170612692832946777e-01,2.586733549833297729e-02,1.056802123785018921e-01,2.690544128417968750e-01,1.000000000000000000e+00,7.534893751144409180e-01,6.244323849678039551e-01,-6.197983771562576294e-02,2.046259045600891113e-01,-1.828556805849075317e-01,-1.413592100143432617e-01,-3.274315893650054932e-01,-8.813291788101196289e-02,-2.041230052709579468e-01,-3.009253181517124176e-02,-1.342343818396329880e-02,2.271298468112945557e-01,1.598131507635116577e-01,-1.096126064658164978e-01,-1.065232381224632263e-01,1.478582620620727539e-01,0.000000000000000000e+00,0.000000000000000000e+00,-3.634098470211029053e-01,-9.089057147502899170e-02,3.859790265560150146e-01,5.361328646540641785e-02,1.431778073310852051e-01,7.168283313512802124e-02,1.518200710415840149e-02,-3.717566728591918945e-01,0.000000000000000000e+00,2.167585939168930054e-01,-1.230081990361213684e-01,-5.851463228464126587e-02,-5.467002391815185547e-01,-4.255910217761993408e-01,-2.258418202400207520e-01,-4.896436035633087158e-01,-1.904236972332000732e-01,6.722796559333801270e-01,2.952932715415954590e-01,-2.272499203681945801e-01,3.690959513187408447e-01,1.282361596822738647e-01,-2.262672334909439087e-01,-1.816958002746105194e-02,0.000000000000000000e+00
4.399128258228302002e-01,1.742663383483886719e-01,9.134175628423690796e-02,3.380669057369232178e-01,7.534893751144409180e-01,1.000000000000000000e+00,6.405519843101501465e-01,7.839311659336090088e-02,5.391449928283691406e-01,1.478600800037384033e-01,-5.027175694704055786e-02,-1.816630512475967407e-01,2.775264084339141846e-01,-3.792733252048492432e-01,-7.133668661117553711e-02,9.426053613424301147e-03,3.436857461929321289e-01,3.331473097205162048e-02,1.564298570156097412e-01,2.838721871376037598e-01,-1.726600825786590576e-01,0.000000000000000000e+00,0.000000000000000000e+00,-1.714152097702026367e-01,-1.108088344335556030e-01,3.331902921199798584e-01,9.536254405975341797e-02,2.640073597431182861e-01,2.460208088159561157e-01,-7.677892595529556274e-02,-1.663424521684646606e-01,0.000000000000000000e+00,3.887471556663513184e-01,-3.430353105068206787e-01,-2.500926852226257324e-01,-4.747507572174072266e-01,-5.960746407508850098e-01,-3.712096810340881348e-01,-4.887490868568420410e-01,-3.477893471717834473e-01,7.070783376693725586e-01,5.038171410560607910e-01,5.884635448455810547e-02,5.673216581344604492e-01,1.255654394626617432e-01,1.512964628636837006e-02,2.528163790702819824e-02,0.000000000000000000e+00
2.182757556438446045e-01,-5.009631067514419556e-02,3.137358129024505615e-01,5.496816039085388184e-01,6.244323849678039551e-01,6.405519843101501465e-01,1.000000000000000000e+00,7.907067984342575073e-02,2.097379267215728760e-01,-1.161053851246833801e-01,-7.807361334562301636e-02,-3.605439960956573486e-01,8.561813086271286011e-02,-3.752419352531433105e-01,-2.844921350479125977e-01,-1.699956953525543213e-01,6.604596972465515137e-01,1.312103569507598877e-01,2.186400443315505981e-01,5.203076824545860291e-02,1.825997084379196167e-01,0.000000000000000000e+00,0.000000000000000000e+00,-1.825146824121475220e-01,8.176448196172714233e-02,4.464781284332275391e-01,-4.161381721496582031e-02,3.685898482799530029e-01,3.572777509689331055e-01,7.176103442907333374e-02,-1.787690073251724243e-01,0.000000000000000000e+00,1.298382785171270370e-02,-3.178456723690032959e-01,-1.983456015586853027e-01,-4.253373444080352783e-01,-5.600879788398742676e-01,-4.406908750534057617e-01,-5.852969884872436523e-01,-2.500262558460235596e-01,3.150217831134796143e-01,1.117339655756950378e-01,1.529611274600028992e-02,2.973027527332305908e-01,1.156317144632339478e-01,-1.613184511661529541e-01,1.342077851295471191e-01,0.000000000000000000e+00
-3.666088450700044632e-03,-1.611704826354980469e-01,-5.405568704009056091e-02,-1.099383551627397537e-02,-6.197983771562576294e-02,7.839311659336090088e-02,7.907067984342575073e-02,1.000000000000000000e+00,3.807283639907836914e-01,2.310386300086975098e-01,5.376837849617004395e-01,1.505191028118133545e-01,4.631606638431549072e-01,-2.450448572635650635e-01,-7.345359027385711670e-02,1.353624612092971802e-01,2.376777082681655884e-01,-2.139008641242980957e-01,3.620133399963378906e-01,3.624020814895629883e-01,-1.414301544427871704e-01,0.000000000000000000e+00,0.000000000000000000e+00,3.521599769592285156e-01,4.869277179241180420e-01,-5.621192604303359985e-02,4.586350545287132263e-02,2.480563968420028687e-01,1.665317565202713013e-01,9.275431931018829346e-02,4.116179049015045166e-01,0.000000000000000000e+00,2.795509397983551025e-01,-2.559857964515686035e-01,-2.591542005538940430e-01,7.425390928983688354e-02,-1.868676543235778809e-01,-4.233732074499130249e-02,1.616294495761394501e-02,-3.269712924957275391e-01,-7.924391329288482666e-02,1.022511813789606094e-02,1.828990727663040161e-01,7.538383454084396362e-02,-1.930639445781707764e-01,7.456525415182113647e-02,1.129621639847755432e-01,0.000000000000000000e+00
3.430275321006774902e-01,2.106939554214477539e-01,6.975204683840274811e-03,1.567261070013046265e-01,2.046259045600891113e-01,5.391449928283691406e-01,2.097379267215728760e-01,3.807283639907836914e-01,1.000000000000000000e+00,6.428990960121154785e-01,3.150925040245056152e-01,2.917109429836273193e-01,6.460106372833251953e-01,-3.916632235050201416e-01,1.542874984443187714e-02,1.092320680618286133e-01,3.205597996711730957e-01,-2.287935316562652588e-01,4.351000487804412842e-01,6.319695711135864258e-01,-4.426717460155487061e-01,0.000000000000000000e+00,0.000000000000000000e+00,3.281272053718566895e-01,9.523696452379226685e-02,-3.142778575420379639e-02,-5.079220514744520187e-03,3.469753861427307129e-01,3.093691766262054443e-01,-1.969541013240814209e-01,3.328785896301269531e-01,0.000000000000000000e+00,4.983419179916381836e-01,-4.675842523574829102e-01,-3.824536204338073730e-01,-8.923156559467315674e-02,-4.599507153034210205e-01,-3.053224086761474609e-01,-6.309438496828079224e-02,-1.471842676401138306e-01,4.524997472763061523e-01,5.380006432533264160e-01,4.258944988250732422e-01,6.590730547904968262e-01,6.608368456363677979e-02,4.643239676952362061e-01,1.251885741949081421e-01,0.000000000000000000e+00
3.331392630934715271e-02,2.015985399484634399e-01,-1.050602421164512634e-01,9.031155146658420563e-03,-1.828556805849075317e-01,1.478600800037384033e-01,-1.161053851246833801e-01,2.310386300086975098e-01,6.428990960121154785e-01,1.000000000000000000e+00,4.792979061603546143e-01,7.176979780197143555e-01,7.444103360176086426e-01,-2.066796869039535522e-01,2.119762301445007324e-01,1.582425981760025024e-01,1.868759989738464355e-01,-4.507612884044647217e-01,5.304036140441894531e-01,7.066994309425354004e-01,-6.039807200431823730e-01,0.000000000000000000e+00,0.000000000000000000e+00,6.300158500671386719e-01,2.641132175922393799e-01,-2.441341429948806763e-01,6.605582684278488159e-02,2.043013870716094971e-01,3.659253120422363281e-01,-2.566160857677459717e-01,5.665171742439270020e-01,0.000000000000000000e+00,4.426921606063842773e-01,-3.778804540634155273e-01,-5.231999158859252930e-01,1.686646044254302979e-01,-8.599267899990081787e-02,-1.649703532457351685e-01,2.837769985198974609e-01,-1.244856859557330608e-03,1.693826019763946533e-01,4.833261072635650635e-01,5.747098922729492188e-01,3.882026672363281250e-01,-5.521554499864578247e-02,7.170782089233398438e-01,2.175313234329223633e-01,0.000000000000000000e+00
-2.929370701313018799e-01,-3.778443038463592529e-01,-2.132571488618850708e-01,-1.703122705221176147e-01,-1.413592100143432617e-01,-5.027175694704055786e-02,-7.807361334562301636e-02,5.376837849617004395e-01,3.150925338268280029e-01,4.792979061603546143e-01,1.000000000000000000e+00,5.793865323066711426e-01,5.449702143669128418e-01,6.787563115358352661e-02,3.967337310314178467e-01,1.644744724035263062e-01,7.577448338270187378e-02,-5.017885565757751465e-01,2.538625597953796387e-01,3.407950401306152344e-01,-3.804432451725006104e-01,0.000000000000000000e+00,0.000000000000000000e+00,5.829954147338867188e-01,5.445848703384399414e-01,-3.825191408395767212e-02,9.180778264999389648e-02,-1.803706772625446320e-02,1.173566952347755432e-01,1.380042284727096558e-01,6.882699131965637207e-01,0.000000000000000000e+00,2.818416357040405273e-01,-1.387077420949935913e-01,-4.371175765991210938e-01,2.465680241584777832e-01,-9.087642654776573181e-03,2.099811434745788574e-01,3.816534578800201416e-01,-2.014461606740951538e-01,-1.354877650737762451e-01,-1.619120500981807709e-02,1.952700912952423096e-01,-1.328366994857788086e-01,-5.019232034683227539e-01,2.206579893827438354e-01,1.107394918799400330e-01,0.000000000000000000e+00
-2.498692423105239868e-01,2.530494518578052521e-02,-2.584300339221954346e-01,-2.254508882761001587e-01,-3.274315893650054932e-01,-1.816630512475967407e-01,-3.605439960956573486e-01,1.505191028118133545e-01,2.917109429836273193e-01,7.176979780197143555e-01,5.793865323066711426e-01,1.000000000000000000e+00,4.872824251651763916e-01,8.339402824640274048e-02,4.941971004009246826e-01,2.418330609798431396e-01,-1.468892842531204224e-01,-6.285524368286132812e-01,2.093037962913513184e-01,3.717040419578552246e-01,-5.201056003570556641e-01,0.000000000000000000e+00,0.000000000000000000e+00,5.693068504333496094e-01,2.760187983512878418e-01,-3.186347484588623047e-01,1.798071414232254028e-01,-1.003965958952903748e-01,7.387543469667434692e-02,-3.799435868859291077e-02,6.366963386535644531e-01,0.000000000000000000e+00,3.314292728900909424e-01,5.486613372340798378e-04,-2.639955878257751465e-01,4.541933238506317139e-01,2.630873322486877441e-01,2.530246675014495850e-01,6.406779289245605469e-01,1.093871071934700012e-01,-8.255923539400100708e-02,2.445702403783798218e-01,2.730093002319335938e-01,-3.391884732991456985e-03,-3.184030055999755859e-01,5.442615747451782227e-01,1.545245200395584106e-01,0.000000000000000000e+00
2.755982242524623871e-02,1.021581888198852539e-01,-1.070891469717025757e-01,6.743903458118438721e-02,-8.813291788101196289e-02,2.775264084339141846e-01,8.561812341213226318e-02,4.631606638431549072e-01,6.460106968879699707e-01,7.444103360176086426e-01,5.449702143669128418e-01,4.872824251651763916e-01,1.000000000000000000e+00,-3.498702645301818848e-01,6.507410109043121338e-02,1.253139227628707886e-01,3.538629114627838135e-01,-4.381489455699920654e-01,6.205767393112182617e-01,7.516649365425109863e-01,-6.058927774429321289e-01,0.000000000000000000e+00,0.000000000000000000e+00,5.744220018386840820e-01,4.200466275215148926e-01,-1.264886260032653809e-01,1.027392074465751648e-01,2.914428412914276123e-01,4.858274757862091064e-01,-2.355320006608963013e-01,5.217286348342895508e-01,0.000000000000000000e+00,4.727935791015625000e-01,-4.684206843376159668e-01,-6.012426614761352539e-01,1.211200803518295288e-01,-2.366109043359756470e-01,-2.724801301956176758e-01,1.142862364649772644e-01,-2.154582887887954712e-01,1.064553856849670410e-01,3.675203323364257812e-01,5.416143536567687988e-01,2.823846042156219482e-01,-2.227594703435897827e-01,5.239921212196350098e-01,3.101095855236053467e-01,0.000000000000000000e+00
-4.652811884880065918e-01,-5.329841971397399902e-01,-3.192961513996124268e-01,-5.524660348892211914e-01,-2.041230052709579468e-01,-3.792733252048492432e-01,-3.752419352531433105e-01,-2.450448572635650635e-01,-3.916632235050201416e-01,-2.066796869039535522e-01,6.787563115358352661e-02,8.339402824640274048e-02,-3.498702645301818848e-01,1.000000000000000000e+00,5.692613720893859863e-01,-1.607286036014556885e-01,-6.584503650665283203e-01,-1.062745898962020874e-01,-6.312124133110046387e-01,-3.751696348190307617e-01,-1.799337007105350494e-02,0.000000000000000000e+00,0.000000000000000000e+00,-1.913527995347976685e-01,-1.870478838682174683e-01,3.375836312770843506e-01,-2.932961285114288330e-02,-6.371963620185852051e-01,-5.552068352699279785e-01,5.502128601074218750e-01,1.467285752296447754e-01,0.000000000000000000e+00,-2.173915952444076538e-01,6.199793219566345215e-01,1.639367192983627319e-01,1.582107841968536377e-01,3.425014019012451172e-01,6.711908578872680664e-01,2.799007594585418701e-01,-2.527677640318870544e-02,-3.512311279773712158e-01,-4.156915545463562012e-01,-3.800009489059448242e-01,-4.081995487213134766e-01,-3.232112526893615723e-01,-4.129468500614166260e-01,-3.522468507289886475e-01,0.000000000000000000e+00
-3.416230082511901855e-01,-4.721360802650451660e-01,-4.793924987316131592e-01,-5.601995587348937988e-01,-3.009253367781639099e-02,-7.133668661117553711e-02,-2.844921648502349854e-01,-7.345359772443771362e-02,1.542874984443187714e-02,2.119762450456619263e-01,3.967337310314178467e-01,4.941971004009246826e-01,6.507410109043121338e-02,5.692613720893859863e-01,1.000000000000000000e+00,1.239823922514915466e-02,-5.455375313758850098e-01,-4.549962282180786133e-01,-3.823686540126800537e-01,-5.957860127091407776e-02,-4.660218954086303711e-01,0.000000000000000000e+00,0.000000000000000000e+00,2.035634405910968781e-02,1.437406335026025772e-02,2.354534417390823364e-01,1.262539476156234741e-01,-5.880941152572631836e-01,-4.011811614036560059e-01,4.619615077972412109e-01,4.337237775325775146e-01,0.000000000000000000e+00,1.938483715057373047e-01,4.439027905464172363e-01,-1.295149475336074829e-01,2.262312322854995728e-01,2.336950004100799561e-01,7.469483017921447754e-01,5.245497226715087891e-01,-1.412625461816787720e-01,-5.658613145351409912e-02,-1.222961917519569397e-01,-2.766829133033752441e-01,-2.019015848636627197e-01,-6.007000803947448730e-01,-1.542493253946304321e-01,-2.150721698999404907e-01,0.000000000000000000e+00
1.882815659046173096e-01,2.141081392765045166e-01,-1.217230260372161865e-01,-8.282629400491714478e-02,-1.342343818396329880e-02,9.426053613424301147e-03,-1.699957102537155151e-01,1.353624612092971802e-01,1.092320606112480164e-01,1.582425981760025024e-01,1.644744724035263062e-01,2.418330609798431396e-01,1.253139227628707886e-01,-1.607285887002944946e-01,1.239823922514915466e-02,1.000000000000000000e+00,-3.148647025227546692e-02,-1.481935381889343262e-01,5.819533392786979675e-02,6.797558814287185669e-02,2.216579206287860870e-02,0.000000000000000000e+00,0.000000000000000000e+00,1.994968652725219727e-01,2.075986415147781372e-01,-4.083825349807739258e-01,1.581625193357467651e-01,1.223373338580131531e-01,-3.590668737888336182e-02,-1.754079014062881470e-01,8.451814949512481689e-02,0.000000000000000000e+00,1.866898834705352783e-01,-5.405594781041145325e-02,7.608618587255477905e-02,4.576480388641357422e-02,1.742105334997177124e-01,-4.381645470857620239e-03,1.323669850826263428e-01,2.881658636033535004e-02,1.501952856779098511e-01,3.018823266029357910e-01,1.059476286172866821e-01,-5.278087034821510315e-02,1.029188111424446106e-01,2.562444210052490234e-01,6.765519827604293823e-02,0.000000000000000000e+00
2.284279763698577881e-01,1.849605590105056763e-01,4.286758005619049072e-01,6.645975112915039062e-01,2.271298319101333618e-01,3.436857461929321289e-01,6.604596972465515137e-01,2.376777082681655884e-01,3.205597996711730957e-01,1.868760138750076294e-01,7.577449083328247070e-02,-1.468892842531204224e-01,3.538629114627838135e-01,-6.584503054618835449e-01,-5.455375313758850098e-01,-3.148647025227546692e-02,1.000000000000000000e+00,1.029241830110549927e-01,6.974467635154724121e-01,3.460952639579772949e-01,1.088473275303840637e-01,0.000000000000000000e+00,0.000000000000000000e+00,2.681651115417480469e-01,3.430003821849822998e-01,-4.638302698731422424e-02,-1.728296130895614624e-01,6.486318707466125488e-01,6.127140522003173828e-01,-3.446383178234100342e-01,1.073075924068689346e-02,0.000000000000000000e+00,-2.426814846694469452e-02,-6.470826268196105957e-01,-3.300296962261199951e-01,-1.713424474000930786e-01,-4.375087320804595947e-01,-6.743785738945007324e-01,-3.765650093555450439e-01,-1.982238329946994781e-02,1.744198799133300781e-01,2.042210996150970459e-01,4.458716809749603271e-01,2.990799248218536377e-01,2.241456061601638794e-01,2.939094305038452148e-01,3.506162166595458984e-01,0.000000000000000000e+00
2.013952136039733887e-01,1.384203284978866577e-01,1.676837801933288574e-01,1.972939670085906982e-01,1.598131507635116577e-01,3.331473097205162048e-02,1.312103569507598877e-01,-2.139008641242980957e-01,-2.287935316562652588e-01,-4.507612884044647217e-01,-5.017885565757751465e-01,-6.285524368286132812e-01,-4.381489455699920654e-01,-1.062745898962020874e-01,-4.549962580204010010e-01,-1.481935530900955200e-01,1.029241830110549927e-01,1.000000000000000000e+00,-7.622432708740234375e-02,-1.160354390740394592e-01,4.515428841114044189e-01,0.000000000000000000e+00,0.000000000000000000e+00,-2.261025905609130859e-01,-1.916208565235137939e-01,4.853236675262451172e-02,-1.571499556303024292e-01,1.277608722448348999e-01,2.038725465536117554e-02,-1.754339486360549927e-01,-5.160305500030517578e-01,0.000000000000000000e+00,-2.323913276195526123e-01,-6.767776608467102051e-02,2.080104947090148926e-01,-4.013672471046447754e-01,-9.170852601528167725e-02,-3.045769631862640381e-01,-5.008877515792846680e-01,2.951339818537235260e-02,7.499851286411285400e-02,-9.953308850526809692e-02,-1.154030673205852509e-02,9.746645390987396240e-02,4.498856663703918457e-01,-2.221944034099578857e-01,-1.846994161605834961e-01,0.000000000000000000e+00
1.859288662672042847e-01,3.242267966270446777e-01,3.015121817588806152e-01,4.667091071605682373e-01,-1.096126064658164978e-01,1.564298570156097412e-01,2.186400443315505981e-01,3.620133399963378906e-01,4.351000487804412842e-01,5.304036140441894531e-01,2.538625597953796387e-01,2.093038111925125122e-01,6.205767393112182617e-01,-6.312123537063598633e-01,-3.823686540126800537e-01,5.819533392786979675e-02,6.974467635154724121e-01,-7.622431963682174683e-02,1.000000000000000000e+00,6.587827205657958984e-01,-2.637933194637298584e-01,0.000000000000000000e+00,0.000000000000000000e+00,5.720820426940917969e-01,4.457164406776428223e-01,-2.859502136707305908e-01,-4.497716575860977173e-02,5.944281220436096191e-01,6.409012675285339355e-01,-5.185543298721313477e-01,2.839276790618896484e-01,0.000000000000000000e+00,1.925776302814483643e-01,-6.771712899208068848e-01,-4.320529401302337646e-01,7.851281762123107910e-02,-2.309570610523223877e-01,-5.666673779487609863e-01,-5.580206960439682007e-02,3.898203745484352112e-02,1.082186549901962280e-01,3.207831382751464844e-01,6.719207167625427246e-01,2.617148756980895996e-01,1.024542897939682007e-01,5.824869871139526367e-01,3.757300972938537598e-01,0.000000000000000000e+00
1.170661374926567078e-01,2.818395495414733887e-01,4.192667454481124878e-02,1.978636085987091064e-01,-1.065232381224632263e-01,2.838721871376037598e-01,5.203076824545860291e-02,3.624021112918853760e-01,6.319695711135864258e-01,7.066994309425354004e-01,3.407950401306152344e-01,3.717040419578552246e-01,7.516649365425109863e-01,-3.751696348190307617e-01,-5.957860127091407776e-02,6.797558814287185669e-02,3.460952341556549072e-01,-1.160354390740394592e-01,6.587827205657958984e-01,1.000000000000000000e+00,-5.429639816284179688e-01,0.000000000000000000e+00,0.000000000000000000e+00,6.200866699218750000e-01,2.790304720401763916e-01,-1.681591272354125977e-01,9.689208865165710449e-02,3.631579875946044922e-01,5.014553666114807129e-01,-3.560410439968109131e-01,4.272803664207458496e-01,0.000000000000000000e+00,4.429398477077484131e-01,-5.038965344429016113e-01,-5.147831439971923828e-01,5.703264102339744568e-02,-2.613527476787567139e-01,-3.722827434539794922e-01,3.106329031288623810e-02,-1.042071059346199036e-01,1.943747848272323608e-01,4.795326590538024902e-01,6.609039902687072754e-01,4.059387743473052979e-01,6.928378134034574032e-04,5.871512889862060547e-01,1.340218335390090942e-01,0.000000000000000000e+00
1.067446619272232056e-01,-3.042397089302539825e-02,1.980509608983993530e-01,2.137227654457092285e-01,1.478582620620727539e-01,-1.726600825786590576e-01,1.825997084379196167e-01,-1.414301544427871704e-01,-4.426717460155487061e-01,-6.039807200431823730e-01,-3.804432451725006104e-01,-5.201056003570556641e-01,-6.058927774429321289e-01,-1.799337007105350494e-02,-4.660218954086303711e-01,2.216579392552375793e-02,1.088473275303840637e-01,4.515428841114044189e-01,-2.637933194637298584e-01,-5.429639816284179688e-01,1.000000000000000000e+00,0.000000000000000000e+00,0.000000000000000000e+00,-3.071584701538085938e-01,-4.465580731630325317e-02,-3.096234239637851715e-02,-1.518497318029403687e-01,1.323503851890563965e-01,-8.868174999952316284e-02,-3.383416449651122093e-03,-5.083782672882080078e-01,0.000000000000000000e+00,-3.894658982753753662e-01,1.010281071066856384e-01,4.159244596958160400e-01,-2.330432683229446411e-01,2.153180539608001709e-02,-1.709538549184799194e-01,-3.674915432929992676e-01,1.863655000925064087e-01,-1.340561658143997192e-01,-2.889163792133331299e-01,-2.300442159175872803e-01,-1.365443915128707886e-01,4.090105593204498291e-01,-2.855077087879180908e-01,-8.807171136140823364e-03,0.000000000000000000e+00
0.000000000000000000e+00,0.000000000000000000e+00,0.000000000000000000e+00,0.000000000000000000e+00,0.000000000000000000e+00,0.000000000000000000e+00,0.000000000000000000e+00,0.000000000000000000e+00,0.000000000000000000e+00,0.000000000000000000e+00,0.000000000000000000e+00,0.000000000000000000e+00,0.000000000000000000e+00,0.000000000000000000e+00,0.000000000000000000e+00,0.000000000000000000e+00,0.000000000000000000e+00,0.000000000000000000e+00,0.000000000000000000e+00,0.000000000000000000e+00,0.000000000000000000e+00,1.000000000000000000e+00,0.000000000000000000e+00,0.000000000000000000e+00,0.000000000000000000e+00,0.000000000000000000e+00,0.000000000000000000e+00,0.000000000000000000e+00,0.000000000000000000e+00,0.000000000000000000e+00,0.000000000000000000e+00,0.000000000000000000e+00,0.000000000000000000e+00,0.000000000000000000e+00,0.000000000000000000e+00,0.000000000000000000e+00,0.000000000000000000e+00,0.000000000000000000e+00,0.000000000000000000e+00,0.000000000000000000e+00,0.000000000000000000e+00,0.000000000000000000e+00,0.000000000000000000e+00,0.000000000000000000e+00,0.000000000000000000e+00,0.000000000000000000e+00,0.000000000000000000e+00,0.000000000000000000e+00
0.000000000000000000e+00,0.000000000000000000e+00,0.000000000000000000e+00,0.000000000000000000e+00,0.000000000000000000e+00,0.000000000000000000e+00,0.000000000000000000e+00,0.000000000000000000e+00,0.000000000000000000e+00,0.000000000000000000e+00,0.000000000000000000e+00,0.000000000000000000e+00,0.000000000000000000e+00,0.000000000000000000e+00,0.000000000000000000e+00,0.000000000000000000e+00,0.000000000000000000e+00,0.000000000000000000e+00,0.000000000000000000e+00,0.000000000000000000e+00,0.000000000000000000e+00,0.000000000000000000e+00,1.000000000000000000e+00,0.000000000000000000e+00,0.000000000000000000e+00,0.000000000000000000e+00,0.000000000000000000e+00,0.000000000000000000e+00,0.000000000000000000e+00,0.000000000000000000e+00,0.000000000000000000e+00,0.000000000000000000e+00,0.000000000000000000e+00,0.000000000000000000e+00,0.000000000000000000e+00,0.000000000000000000e+00,0.000000000000000000e+00,0.000000000000000000e+00,0.000000000000000000e+00,0.000000000000000000e+00,0.000000000000000000e+00,0.000000000000000000e+00,0.000000000000000000e+00,0.000000000000000000e+00,0.000000000000000000e+00,0.000000000000000000e+00,0.000000000000000000e+00,0.000000000000000000e+00
-1.636316031217575073e-01,5.524127557873725891e-02,9.625136735849082470e-04,8.379917591810226440e-02,-3.634098768234252930e-01,-1.714152097702026367e-01,-1.825146824121475220e-01,3.521599769592285156e-01,3.281272053718566895e-01,6.300158500671386719e-01,5.829954147338867188e-01,5.693068504333496094e-01,5.744220018386840820e-01,-1.913527995347976685e-01,2.035634592175483704e-02,1.994968652725219727e-01,2.681651115417480469e-01,-2.261025756597518921e-01,5.720820426940917969e-01,6.200866699218750000e-01,-3.071584701538085938e-01,0.000000000000000000e+00,0.000000000000000000e+00,1.000000000000000000e+00,5.183851122856140137e-01,-3.702668249607086182e-01,-4.785712435841560364e-02,3.305716216564178467e-01,3.979293704032897949e-01,-2.652952075004577637e-01,6.671926379203796387e-01,0.000000000000000000e+00,1.833809614181518555e-01,-3.675735890865325928e-01,-3.518851101398468018e-01,3.949571847915649414e-01,2.791996113955974579e-02,-1.624521613121032715e-01,3.400356173515319824e-01,1.267662346363067627e-01,-1.254501789808273315e-01,1.791570931673049927e-01,5.744173526763916016e-01,5.827996507287025452e-02,-1.139092370867729187e-01,5.893090367317199707e-01,1.855584681034088135e-01,0.000000000000000000e+00
-7.774260640144348145e-02,-2.159017473459243774e-01,-1.413642168045043945e-01,2.870930172502994537e-02,-9.089057147502899170e-02,-1.108088344335556030e-01,8.176448196172714233e-02,4.869277179241180420e-01,9.523696452379226685e-02,2.641132175922393799e-01,5.445848107337951660e-01,2.760187983512878418e-01,4.200466275215148926e-01,-1.870478838682174683e-01,1.437406335026025772e-02,2.075986564159393311e-01,3.430004119873046875e-01,-1.916208565235137939e-01,4.457164406776428223e-01,2.790304720401763916e-01,-4.465580731630325317e-02,0.000000000000000000e+00,0.000000000000000000e+00,5.183851122856140137e-01,1.000000000000000000e+00,-2.209319770336151123e-01,1.094316244125366211e-01,3.053053915500640869e-01,4.039508998394012451e-01,-1.428445279598236084e-01,3.690799176692962646e-01,0.000000000000000000e+00,2.133341282606124878e-01,-2.761052250862121582e-01,-4.212626516819000244e-01,7.808977365493774414e-02,6.461250782012939453e-02,-1.006176918745040894e-01,8.662036061286926270e-02,-9.362237155437469482e-02,-2.035198658704757690e-01,-9.315698593854904175e-02,3.335443139076232910e-01,-1.714339107275009155e-01,-2.214012145996093750e-01,2.315234690904617310e-01,3.405364751815795898e-01,0.000000000000000000e+00
-2.047946155071258545e-01,-5.278996825218200684e-01,3.405898809432983398e-02,-7.991521805524826050e-02,3.859790265560150146e-01,3.331902921199798584e-01,4.464781284332275391e-01,-5.621192604303359985e-02,-3.142778575420379639e-02,-2.441341429948806763e-01,-3.825191408395767212e-02,-3.186347484588623047e-01,-1.264886260032653809e-01,3.375836312770843506e-01,2.354534417390823364e-01,-4.083825349807739258e-01,-4.638303071260452271e-02,4.853236675262451172e-02,-2.859502136707305908e-01,-1.681591272354125977e-01,-3.096234239637851715e-02,0.000000000000000000e+00,0.000000000000000000e+00,-3.702668547630310059e-01,-2.209319770336151123e-01,1.000000000000000000e+00,-6.673237681388854980e-02,-2.930570542812347412e-01,-2.471273988485336304e-01,5.584455132484436035e-01,-1.983400434255599976e-02,0.000000000000000000e+00,-1.287048161029815674e-01,2.288577407598495483e-01,-7.798859477043151855e-02,-3.106161952018737793e-01,-3.353464603424072266e-01,1.986855566501617432e-01,-3.397576808929443359e-01,-4.003289639949798584e-01,2.928571403026580811e-02,-2.637218534946441650e-01,-3.974036276340484619e-01,-3.299891203641891479e-02,-2.869442701339721680e-01,-5.873522162437438965e-01,-2.534552812576293945e-01,0.000000000000000000e+00
9.297927469015121460e-02,1.598317325115203857e-01,-8.939546346664428711e-02,5.628119036555290222e-02,5.361328646540641785e-02,9.536254405975341797e-02,-4.161381721496582031e-02,4.586350545287132263e-02,-5.079220514744520187e-03,6.605582684278488159e-02,9.180778264999389648e-02,1.798071414232254028e-01,1.027392074465751648e-01,-2.932961285114288330e-02,1.262539476156234741e-01,1.581625193357467651e-01,-1.728296130895614624e-01,-1.571499556303024292e-01,-4.497716203331947327e-02,9.689208865165710449e-02,-1.518497318029403687e-01,0.000000000000000000e+00,0.000000000000000000e+00,-4.785712435841560364e-02,1.094316244125366211e-01,-6.673237681388854980e-02,1.000000000000000000e+00,1.387417875230312347e-02,2.440578937530517578e-01,-1.438899040222167969e-01,-1.398709267377853394e-01,0.000000000000000000e+00,5.152802467346191406e-01,2.481049597263336182e-01,1.585655659437179565e-02,-1.428696960210800171e-01,3.315302729606628418e-01,5.649892985820770264e-02,3.401412442326545715e-02,-1.193951368331909180e-01,2.996719814836978912e-02,1.673841029405593872e-01,-3.108811937272548676e-02,2.469960786402225494e-02,-7.536295056343078613e-02,3.197126090526580811e-02,2.105760155245661736e-03,0.000000000000000000e+00
5.329377055168151855e-01,4.241106212139129639e-01,4.709275662899017334e-01,6.762164235115051270e-01,1.431778073310852051e-01,2.640073597431182861e-01,3.685898482799530029e-01,2.480563968420028687e-01,3.469753861427307129e-01,2.043013870716094971e-01,-1.803706772625446320e-02,-1.003965958952903748e-01,2.914428412914276123e-01,-6.371963620185852051e-01,-5.880941748619079590e-01,1.223373338580131531e-01,6.486318707466125488e-01,1.277608722448348999e-01,5.944281220436096191e-01,3.631579577922821045e-01,1.323503851890563965e-01,0.000000000000000000e+00,0.000000000000000000e+00,3.305715918540954590e-01,3.053053915500640869e-01,-2.930570542812347412e-01,1.387417875230312347e-02,1.000000000000000000e+00,7.189107537269592285e-01,-5.080848336219787598e-01,-2.600294537842273712e-02,0.000000000000000000e+00,1.431617140769958496e-01,-6.118959784507751465e-01,-1.819058507680892944e-01,-1.276414394378662109e-01,-3.267916440963745117e-01,-6.707677245140075684e-01,-2.872073054313659668e-01,1.670924276113510132e-01,2.695763111114501953e-01,3.890643715858459473e-01,5.139001607894897461e-01,3.900889158248901367e-01,4.324139058589935303e-01,4.231296479701995850e-01,3.508200049400329590e-01,0.000000000000000000e+00
3.038237988948822021e-01,3.478789329528808594e-01,2.803105413913726807e-01,5.984057784080505371e-01,7.168284058570861816e-02,2.460208088159561157e-01,3.572777509689331055e-01,1.665317714214324951e-01,3.093691766262054443e-01,3.659253120422363281e-01,1.173566952347755432e-01,7.387543469667434692e-02,4.858274459838867188e-01,-5.552068352699279785e-01,-4.011811614036560059e-01,-3.590668737888336182e-02,6.127139925956726074e-01,2.038725279271602631e-02,6.409012675285339355e-01,5.014553666114807129e-01,-8.868174254894256592e-02,0.000000000000000000e+00,0.000000000000000000e+00,3.979293704032897949e-01,4.039509296417236328e-01,-2.471273988485336304e-01,2.440578937530517578e-01,7.189106941223144531e-01,1.000000000000000000e+00,-5.400644540786743164e-01,9.057112969458103180e-03,0.000000000000000000e+00,2.938499748706817627e-01,-5.599787831306457520e-01,-4.318924546241760254e-01,-1.591809689998626709e-01,-2.056003063917160034e-01,-6.572993993759155273e-01,-2.474061995744705200e-01,1.006850972771644592e-01,1.254610866308212280e-01,3.267748057842254639e-01,5.740778446197509766e-01,3.408468663692474365e-01,2.268289476633071899e-01,4.798041880130767822e-01,4.107705354690551758e-01,0.000000000000000000e+00
-4.282514750957489014e-01,-6.827669739723205566e-01,-2.956390082836151123e-01,-4.341203272342681885e-01,1.518200710415840149e-02,-7.677891850471496582e-02,7.176102697849273682e-02,9.275432676076889038e-02,-1.969541013240814209e-01,-2.566160857677459717e-01,1.380042284727096558e-01,-3.799435868859291077e-02,-2.355320006608963013e-01,5.502128601074218750e-01,4.619614779949188232e-01,-1.754079014062881470e-01,-3.446383178234100342e-01,-1.754339486360549927e-01,-5.185543298721313477e-01,-3.560410141944885254e-01,-3.383416682481765747e-03,0.000000000000000000e+00,0.000000000000000000e+00,-2.652952075004577637e-01,-1.428445130586624146e-01,5.584455132484436035e-01,-1.438899040222167969e-01,-5.080848336219787598e-01,-5.400643944740295410e-01,1.000000000000000000e+00,2.928849160671234131e-01,0.000000000000000000e+00,-2.602759003639221191e-01,4.729996025562286377e-01,1.051412448287010193e-01,8.487321436405181885e-02,-3.654200583696365356e-02,6.182006001472473145e-01,7.857159525156021118e-02,-3.777219653129577637e-01,-3.048266470432281494e-01,-4.102539718151092529e-01,-4.241463243961334229e-01,-2.912583053112030029e-01,-3.703145086765289307e-01,-5.602914690971374512e-01,-3.576820194721221924e-01,0.000000000000000000e+00
-3.726788759231567383e-01,-3.104853928089141846e-01,-1.693131327629089355e-01,-2.285323441028594971e-01,-3.717566728591918945e-01,-1.663424521684646606e-01,-1.787690073251724243e-01,4.116179049015045166e-01,3.328785896301269531e-01,5.665171742439270020e-01,6.882699131965637207e-01,6.366962790489196777e-01,5.217286348342895508e-01,1.467285752296447754e-01,4.337237477302551270e-01,8.451814949512481689e-02,1.073075924068689346e-02,-5.160305500030517578e-01,2.839276790618896484e-01,4.272803664207458496e-01,-5.083782672882080078e-01,0.000000000000000000e+00,0.000000000000000000e+00,6.671926379203796387e-01,3.690799176692962646e-01,-1.983400434255599976e-02,-1.398709118366241455e-01,-2.600294351577758789e-02,9.057112969458103180e-03,2.928849160671234131e-01,1.000000000000000000e+00,0.000000000000000000e+00,1.166395545005798340e-01,-8.735594898462295532e-02,-3.418869972229003906e-01,5.125570297241210938e-01,-1.448723021894693375e-02,2.943124473094940186e-01,4.979330301284790039e-01,-9.341128170490264893e-02,-2.268573045730590820e-01,-1.083742734044790268e-02,3.057209551334381104e-01,-8.696242421865463257e-02,-4.468617439270019531e-01,2.983503341674804688e-01,2.229253202676773071e-02,0.000000000000000000e+00
0.000000000000000000e+00,0.000000000000000000e+00,0.000000000000000000e+00,0.000000000000000000e+00,0.000000000000000000e+00,0.000000000000000000e+00,0.000000000000000000e+00,0.000000000000000000e+00,0.000000000000000000e+00,0.000000000000000000e+00,0.000000000000000000e+00,0.000000000000000000e+00,0.000000000000000000e+00,0.000000000000000000e+00,0.000000000000000000e+00,0.000000000000000000e+00,0.000000000000000000e+00,0.000000000000000000e+00,0.000000000000000000e+00,0.000000000000000000e+00,0.000000000000000000e+00,0.000000000000000000e+00,0.000000000000000000e+00,0.000000000000000000e+00,0.000000000000000000e+00,0.000000000000000000e+00,0.000000000000000000e+00,0.000000000000000000e+00,0.000000000000000000e+00,0.000000000000000000e+00,0.000000000000000000e+00,1.000000000000000000e+00,0.000000000000000000e+00,0.000000000000000000e+00,0.000000000000000000e+00,0.000000000000000000e+00,0.000000000000000000e+00,0.000000000000000000e+00,0.000000000000000000e+00,0.000000000000000000e+00,0.000000000000000000e+00,0.000000000000000000e+00,0.000000000000000000e+00,0.000000000000000000e+00,0.000000000000000000e+00,0.000000000000000000e+00,0.000000000000000000e+00,0.000000000000000000e+00
