1.000000000000000000e+00,2.145260423421859741e-01,-3.703242540359497070e-01,1.060186177492141724e-01,-1.029657013714313507e-02,6.793870776891708374e-02,5.827886238694190979e-02,9.108548611402511597e-02,-8.014305680990219116e-02,-1.490104347467422485e-01,1.790839284658432007e-01,-8.813589066267013550e-02,6.496481597423553467e-02,-2.214291244745254517e-01,-1.586707979440689087e-01,-2.259375005960464478e-01,3.618957698345184326e-01,0.000000000000000000e+00,0.000000000000000000e+00,6.811103224754333496e-02,0.000000000000000000e+00,0.000000000000000000e+00,0.000000000000000000e+00,0.000000000000000000e+00,4.087774455547332764e-01,-4.049817025661468506e-01,2.754636406898498535e-01,3.068695217370986938e-02,2.035878896713256836e-01,-5.091072320938110352e-01,5.486961919814348221e-03,0.000000000000000000e+00,5.624572038650512695e-01,4.575945138931274414e-01,4.505966603755950928e-01,-3.640611171722412109e-01,2.246191650629043579e-01,2.656697332859039307e-01,-2.135715335607528687e-01,0.000000000000000000e+00,2.361629717051982880e-02,1.697033084928989410e-02,-8.141878247261047363e-02,7.250755093991756439e-03,5.265332013368606567e-02,-1.298043578863143921e-01,0.000000000000000000e+00,0.000000000000000000e+00
2.145260423421859741e-01,1.000000000000000000e+00,-4.168953895568847656e-01,-4.434490203857421875e-02,2.710482478141784668e-01,7.800012081861495972e-02,2.591509371995925903e-02,-2.743693590164184570e-01,5.967969819903373718e-02,1.234002932906150818e-01,-4.878734704107046127e-03,2.673409879207611084e-02,4.413570091128349304e-02,-2.102803587913513184e-01,-3.784117847681045532e-02,-1.071028038859367371e-01,1.733151264488697052e-02,0.000000000000000000e+00,0.000000000000000000e+00,-2.796749584376811981e-02,0.000000000000000000e+00,0.000000000000000000e+00,0.000000000000000000e+00,0.000000000000000000e+00,-9.328138083219528198e-02,-3.462866246700286865e-01,2.692587077617645264e-01,-1.138366237282752991e-01,1.119785383343696594e-02,-1.497258543968200684e-01,-6.393744796514511108e-02,0.000000000000000000e+00,6.585028767585754395e-02,7.376202195882797241e-02,2.810509502887725830e-01,-2.178767621517181396e-01,-2.382067888975143433e-01,2.558439411222934723e-02,-1.266124397516250610e-01,0.000000000000000000e+00,5.918346643447875977e-01,3.431437611579895020e-01,6.864450988359749317e-04,3.082905411720275879e-01,1.390591114759445190e-01,6.987995654344558716e-02,0.000000000000000000e+00,0.000000000000000000e+00
-3.703242540359497070e-01,-4.168953895568847656e-01,1.000000000000000000e+00,4.278679788112640381e-01,-2.347514331340789795e-01,-1.656864434480667114e-01,4.226631298661231995e-02,-4.912110045552253723e-02,2.355958968400955200e-01,2.771570384502410889e-01,-2.597861886024475098e-01,2.240143120288848877e-01,-9.848123043775558472e-02,1.967463493347167969e-01,2.419198751449584961e-01,2.173643261194229126e-01,-2.220356315374374390e-01,0.000000000000000000e+00,0.000000000000000000e+00,3.976731747388839722e-02,0.000000000000000000e+00,0.000000000000000000e+00,0.000000000000000000e+00,0.000000000000000000e+00,2.491948939859867096e-02,5.256749391555786133e-01,-1.863912791013717651e-01,9.248632937669754028e-02,-2.731505632400512695e-01,4.835438430309295654e-01,1.404346078634262085e-01,0.000000000000000000e+00,-2.823537886142730713e-01,-3.098495900630950928e-01,-4.785916507244110107e-01,3.046625554561614990e-01,-1.263752728700637817e-01,-3.063452541828155518e-01,2.694177925586700439e-01,0.000000000000000000e+00,-3.959091305732727051e-01,-2.518589496612548828e-01,3.035276234149932861e-01,-9.233500808477401733e-02,-1.126125529408454895e-01,1.732896864414215088e-01,0.000000000000000000e+00,0.000000000000000000e+00
1.060186177492141724e-01,-4.434490203857421875e-02,4.278679788112640381e-01,1.000000000000000000e+00,-1.048622429370880127e-01,3.137852251529693604e-02,1.848584562540054321e-01,-5.064997822046279907e-02,4.725725948810577393e-02,1.714547723531723022e-01,-2.020442038774490356e-01,7.765908539295196533e-02,1.230253255926072598e-03,1.835799366235733032e-01,4.140705801546573639e-03,1.058415547013282776e-01,8.720818907022476196e-02,0.000000000000000000e+00,0.000000000000000000e+00,1.881306320428848267e-01,0.000000000000000000e+00,0.000000000000000000e+00,0.000000000000000000e+00,0.000000000000000000e+00,-5.867266282439231873e-02,2.533860802650451660e-01,8.967018872499465942e-02,-1.514858752489089966e-01,-7.472585141658782959e-02,2.052676081657409668e-01,-3.526585933286696672e-04,0.000000000000000000e+00,-1.653217896819114685e-02,1.474412381649017334e-01,-2.568113617599010468e-02,9.200756251811981201e-02,1.119382232427597046e-01,-6.658780388534069061e-03,1.361350417137145996e-01,0.000000000000000000e+00,-1.468383967876434326e-01,-1.241553351283073425e-01,1.954521685838699341e-01,-6.554426252841949463e-02,-2.452415972948074341e-02,9.927076101303100586e-02,0.000000000000000000e+00,0.000000000000000000e+00
-1.029657013714313507e-02,2.710482478141784668e-01,-2.347514331340789795e-01,-1.048622429370880127e-01,1.000000000000000000e+00,5.216491818428039551e-01,-4.820476099848747253e-02,8.687340468168258667e-02,1.199475396424531937e-02,-2.789628803730010986e-01,1.538992226123809814e-01,-3.231379091739654541e-01,1.182989850640296936e-01,2.421219646930694580e-02,-3.369027972221374512e-01,-2.637403607368469238e-01,-1.726587861776351929e-01,0.000000000000000000e+00,0.000000000000000000e+00,8.317166566848754883e-02,0.000000000000000000e+00,0.000000000000000000e+00,0.000000000000000000e+00,0.000000000000000000e+00,-1.538099199533462524e-01,1.962110847234725952e-01,-9.648210555315017700e-02,6.903175264596939087e-03,1.143135055899620056e-01,1.893418654799461365e-02,-6.048036739230155945e-02,0.000000000000000000e+00,-3.895782679319381714e-02,-1.214326843619346619e-01,2.558434009552001953e-01,7.554250210523605347e-02,-4.550389014184474945e-03,7.504147291183471680e-02,-3.024805784225463867e-01,0.000000000000000000e+00,5.291222333908081055e-01,2.922951579093933105e-01,-3.145883083343505859e-01,4.688979685306549072e-01,1.518092453479766846e-01,-3.993941247463226318e-01,0.000000000000000000e+00,0.000000000000000000e+00
6.793870776891708374e-02,7.800012081861495972e-02,-1.656864434480667114e-01,3.137852251529693604e-02,5.216491818428039551e-01,1.000000000000000000e+00,4.521332383155822754e-01,1.185247790999710560e-03,-2.796825170516967773e-01,-4.761248528957366943e-01,2.796549201011657715e-01,-2.982131242752075195e-01,2.650260627269744873e-01,3.443540036678314209e-01,-1.915698647499084473e-01,-2.099514454603195190e-01,6.923858821392059326e-02,0.000000000000000000e+00,0.000000000000000000e+00,4.480379074811935425e-02,0.000000000000000000e+00,0.000000000000000000e+00,0.000000000000000000e+00,0.000000000000000000e+00,-1.539285629987716675e-01,2.757112085819244385e-01,-1.140537783503532410e-01,-5.164898559451103210e-02,1.919248700141906738e-01,2.372756004333496094e-01,-1.931563392281532288e-02,0.000000000000000000e+00,-3.576682880520820618e-02,1.519023180007934570e-01,2.268971949815750122e-01,1.725553721189498901e-01,1.704299300909042358e-01,3.510900139808654785e-01,-1.534210145473480225e-01,0.000000000000000000e+00,3.543787598609924316e-01,3.306608498096466064e-01,-1.822861135005950928e-01,1.182063594460487366e-01,1.356931519694626331e-03,-3.019200861454010010e-01,0.000000000000000000e+00,0.000000000000000000e+00
5.827886238694190979e-02,2.591509371995925903e-02,4.226631298661231995e-02,1.848584562540054321e-01,-4.820476099848747253e-02,4.521332383155822754e-01,1.000000000000000000e+00,-3.799162507057189941e-01,-1.913630813360214233e-01,-1.249430701136589050e-02,6.372565776109695435e-02,2.247177809476852417e-01,7.531079649925231934e-02,1.713362634181976318e-01,1.438253670930862427e-01,-1.682639308273792267e-02,3.081324398517608643e-01,0.000000000000000000e+00,0.000000000000000000e+00,-5.040725693106651306e-02,0.000000000000000000e+00,0.000000000000000000e+00,0.000000000000000000e+00,0.000000000000000000e+00,-1.712663173675537109e-01,6.756177544593811035e-02,-1.105415374040603638e-01,-1.618338078260421753e-01,2.209899760782718658e-02,3.876235783100128174e-01,1.290322095155715942e-02,0.000000000000000000e+00,-6.823777407407760620e-02,1.658170074224472046e-01,5.243349354714155197e-03,2.241475433111190796e-01,1.106233075261116028e-01,1.041779592633247375e-01,2.572386264801025391e-01,0.000000000000000000e+00,6.742870062589645386e-02,1.930861026048660278e-01,3.460932672023773193e-01,-1.943258941173553467e-01,-1.421680450439453125e-01,2.679457366466522217e-01,0.000000000000000000e+00,0.000000000000000000e+00
9.108548611402511597e-02,-2.743693590164184570e-01,-4.912110045552253723e-02,-5.064997822046279907e-02,8.687340468168258667e-02,1.185247790999710560e-03,-3.799162507057189941e-01,1.000000000000000000e+00,-1.873428374528884888e-01,-4.682856500148773193e-01,2.055687755346298218e-01,-5.460696816444396973e-01,2.257874011993408203e-01,2.865414917469024658e-01,-2.408013790845870972e-01,-1.406038552522659302e-01,-9.881504625082015991e-02,0.000000000000000000e+00,0.000000000000000000e+00,1.661966145038604736e-01,0.000000000000000000e+00,0.000000000000000000e+00,0.000000000000000000e+00,0.000000000000000000e+00,2.388436198234558105e-01,1.487984210252761841e-01,2.293984591960906982e-01,9.310850501060485840e-02,-2.382322214543819427e-02,-2.610135376453399658e-01,-1.291338056325912476e-01,0.000000000000000000e+00,2.741214036941528320e-01,1.904650628566741943e-01,1.881958246231079102e-01,-1.658934205770492554e-01,3.951907455921173096e-01,3.773159384727478027e-01,-3.925524353981018066e-01,0.000000000000000000e+00,-1.788046061992645264e-01,-9.018103778362274170e-02,-3.727270960807800293e-01,1.505417227745056152e-01,1.521421223878860474e-01,-4.792013764381408691e-01,0.000000000000000000e+00,0.000000000000000000e+00
-8.014305680990219116e-02,5.967969819903373718e-02,2.355958968400955200e-01,4.725725948810577393e-02,1.199475396424531937e-02,-2.796825170516967773e-01,-1.913630813360214233e-01,-1.873428374528884888e-01,1.000000000000000000e+00,4.920678436756134033e-01,-6.117467954754829407e-02,4.189938306808471680e-01,-6.607351452112197876e-02,-2.267969846725463867e-01,7.140120118856430054e-02,3.433225909247994423e-03,-5.999272316694259644e-02,0.000000000000000000e+00,0.000000000000000000e+00,1.091508865356445312e-01,0.000000000000000000e+00,0.000000000000000000e+00,0.000000000000000000e+00,0.000000000000000000e+00,7.887287437915802002e-02,-8.862135931849479675e-03,-1.566577255725860596e-01,1.101320534944534302e-01,-1.927724778652191162e-01,1.020082086324691772e-01,1.520789861679077148e-01,0.000000000000000000e+00,-1.090581566095352173e-01,-2.708927094936370850e-01,-1.426850408315658569e-01,-3.148318082094192505e-02,-2.856761813163757324e-01,-4.696335196495056152e-01,9.892683476209640503e-02,0.000000000000000000e+00,-3.744845837354660034e-02,-2.873967029154300690e-02,2.149533033370971680e-01,3.810045123100280762e-01,-1.080589294433593750e-01,1.649080663919448853e-01,0.000000000000000000e+00,0.000000000000000000e+00
-1.490104347467422485e-01,1.234002932906150818e-01,2.771570384502410889e-01,1.714547723531723022e-01,-2.789628803730010986e-01,-4.761248528957366943e-01,-1.249430701136589050e-02,-4.682856500148773193e-01,4.920678436756134033e-01,1.000000000000000000e+00,-1.964883059263229370e-01,6.738564372062683105e-01,-3.121578097343444824e-01,-3.125041723251342773e-01,3.569523692131042480e-01,2.533725798130035400e-01,1.610017032362520695e-03,0.000000000000000000e+00,0.000000000000000000e+00,-6.794873625040054321e-02,0.000000000000000000e+00,0.000000000000000000e+00,0.000000000000000000e+00,0.000000000000000000e+00,-2.032042481005191803e-02,-1.344416290521621704e-01,-6.592289358377456665e-02,-5.787444766610860825e-03,-2.377708703279495239e-01,1.761022806167602539e-01,5.449052527546882629e-02,0.000000000000000000e+00,-2.595345675945281982e-01,-2.303983122110366821e-01,-2.380060851573944092e-01,2.023455947637557983e-01,-2.995475530624389648e-01,-4.969796538352966309e-01,4.496718943119049072e-01,0.000000000000000000e+00,-4.771222919225692749e-02,1.592253148555755615e-02,5.115360021591186523e-01,1.777726970613002777e-02,8.186739683151245117e-02,5.738735198974609375e-01,0.000000000000000000e+00,0.000000000000000000e+00
1.790839284658432007e-01,-4.878734704107046127e-03,-2.597861886024475098e-01,-2.020442038774490356e-01,1.538992226123809814e-01,2.796549201011657715e-01,6.372565776109695435e-02,2.055687755346298218e-01,-6.117467954754829407e-02,-1.964883059263229370e-01,1.000000000000000000e+00,-1.102627664804458618e-01,1.196726039052009583e-01,4.193791747093200684e-02,3.116879798471927643e-02,-2.458855807781219482e-01,2.439700625836849213e-02,0.000000000000000000e+00,0.000000000000000000e+00,-1.039772257208824158e-01,0.000000000000000000e+00,0.000000000000000000e+00,0.000000000000000000e+00,0.000000000000000000e+00,2.300812453031539917e-01,-1.262744814157485962e-01,-6.821969896554946899e-02,1.327747255563735962e-01,8.063197880983352661e-02,-1.491988152265548706e-01,-6.685005035251379013e-03,0.000000000000000000e+00,7.047961652278900146e-02,5.947511270642280579e-02,3.784877061843872070e-01,1.223562806844711304e-01,1.150232478976249695e-01,4.350731372833251953e-01,-7.880187779664993286e-02,0.000000000000000000e+00,7.553214579820632935e-02,2.628065645694732666e-01,-6.275453418493270874e-02,2.568829059600830078e-01,3.207496106624603271e-01,-2.360718697309494019e-01,0.000000000000000000e+00,0.000000000000000000e+00
-8.813589066267013550e-02,2.673409879207611084e-02,2.240143120288848877e-01,7.765908539295196533e-02,-3.231379091739654541e-01,-2.982131242752075195e-01,2.247177809476852417e-01,-5.460696816444396973e-01,4.189938306808471680e-01,6.738564372062683105e-01,-1.102627664804458618e-01,1.000000000000000000e+00,-2.371435463428497314e-01,-2.762366235256195068e-01,4.904952943325042725e-01,2.690488398075103760e-01,1.230379790067672729e-01,0.000000000000000000e+00,0.000000000000000000e+00,-8.005049079656600952e-02,0.000000000000000000e+00,0.000000000000000000e+00,0.000000000000000000e+00,0.000000000000000000e+00,8.045028895139694214e-02,-1.700524091720581055e-01,-1.435861289501190186e-01,-1.771326735615730286e-02,-1.149826347827911377e-01,2.630777060985565186e-01,5.053940787911415100e-02,0.000000000000000000e+00,-2.653865814208984375e-01,-1.460388302803039551e-01,-2.025948613882064819e-01,2.038608491420745850e-01,-1.233979687094688416e-01,-4.316999614238739014e-01,5.480617880821228027e-01,0.000000000000000000e+00,-2.756228111684322357e-02,-3.318341821432113647e-02,4.421111643314361572e-01,-1.560213416814804077e-01,-2.565148770809173584e-01,5.571762323379516602e-01,0.000000000000000000e+00,0.000000000000000000e+00
6.496481597423553467e-02,4.413570091128349304e-02,-9.848123043775558472e-02,1.230253255926072598e-03,1.182989850640296936e-01,2.650260627269744873e-01,7.531079649925231934e-02,2.257874011993408203e-01,-6.607351452112197876e-02,-3.121578097343444824e-01,1.196726039052009583e-01,-2.371435463428497314e-01,1.000000000000000000e+00,3.031120002269744873e-01,-8.699865639209747314e-02,-1.953042745590209961e-01,1.104316785931587219e-01,0.000000000000000000e+00,0.000000000000000000e+00,4.170145392417907715e-01,0.000000000000000000e+00,0.000000000000000000e+00,0.000000000000000000e+00,0.000000000000000000e+00,8.745224028825759888e-02,-6.504937540739774704e-03,3.420538082718849182e-02,-4.655836895108222961e-02,-2.501517347991466522e-02,-5.314497277140617371e-02,8.119924366474151611e-02,0.000000000000000000e+00,1.143520325422286987e-01,1.388922631740570068e-01,1.257319897413253784e-01,-1.210132464766502380e-01,1.278228312730789185e-01,2.485587447881698608e-01,-2.397554218769073486e-01,0.000000000000000000e+00,9.763471782207489014e-02,2.750583225861191750e-03,-2.486601173877716064e-01,9.963135421276092529e-02,-1.573001444339752197e-01,-2.864351272583007812e-01,0.000000000000000000e+00,0.000000000000000000e+00
-2.214291393756866455e-01,-2.102803438901901245e-01,1.967463493347167969e-01,1.835799366235733032e-01,2.421219646930694580e-02,3.443539738655090332e-01,1.713362634181976318e-01,2.865414917469024658e-01,-2.267969846725463867e-01,-3.125041723251342773e-01,4.193791747093200684e-02,-2.762366235256195068e-01,3.031120002269744873e-01,1.000000000000000000e+00,5.677580088376998901e-02,-7.299244403839111328e-02,-3.663577511906623840e-02,0.000000000000000000e+00,0.000000000000000000e+00,2.818722426891326904e-01,0.000000000000000000e+00,0.000000000000000000e+00,0.000000000000000000e+00,0.000000000000000000e+00,-2.124783545732498169e-01,4.749769270420074463e-01,-1.223023235797882080e-01,-2.090088874101638794e-01,-1.865900903940200806e-01,3.020460307598114014e-01,1.172491312026977539e-01,0.000000000000000000e+00,-8.973481133580207825e-03,1.746384352445602417e-01,3.287528082728385925e-02,2.924685180187225342e-01,2.149467766284942627e-01,4.159583151340484619e-01,-3.729488700628280640e-02,0.000000000000000000e+00,-1.284760534763336182e-01,-1.683590412139892578e-01,-1.843793988227844238e-01,-2.546256594359874725e-02,-1.989611238241195679e-01,-2.886224389076232910e-01,0.000000000000000000e+00,0.000000000000000000e+00
-1.586707979440689087e-01,-3.784117847681045532e-02,2.419198751449584961e-01,4.140705335885286331e-03,-3.369027972221374512e-01,-1.915698796510696411e-01,1.438253670930862427e-01,-2.408013790845870972e-01,7.140120118856430054e-02,3.569523990154266357e-01,3.116879798471927643e-02,4.904952943325042725e-01,-8.699864894151687622e-02,5.677579715847969055e-02,1.000000000000000000e+00,3.173350095748901367e-01,-5.691535398364067078e-02,0.000000000000000000e+00,0.000000000000000000e+00,-1.102252751588821411e-01,0.000000000000000000e+00,0.000000000000000000e+00,0.000000000000000000e+00,0.000000000000000000e+00,9.305387735366821289e-02,-1.105540692806243896e-01,-1.480149179697036743e-01,1.401869952678680420e-01,-2.770282700657844543e-02,1.535564064979553223e-01,2.721977047622203827e-02,0.000000000000000000e+00,-2.676633298397064209e-01,-8.422177284955978394e-02,-2.245631068944931030e-01,2.646358311176300049e-01,-2.371924966573715210e-01,6.214586086571216583e-03,6.274079084396362305e-01,0.000000000000000000e+00,-1.154337301850318909e-01,-5.666646361351013184e-02,2.572889029979705811e-01,-2.993291318416595459e-01,-1.441069245338439941e-01,3.881276547908782959e-01,0.000000000000000000e+00,0.000000000000000000e+00
-2.259375154972076416e-01,-1.071028038859367371e-01,2.173643261194229126e-01,1.058415547013282776e-01,-2.637403607368469238e-01,-2.099514454603195190e-01,-1.682639308273792267e-02,-1.406038552522659302e-01,3.433225909247994423e-03,2.533725798130035400e-01,-2.458855956792831421e-01,2.690488398075103760e-01,-1.953042894601821899e-01,-7.299244403839111328e-02,3.173350095748901367e-01,1.000000000000000000e+00,-1.602184772491455078e-01,0.000000000000000000e+00,0.000000000000000000e+00,-1.848245114088058472e-01,0.000000000000000000e+00,0.000000000000000000e+00,0.000000000000000000e+00,0.000000000000000000e+00,6.639095395803451538e-02,-3.604511916637420654e-02,1.957192644476890564e-02,-4.713331907987594604e-02,-1.482035964727401733e-01,8.529660105705261230e-02,-1.304881647229194641e-02,0.000000000000000000e+00,-1.263920366764068604e-01,-5.116136372089385986e-02,-2.454516738653182983e-01,6.267251819372177124e-02,-8.164831250905990601e-02,-2.005318701267242432e-01,3.181126117706298828e-01,0.000000000000000000e+00,-2.110808938741683960e-01,-1.575549393892288208e-01,7.882855832576751709e-02,-2.890988290309906006e-01,-1.530090272426605225e-01,3.124761283397674561e-01,0.000000000000000000e+00,0.000000000000000000e+00
3.618957400321960449e-01,1.733151264488697052e-02,-2.220356315374374390e-01,8.720818907022476196e-02,-1.726587712764739990e-01,6.923858821392059326e-02,3.081324398517608643e-01,-9.881504625082015991e-02,-5.999272689223289490e-02,1.610016915947198868e-03,2.439700439572334290e-02,1.230379715561866760e-01,1.104316711425781250e-01,-3.663577511906623840e-02,-5.691535770893096924e-02,-1.602184772491455078e-01,1.000000000000000000e+00,0.000000000000000000e+00,0.000000000000000000e+00,1.823858469724655151e-01,0.000000000000000000e+00,0.000000000000000000e+00,0.000000000000000000e+00,0.000000000000000000e+00,-9.365806356072425842e-03,-2.222795337438583374e-01,1.694112271070480347e-01,-6.133852899074554443e-02,1.474583297967910767e-01,-6.980484724044799805e-02,-4.902843851596117020e-03,0.000000000000000000e+00,1.293218731880187988e-01,3.185518085956573486e-01,1.367567777633666992e-01,-1.515740454196929932e-01,2.433083057403564453e-01,7.249964028596878052e-02,3.904240950942039490e-02,0.000000000000000000e+00,4.346042871475219727e-02,3.714577481150627136e-02,1.402159929275512695e-01,-2.576646804809570312e-01,-1.480327099561691284e-01,1.700189262628555298e-01,0.000000000000000000e+00,0.000000000000000000e+00
0.000000000000000000e+00,0.000000000000000000e+00,0.000000000000000000e+00,0.000000000000000000e+00,0.000000000000000000e+00,0.000000000000000000e+00,0.000000000000000000e+00,0.000000000000000000e+00,0.000000000000000000e+00,0.000000000000000000e+00,0.000000000000000000e+00,0.000000000000000000e+00,0.000000000000000000e+00,0.000000000000000000e+00,0.000000000000000000e+00,0.000000000000000000e+00,0.000000000000000000e+00,1.000000000000000000e+00,0.000000000000000000e+00,0.000000000000000000e+00,0.000000000000000000e+00,0.000000000000000000e+00,0.000000000000000000e+00,0.000000000000000000e+00,0.000000000000000000e+00,0.000000000000000000e+00,0.000000000000000000e+00,0.000000000000000000e+00,0.000000000000000000e+00,0.000000000000000000e+00,0.000000000000000000e+00,0.000000000000000000e+00,0.000000000000000000e+00,0.000000000000000000e+00,0.000000000000000000e+00,0.000000000000000000e+00,0.000000000000000000e+00,0.000000000000000000e+00,0.000000000000000000e+00,0.000000000000000000e+00,0.000000000000000000e+00,0.000000000000000000e+00,0.000000000000000000e+00,0.000000000000000000e+00,0.000000000000000000e+00,0.000000000000000000e+00,0.000000000000000000e+00,0.000000000000000000e+00
0.000000000000000000e+00,0.000000000000000000e+00,0.000000000000000000e+00,0.000000000000000000e+00,0.000000000000000000e+00,0.000000000000000000e+00,0.000000000000000000e+00,0.000000000000000000e+00,0.000000000000000000e+00,0.000000000000000000e+00,0.000000000000000000e+00,0.000000000000000000e+00,0.000000000000000000e+00,0.000000000000000000e+00,0.000000000000000000e+00,0.000000000000000000e+00,0.000000000000000000e+00,0.000000000000000000e+00,1.000000000000000000e+00,0.000000000000000000e+00,0.000000000000000000e+00,0.000000000000000000e+00,0.000000000000000000e+00,0.000000000000000000e+00,0.000000000000000000e+00,0.000000000000000000e+00,0.000000000000000000e+00,0.000000000000000000e+00,0.000000000000000000e+00,0.000000000000000000e+00,0.000000000000000000e+00,0.000000000000000000e+00,0.000000000000000000e+00,0.000000000000000000e+00,0.000000000000000000e+00,0.000000000000000000e+00,0.000000000000000000e+00,0.000000000000000000e+00,0.000000000000000000e+00,0.000000000000000000e+00,0.000000000000000000e+00,0.000000000000000000e+00,0.000000000000000000e+00,0.000000000000000000e+00,0.000000000000000000e+00,0.000000000000000000e+00,0.000000000000000000e+00,0.000000000000000000e+00
6.811103224754333496e-02,-2.796749584376811981e-02,3.976732119917869568e-02,1.881306171417236328e-01,8.317165821790695190e-02,4.480379074811935425e-02,-5.040725693106651306e-02,1.661966145038604736e-01,1.091508939862251282e-01,-6.794873625040054321e-02,-1.039772182703018188e-01,-8.005049079656600952e-02,4.170145392417907715e-01,2.818722426891326904e-01,-1.102252677083015442e-01,-1.848245114088058472e-01,1.823858469724655151e-01,0.000000000000000000e+00,0.000000000000000000e+00,1.000000000000000000e+00,0.000000000000000000e+00,0.000000000000000000e+00,0.000000000000000000e+00,0.000000000000000000e+00,-3.785065561532974243e-02,1.673972159624099731e-01,2.662872895598411560e-02,-1.606976985931396484e-01,-7.251716405153274536e-02,6.173057854175567627e-02,5.382478982210159302e-02,0.000000000000000000e+00,1.174819990992546082e-01,1.546564400196075439e-01,1.446895599365234375e-01,-1.770656788721680641e-03,1.512903124094009399e-01,8.990424126386642456e-02,-1.174210682511329651e-01,0.000000000000000000e+00,3.104310948401689529e-03,-1.594032198190689087e-01,-6.661768257617950439e-02,1.210568770766258240e-01,-2.229168117046356201e-01,-2.329764217138290405e-01,0.000000000000000000e+00,0.000000000000000000e+00
0.000000000000000000e+00,0.000000000000000000e+00,0.000000000000000000e+00,0.000000000000000000e+00,0.000000000000000000e+00,0.000000000000000000e+00,0.000000000000000000e+00,0.000000000000000000e+00,0.000000000000000000e+00,0.000000000000000000e+00,0.000000000000000000e+00,0.000000000000000000e+00,0.000000000000000000e+00,0.000000000000000000e+00,0.000000000000000000e+00,0.000000000000000000e+00,0.000000000000000000e+00,0.000000000000000000e+00,0.000000000000000000e+00,0.000000000000000000e+00,1.000000000000000000e+00,0.000000000000000000e+00,0.000000000000000000e+00,0.000000000000000000e+00,0.000000000000000000e+00,0.000000000000000000e+00,0.000000000000000000e+00,0.000000000000000000e+00,0.000000000000000000e+00,0.000000000000000000e+00,0.000000000000000000e+00,0.000000000000000000e+00,0.000000000000000000e+00,0.000000000000000000e+00,0.000000000000000000e+00,0.000000000000000000e+00,0.000000000000000000e+00,0.000000000000000000e+00,0.000000000000000000e+00,0.000000000000000000e+00,0.000000000000000000e+00,0.000000000000000000e+00,0.000000000000000000e+00,0.000000000000000000e+00,0.000000000000000000e+00,0.000000000000000000e+00,0.000000000000000000e+00,0.000000000000000000e+00
0.000000000000000000e+00,0.000000000000000000e+00,0.000000000000000000e+00,0.000000000000000000e+00,0.000000000000000000e+00,0.000000000000000000e+00,0.000000000000000000e+00,0.000000000000000000e+00,0.000000000000000000e+00,0.000000000000000000e+00,0.000000000000000000e+00,0.000000000000000000e+00,0.000000000000000000e+00,0.000000000000000000e+00,0.000000000000000000e+00,0.000000000000000000e+00,0.000000000000000000e+00,0.000000000000000000e+00,0.000000000000000000e+00,0.000000000000000000e+00,0.000000000000000000e+00,1.000000000000000000e+00,0.000000000000000000e+00,0.000000000000000000e+00,0.000000000000000000e+00,0.000000000000000000e+00,0.000000000000000000e+00,0.000000000000000000e+00,0.000000000000000000e+00,0.000000000000000000e+00,0.000000000000000000e+00,0.000000000000000000e+00,0.000000000000000000e+00,0.000000000000000000e+00,0.000000000000000000e+00,0.000000000000000000e+00,0.000000000000000000e+00,0.000000000000000000e+00,0.000000000000000000e+00,0.000000000000000000e+00,0.000000000000000000e+00,0.000000000000000000e+00,0.000000000000000000e+00,0.000000000000000000e+00,0.000000000000000000e+00,0.000000000000000000e+00,0.000000000000000000e+00,0.000000000000000000e+00
0.000000000000000000e+00,0.000000000000000000e+00,0.000000000000000000e+00,0.000000000000000000e+00,0.000000000000000000e+00,0.000000000000000000e+00,0.000000000000000000e+00,0.000000000000000000e+00,0.000000000000000000e+00,0.000000000000000000e+00,0.000000000000000000e+00,0.000000000000000000e+00,0.000000000000000000e+00,0.000000000000000000e+00,0.000000000000000000e+00,0.000000000000000000e+00,0.000000000000000000e+00,0.000000000000000000e+00,0.000000000000000000e+00,0.000000000000000000e+00,0.000000000000000000e+00,0.000000000000000000e+00,1.000000000000000000e+00,0.000000000000000000e+00,0.000000000000000000e+00,0.000000000000000000e+00,0.000000000000000000e+00,0.000000000000000000e+00,0.000000000000000000e+00,0.000000000000000000e+00,0.000000000000000000e+00,0.000000000000000000e+00,0.000000000000000000e+00,0.000000000000000000e+00,0.000000000000000000e+00,0.000000000000000000e+00,0.000000000000000000e+00,0.000000000000000000e+00,0.000000000000000000e+00,0.000000000000000000e+00,0.000000000000000000e+00,0.000000000000000000e+00,0.000000000000000000e+00,0.000000000000000000e+00,0.000000000000000000e+00,0.000000000000000000e+00,0.000000000000000000e+00,0.000000000000000000e+00
0.000000000000000000e+00,0.000000000000000000e+00,0.000000000000000000e+00,0.000000000000000000e+00,0.000000000000000000e+00,0.000000000000000000e+00,0.000000000000000000e+00,0.000000000000000000e+00,0.000000000000000000e+00,0.000000000000000000e+00,0.000000000000000000e+00,0.000000000000000000e+00,0.000000000000000000e+00,0.000000000000000000e+00,0.000000000000000000e+00,0.000000000000000000e+00,0.000000000000000000e+00,0.000000000000000000e+00,0.000000000000000000e+00,0.000000000000000000e+00,0.000000000000000000e+00,0.000000000000000000e+00,0.000000000000000000e+00,1.000000000000000000e+00,0.000000000000000000e+00,0.000000000000000000e+00,0.000000000000000000e+00,0.000000000000000000e+00,0.000000000000000000e+00,0.000000000000000000e+00,0.000000000000000000e+00,0.000000000000000000e+00,0.000000000000000000e+00,0.000000000000000000e+00,0.000000000000000000e+00,0.000000000000000000e+00,0.000000000000000000e+00,0.000000000000000000e+00,0.000000000000000000e+00,0.000000000000000000e+00,0.000000000000000000e+00,0.000000000000000000e+00,0.000000000000000000e+00,0.000000000000000000e+00,0.000000000000000000e+00,0.000000000000000000e+00,0.000000000000000000e+00,0.000000000000000000e+00
4.087774455547332764e-01,-9.328138828277587891e-02,2.491948939859867096e-02,-5.867266282439231873e-02,-1.538099199533462524e-01,-1.539285629987716675e-01,-1.712663173675537109e-01,2.388436198234558105e-01,7.887287437915802002e-02,-2.032042667269706726e-02,2.300812304019927979e-01,8.045029640197753906e-02,8.745223283767700195e-02,-2.124783396720886230e-01,9.305387735366821289e-02,6.639095395803451538e-02,-9.365807287395000458e-03,0.000000000000000000e+00,0.000000000000000000e+00,-3.785065561532974243e-02,0.000000000000000000e+00,0.000000000000000000e+00,0.000000000000000000e+00,0.000000000000000000e+00,1.000000000000000000e+00,-2.513737678527832031e-01,2.525285482406616211e-01,1.773335337638854980e-01,-2.693496085703372955e-02,-3.839603364467620850e-01,4.188589006662368774e-02,0.000000000000000000e+00,4.083312153816223145e-01,1.405848264694213867e-01,1.439125984907150269e-01,-1.997810751199722290e-01,1.149896159768104553e-01,1.223899889737367630e-02,-1.060846820473670959e-01,0.000000000000000000e+00,-2.531873285770416260e-01,-1.133519783616065979e-01,-5.777954682707786560e-02,6.669356022030115128e-03,-1.340685412287712097e-03,-6.563410907983779907e-02,0.000000000000000000e+00,0.000000000000000000e+00
-4.049817025661468506e-01,-3.462866246700286865e-01,5.256749391555786133e-01,2.533860802650451660e-01,1.962110847234725952e-01,2.757112085819244385e-01,6.756177544593811035e-02,1.487984210252761841e-01,-8.862135931849479675e-03,-1.344416290521621704e-01,-1.262744814157485962e-01,-1.700524091720581055e-01,-6.504937540739774704e-03,4.749769270420074463e-01,-1.105540692806243896e-01,-3.604512289166450500e-02,-2.222795188426971436e-01,0.000000000000000000e+00,0.000000000000000000e+00,1.673972010612487793e-01,0.000000000000000000e+00,0.000000000000000000e+00,0.000000000000000000e+00,0.000000000000000000e+00,-2.513737678527832031e-01,1.000000000000000000e+00,-2.247827798128128052e-01,-1.420336812734603882e-01,-2.148062586784362793e-01,5.685169100761413574e-01,8.917827159166336060e-02,0.000000000000000000e+00,-1.724419593811035156e-01,-1.488459855318069458e-01,-1.280191540718078613e-01,4.619556963443756104e-01,7.344461232423782349e-02,5.213470757007598877e-02,7.448086142539978027e-02,0.000000000000000000e+00,-1.107397153973579407e-01,-7.289516180753707886e-02,3.250786289572715759e-02,1.348685473203659058e-01,-3.562553785741329193e-03,-1.472659558057785034e-01,0.000000000000000000e+00,0.000000000000000000e+00
2.754636406898498535e-01,2.692587077617645264e-01,-1.863912940025329590e-01,8.967018127441406250e-02,-9.648210555315017700e-02,-1.140537783503532410e-01,-1.105415374040603638e-01,2.293984591960906982e-01,-1.566577255725860596e-01,-6.592289358377456665e-02,-6.821969896554946899e-02,-1.435861289501190186e-01,3.420538082718849182e-02,-1.223023161292076111e-01,-1.480149179697036743e-01,1.957192644476890564e-02,1.694112122058868408e-01,0.000000000000000000e+00,0.000000000000000000e+00,2.662873081862926483e-02,0.000000000000000000e+00,0.000000000000000000e+00,0.000000000000000000e+00,0.000000000000000000e+00,2.525285482406616211e-01,-2.247827947139739990e-01,1.000000000000000000e+00,-5.429260060191154480e-02,7.408147305250167847e-02,-2.424295395612716675e-01,-1.431828439235687256e-01,0.000000000000000000e+00,2.868855595588684082e-01,2.850528657436370850e-01,1.591228544712066650e-01,-3.367416858673095703e-01,2.076426297426223755e-01,3.778359666466712952e-02,-2.832955718040466309e-01,0.000000000000000000e+00,5.035498738288879395e-02,5.802731961011886597e-02,8.780648931860923767e-03,1.848922483623027802e-02,1.875328570604324341e-01,5.107079446315765381e-02,0.000000000000000000e+00,0.000000000000000000e+00
3.068695217370986938e-02,-1.138366237282752991e-01,9.248632937669754028e-02,-1.514858752489089966e-01,6.903175264596939087e-03,-5.164898559451103210e-02,-1.618338078260421753e-01,9.310850501060485840e-02,1.101320534944534302e-01,-5.787444766610860825e-03,1.327747255563735962e-01,-1.771326735615730286e-02,-4.655836895108222961e-02,-2.090089023113250732e-01,1.401869952678680420e-01,-4.713331535458564758e-02,-6.133852899074554443e-02,0.000000000000000000e+00,0.000000000000000000e+00,-1.606976985931396484e-01,0.000000000000000000e+00,0.000000000000000000e+00,0.000000000000000000e+00,0.000000000000000000e+00,1.773335188627243042e-01,-1.420336812734603882e-01,-5.429260432720184326e-02,1.000000000000000000e+00,4.692389369010925293e-01,-1.625152528285980225e-01,-2.229693382978439331e-01,0.000000000000000000e+00,-1.805230975151062012e-01,-2.113244682550430298e-01,-1.650397330522537231e-01,-1.687859296798706055e-01,-1.497717052698135376e-01,-1.270377039909362793e-01,1.218425855040550232e-02,0.000000000000000000e+00,3.255252726376056671e-03,1.744232028722763062e-01,-6.447079777717590332e-02,3.596185520291328430e-02,6.726538389921188354e-02,-6.228435412049293518e-02,0.000000000000000000e+00,0.000000000000000000e+00
2.035878896713256836e-01,1.119785383343696594e-02,-2.731505632400512695e-01,-7.472585141658782959e-02,1.143135055899620056e-01,1.919248700141906738e-01,2.209899760782718658e-02,-2.382322214543819427e-02,-1.927724778652191162e-01,-2.377708703279495239e-01,8.063197880983352661e-02,-1.149826347827911377e-01,-2.501517347991466522e-02,-1.865900754928588867e-01,-2.770282886922359467e-02,-1.482035964727401733e-01,1.474583297967910767e-01,0.000000000000000000e+00,0.000000000000000000e+00,-7.251716405153274536e-02,0.000000000000000000e+00,0.000000000000000000e+00,0.000000000000000000e+00,0.000000000000000000e+00,-2.693496085703372955e-02,-2.148062586784362793e-01,7.408147305250167847e-02,4.692389369010925293e-01,1.000000000000000000e+00,-2.406455576419830322e-01,-1.685550808906555176e-01,0.000000000000000000e+00,-3.721992671489715576e-02,-3.795366734266281128e-03,2.091390080749988556e-02,-2.759640812873840332e-01,4.280909430235624313e-03,4.243164509534835815e-02,-8.563510328531265259e-02,0.000000000000000000e+00,1.298898458480834961e-01,1.810717731714248657e-01,-1.878814995288848877e-01,-1.359809488058090210e-01,-4.440744966268539429e-02,-1.217343509197235107e-01,0.000000000000000000e+00,0.000000000000000000e+00
-5.091072320938110352e-01,-1.497258543968200684e-01,4.835438430309295654e-01,2.052676081657409668e-01,1.893418654799461365e-02,2.372756004333496094e-01,3.876235783100128174e-01,-2.610135376453399658e-01,1.020082086324691772e-01,1.761022806167602539e-01,-1.491988152265548706e-01,2.630777060985565186e-01,-5.314497277140617371e-02,3.020460307598114014e-01,1.535564064979553223e-01,8.529660105705261230e-02,-6.980484724044799805e-02,0.000000000000000000e+00,0.000000000000000000e+00,6.173057854175567627e-02,0.000000000000000000e+00,0.000000000000000000e+00,0.000000000000000000e+00,0.000000000000000000e+00,-3.839603364467620850e-01,5.685169100761413574e-01,-2.424295395612716675e-01,-1.625152528285980225e-01,-2.406455576419830322e-01,1.000000000000000000e+00,7.358502596616744995e-02,0.000000000000000000e+00,-4.567855596542358398e-01,-1.907511651515960693e-01,-2.670555412769317627e-01,5.218105316162109375e-01,1.977317780256271362e-02,-1.767893284559249878e-01,3.234338164329528809e-01,0.000000000000000000e+00,6.355515122413635254e-02,1.156945824623107910e-01,3.465597033500671387e-01,2.582245506346225739e-02,-1.020557805895805359e-01,2.382129728794097900e-01,0.000000000000000000e+00,0.000000000000000000e+00
5.486962385475635529e-03,-6.393744796514511108e-02,1.404346078634262085e-01,-3.526586224325001240e-04,-6.048036739230155945e-02,-1.931563392281532288e-02,1.290322002023458481e-02,-1.291338056325912476e-01,1.520789861679077148e-01,5.449052527546882629e-02,-6.685005035251379013e-03,5.053940787911415100e-02,8.119924366474151611e-02,1.172491386532783508e-01,2.721977047622203827e-02,-1.304881647229194641e-02,-4.902844317257404327e-03,0.000000000000000000e+00,0.000000000000000000e+00,5.382478982210159302e-02,0.000000000000000000e+00,0.000000000000000000e+00,0.000000000000000000e+00,0.000000000000000000e+00,4.188589006662368774e-02,8.917827159166336060e-02,-1.431828439235687256e-01,-2.229693233966827393e-01,-1.685550659894943237e-01,7.358502596616744995e-02,1.000000000000000000e+00,0.000000000000000000e+00,1.183707341551780701e-01,-1.731179207563400269e-01,-5.970216169953346252e-02,1.231793239712715149e-01,-2.154252529144287109e-01,-3.046343289315700531e-02,-1.288799010217189789e-02,0.000000000000000000e+00,-2.533283531665802002e-01,-3.892340362071990967e-01,1.192414294928312302e-02,1.067311689257621765e-01,-1.879440546035766602e-01,-8.742634952068328857e-02,0.000000000000000000e+00,0.000000000000000000e+00
0.000000000000000000e+00,0.000000000000000000e+00,0.000000000000000000e+00,0.000000000000000000e+00,0.000000000000000000e+00,0.000000000000000000e+00,0.000000000000000000e+00,0.000000000000000000e+00,0.000000000000000000e+00,0.000000000000000000e+00,0.000000000000000000e+00,0.000000000000000000e+00,0.000000000000000000e+00,0.000000000000000000e+00,0.000000000000000000e+00,0.000000000000000000e+00,0.000000000000000000e+00,0.000000000000000000e+00,0.000000000000000000e+00,0.000000000000000000e+00,0.000000000000000000e+00,0.000000000000000000e+00,0.000000000000000000e+00,0.000000000000000000e+00,0.000000000000000000e+00,0.000000000000000000e+00,0.000000000000000000e+00,0.000000000000000000e+00,0.000000000000000000e+00,0.000000000000000000e+00,0.000000000000000000e+00,1.000000000000000000e+00,0.000000000000000000e+00,0.000000000000000000e+00,0.000000000000000000e+00,0.000000000000000000e+00,0.000000000000000000e+00,0.000000000000000000e+00,0.000000000000000000e+00,0.000000000000000000e+00,0.000000000000000000e+00,0.000000000000000000e+00,0.000000000000000000e+00,0.000000000000000000e+00,0.000000000000000000e+00,0.000000000000000000e+00,0.000000000000000000e+00,0.000000000000000000e+00
