1.000000000000000000e+00,2.638024985790252686e-01,6.438584327697753906e-01,5.101986527442932129e-01,4.222266077995300293e-01,4.008987843990325928e-01,4.741052091121673584e-01,7.907175272703170776e-02,-4.267819225788116455e-02,-4.665002524852752686e-01,-2.054256387054920197e-03,-3.674836158752441406e-01,-5.824704840779304504e-02,-6.702706217765808105e-02,-5.892891883850097656e-01,4.088724553585052490e-01,-3.285732865333557129e-01,-4.276094734668731689e-01,-1.679816693067550659e-01,-1.812896728515625000e-01,-6.311013549566268921e-02,-2.932089865207672119e-01,0.000000000000000000e+00,-2.067779004573822021e-01,-3.133398294448852539e-02,5.821441411972045898e-01,-2.383131235837936401e-01,6.517175436019897461e-01,3.162861466407775879e-01,-4.927310645580291748e-01,-5.765607357025146484e-01,2.271054536104202271e-01,4.291778802871704102e-01,-3.619234859943389893e-01,-3.708917200565338135e-01,-6.011891961097717285e-01,-3.832066357135772705e-01,-6.077805757522583008e-01,-5.359894037246704102e-01,7.126116193830966949e-03,4.708321094512939453e-01,4.493293464183807373e-01,6.289169937372207642e-02,-4.956367611885070801e-02,2.284213602542877197e-01,-1.735493838787078857e-01,-2.977021224796772003e-02,0.000000000000000000e+00
2.638024985790252686e-01,1.000000000000000000e+00,3.103286027908325195e-01,4.679626226425170898e-01,1.949833482503890991e-01,4.097556229680776596e-03,-1.637986451387405396e-01,2.180974036455154419e-01,1.398990005254745483e-01,-2.285210639238357544e-01,1.203333586454391479e-01,-3.619546592235565186e-01,6.897784769535064697e-02,1.579673141241073608e-01,-2.583338916301727295e-01,4.341929256916046143e-01,-5.284693837165832520e-01,-2.473857104778289795e-01,-4.554969072341918945e-01,-9.871414303779602051e-02,-1.676147729158401489e-01,-2.884585224092006683e-02,0.000000000000000000e+00,-3.221539258956909180e-01,2.242638915777206421e-01,1.269983053207397461e-01,-2.652699351310729980e-01,2.468339055776596069e-01,8.069989830255508423e-02,-2.212290018796920776e-01,-3.869661092758178711e-01,4.526508226990699768e-02,4.135732352733612061e-01,2.001537084579467773e-01,2.824975252151489258e-01,-4.417370259761810303e-02,1.157699748873710632e-01,-2.184131182730197906e-03,-3.710827827453613281e-01,-7.355173677206039429e-02,5.462428331375122070e-01,5.084132552146911621e-01,-5.185038316994905472e-03,3.236774504184722900e-01,5.433316230773925781e-01,-2.268237024545669556e-01,-1.462060511112213135e-01,0.000000000000000000e+00
6.438584327697753906e-01,3.103286027908325195e-01,1.000000000000000000e+00,7.215815782546997070e-01,3.433637320995330811e-01,2.901405096054077148e-01,4.758785963058471680e-01,2.118195220828056335e-02,-1.256629526615142822e-01,-4.886564016342163086e-01,1.329499483108520508e-01,-3.929893672466278076e-01,-4.494483768939971924e-02,1.548125036060810089e-02,-6.356261968612670898e-01,4.411730170249938965e-01,-2.822273969650268555e-01,-2.862004339694976807e-01,-2.574712634086608887e-01,-8.160824328660964966e-02,1.638819463551044464e-02,-2.908133268356323242e-01,0.000000000000000000e+00,-3.574979603290557861e-01,-1.934425160288810730e-02,6.863260865211486816e-01,-1.307756453752517700e-01,5.089529752731323242e-01,2.731548547744750977e-01,-3.873895108699798584e-01,-4.551043510437011719e-01,1.016871407628059387e-01,2.362084388732910156e-01,-2.028950303792953491e-01,-2.141034901142120361e-01,-5.713381171226501465e-01,-1.648269444704055786e-01,-6.062421798706054688e-01,-5.769334435462951660e-01,-3.190555796027183533e-02,3.875341415405273438e-01,3.861336112022399902e-01,1.191500853747129440e-02,-9.097468852996826172e-02,3.082430362701416016e-01,-2.753349244594573975e-01,-4.313181713223457336e-02,0.000000000000000000e+00
5.101986527442932129e-01,4.679626226425170898e-01,7.215815782546997070e-01,1.000000000000000000e+00,1.918531954288482666e-01,7.916652411222457886e-02,1.831409782171249390e-01,-8.418786339461803436e-03,-2.872219383716583252e-01,-5.412481427192687988e-01,1.837475448846817017e-01,-5.000111460685729980e-01,7.355653494596481323e-02,-1.185787841677665710e-02,-5.973799228668212891e-01,5.036832094192504883e-01,-2.953687012195587158e-01,-1.509036570787429810e-01,-2.670009732246398926e-01,-2.937790565192699432e-02,3.752458840608596802e-02,-2.412285655736923218e-01,0.000000000000000000e+00,-3.479540944099426270e-01,9.997580200433731079e-02,4.308663010597229004e-01,4.241208732128143311e-02,3.463517129421234131e-01,1.864730864763259888e-01,-2.215490341186523438e-01,-2.825714349746704102e-01,1.224795505404472351e-01,1.831704527139663696e-01,3.005338273942470551e-02,3.698159009218215942e-02,-3.500467538833618164e-01,-4.584209620952606201e-02,-4.639720916748046875e-01,-5.922481417655944824e-01,-5.936666205525398254e-02,3.431429564952850342e-01,4.212010502815246582e-01,1.227073743939399719e-01,-7.181613892316818237e-02,5.178892016410827637e-01,-2.480387091636657715e-01,3.299483284354209900e-02,0.000000000000000000e+00
4.222265779972076416e-01,1.949833631515502930e-01,3.433637320995330811e-01,1.918531954288482666e-01,1.000000000000000000e+00,7.810854315757751465e-01,3.569551706314086914e-01,2.808914780616760254e-01,1.826638877391815186e-01,-5.416572466492652893e-02,1.106103956699371338e-01,-2.039513317868113518e-03,1.783458739519119263e-01,2.321960479021072388e-01,-3.890984058380126953e-01,3.660699725151062012e-01,-2.250148355960845947e-01,-5.178229808807373047e-01,-1.520976126194000244e-01,-2.437315583229064941e-01,-1.012659370899200439e-01,-1.092764660716056824e-01,0.000000000000000000e+00,-1.387874335050582886e-01,-7.718839496374130249e-02,3.454011380672454834e-01,-5.134471654891967773e-01,3.108369112014770508e-01,1.673972606658935547e-01,-1.466620340943336487e-02,-4.298081994056701660e-01,1.877842843532562256e-01,3.317291736602783203e-01,-2.883896529674530029e-01,-2.102816253900527954e-01,-3.121781945228576660e-01,2.899945713579654694e-02,-3.476772606372833252e-01,-1.603230088949203491e-01,1.896300911903381348e-02,6.796462535858154297e-01,4.614291787147521973e-01,1.161672770977020264e-01,1.289033442735671997e-01,1.948436796665191650e-01,1.784407049417495728e-01,-1.038677766919136047e-01,0.000000000000000000e+00
4.008987843990325928e-01,4.097556229680776596e-03,2.901405096054077148e-01,7.916652411222457886e-02,7.810854315757751465e-01,1.000000000000000000e+00,5.060369968414306641e-01,7.082112878561019897e-02,1.260315179824829102e-01,-8.287028968334197998e-02,-7.000226993113756180e-03,2.580790966749191284e-02,1.269686222076416016e-01,1.156598106026649475e-01,-4.157975316047668457e-01,2.345815002918243408e-01,-6.133173406124114990e-02,-4.993850886821746826e-01,4.130187258124351501e-02,-2.145447731018066406e-01,-6.788517534732818604e-02,-1.360928267240524292e-01,0.000000000000000000e+00,-5.343349650502204895e-02,-2.474752962589263916e-01,3.722407519817352295e-01,-4.834488630294799805e-01,2.801254689693450928e-01,1.352577060461044312e-01,4.563723132014274597e-02,-3.627980947494506836e-01,1.656460762023925781e-01,2.578697800636291504e-01,-2.817376554012298584e-01,-3.146407902240753174e-01,-3.777079284191131592e-01,-1.415080279111862183e-01,-3.984236717224121094e-01,-9.608689695596694946e-02,1.183860749006271362e-02,5.609435439109802246e-01,4.433834552764892578e-01,2.203434705734252930e-01,-2.231643535196781158e-03,7.523752748966217041e-02,2.448823601007461548e-01,-4.984594415873289108e-04,0.000000000000000000e+00
4.741052091121673584e-01,-1.637986451387405396e-01,4.758785665035247803e-01,1.831409633159637451e-01,3.569551706314086914e-01,5.060369968414306641e-01,1.000000000000000000e+00,-5.327582359313964844e-02,6.532776355743408203e-02,-2.486069947481155396e-01,-8.332078903913497925e-02,7.924491167068481445e-02,-3.299731612205505371e-01,7.400401681661605835e-02,-3.564441502094268799e-01,5.324168130755424500e-02,2.375152707099914551e-01,-3.337234556674957275e-01,8.228199928998947144e-02,-3.271876275539398193e-01,-1.790239214897155762e-01,-2.241473495960235596e-01,0.000000000000000000e+00,-2.421909272670745850e-01,-2.256699502468109131e-01,7.124187350273132324e-01,-2.509289383888244629e-01,4.396869242191314697e-01,4.223538935184478760e-01,-2.961580157279968262e-01,-4.385568797588348389e-01,6.983222067356109619e-02,1.073473542928695679e-01,-4.522125422954559326e-01,-5.017916560173034668e-01,-5.945643782615661621e-01,-2.965148985385894775e-01,-5.912612080574035645e-01,-1.332989335060119629e-01,4.555972293019294739e-02,1.725139468908309937e-01,2.445610463619232178e-01,-3.327199444174766541e-02,-7.294265925884246826e-02,-9.073030203580856323e-02,-1.326268613338470459e-01,-1.069945245981216431e-01,0.000000000000000000e+00
7.907175272703170776e-02,2.180974185466766357e-01,2.118195034563541412e-02,-8.418787270784378052e-03,2.808914780616760254e-01,7.082112878561019897e-02,-5.327582359313964844e-02,1.000000000000000000e+00,4.038693606853485107e-01,1.282927021384239197e-02,4.673703014850616455e-01,6.164185330271720886e-02,1.186021342873573303e-01,5.141225457191467285e-01,2.428183518350124359e-02,2.326101511716842651e-01,-1.850081533193588257e-01,-2.371855825185775757e-01,-2.677821516990661621e-01,-3.108905255794525146e-01,-7.722661644220352173e-02,7.411783933639526367e-02,0.000000000000000000e+00,-1.575432270765304565e-01,1.299022287130355835e-01,6.041575223207473755e-02,-1.737479567527770996e-01,7.196987420320510864e-02,8.226523548364639282e-02,-9.448279440402984619e-02,-2.776571512222290039e-01,-8.319864422082901001e-02,3.467683494091033936e-01,-8.128554373979568481e-02,2.465248480439186096e-02,8.887569606304168701e-02,4.162065982818603516e-01,-3.072151914238929749e-02,6.489907205104827881e-02,-1.180538069456815720e-02,1.813099086284637451e-01,8.656149357557296753e-02,-2.231385409832000732e-01,4.592651128768920898e-01,-4.137453436851501465e-02,-1.804416179656982422e-01,4.891621693968772888e-02,0.000000000000000000e+00
-4.267819225788116455e-02,1.398990005254745483e-01,-1.256629526615142822e-01,-2.872219383716583252e-01,1.826639026403427124e-01,1.260315179824829102e-01,6.532776355743408203e-02,4.038693606853485107e-01,1.000000000000000000e+00,3.377748727798461914e-01,-3.300545504316687584e-03,2.619560658931732178e-01,-1.309721320867538452e-01,2.753592133522033691e-01,1.398155987262725830e-01,-3.682411834597587585e-02,-1.682952642440795898e-01,-3.136818706989288330e-01,-1.961688995361328125e-01,-3.545010387897491455e-01,-3.698835968971252441e-01,1.911686956882476807e-01,0.000000000000000000e+00,-3.012733533978462219e-03,-3.412084653973579407e-03,1.134463772177696228e-01,-5.160865783691406250e-01,1.513033062219619751e-01,2.954605519771575928e-01,-1.201778054237365723e-01,-2.903491258621215820e-01,-1.384112983942031860e-01,1.685631573200225830e-01,-2.232031971216201782e-01,-3.040082566440105438e-02,1.316034942865371704e-01,2.995011024177074432e-02,1.162641718983650208e-01,2.135842740535736084e-01,7.547027617692947388e-02,2.258652895689010620e-01,1.318665742874145508e-01,-2.403974980115890503e-01,5.379005074501037598e-01,-7.294212281703948975e-02,-8.080397546291351318e-02,-2.677999138832092285e-01,0.000000000000000000e+00
-4.665002524852752686e-01,-2.285210639238357544e-01,-4.886564016342163086e-01,-5.412481427192687988e-01,-5.416572466492652893e-02,-8.287028968334197998e-02,-2.486069947481155396e-01,1.282927021384239197e-02,3.377748727798461914e-01,1.000000000000000000e+00,-2.488900423049926758e-01,6.340932846069335938e-01,1.087363362312316895e-01,8.297230303287506104e-02,4.177342653274536133e-01,-4.294234216213226318e-01,4.402152821421623230e-02,2.401891499757766724e-01,8.627109229564666748e-02,2.098268717527389526e-01,4.878658428788185120e-02,3.719693422317504883e-01,0.000000000000000000e+00,3.843551874160766602e-01,-6.901944987475872040e-03,-3.503701984882354736e-01,-2.283021360635757446e-01,-2.897962629795074463e-01,-1.027399152517318726e-01,2.072046399116516113e-01,3.528310954570770264e-01,-1.448004394769668579e-01,-1.920735538005828857e-01,6.103130057454109192e-03,-4.747319221496582031e-02,4.480160176753997803e-01,1.194610521197319031e-01,4.847308099269866943e-01,5.619543790817260742e-01,3.257826566696166992e-01,-1.312690526247024536e-01,-2.112276256084442139e-01,7.816846668720245361e-02,2.244527190923690796e-01,-1.351398080587387085e-01,4.158237874507904053e-01,-3.264784216880798340e-01,0.000000000000000000e+00
-2.054256387054920197e-03,1.203333586454391479e-01,1.329499483108520508e-01,1.837475448846817017e-01,1.106103956699371338e-01,-7.000226993113756180e-03,-8.332078158855438232e-02,4.673703014850616455e-01,-3.300545504316687584e-03,-2.488900423049926758e-01,1.000000000000000000e+00,-1.241312921047210693e-01,2.630220055580139160e-01,5.500770807266235352e-01,-1.368090063333511353e-01,4.165779650211334229e-01,1.781321130692958832e-03,7.718776166439056396e-02,-1.335001140832901001e-01,-1.175120547413825989e-01,1.234722658991813660e-01,4.487525671720504761e-02,0.000000000000000000e+00,-1.324067711830139160e-01,1.287393122911453247e-01,5.376059096306562424e-03,1.911936253309249878e-01,-4.297964274883270264e-02,-1.001195609569549561e-01,4.974658414721488953e-02,4.802164807915687561e-02,2.125456742942333221e-02,2.923541888594627380e-02,3.096535429358482361e-02,9.341523051261901855e-02,4.076623916625976562e-02,3.991279900074005127e-01,-2.629699110984802246e-01,-1.418562233448028564e-01,-2.354135513305664062e-01,5.889980494976043701e-02,-7.393163442611694336e-02,-1.412609666585922241e-01,1.195717453956604004e-01,-3.260217234492301941e-02,-3.028092682361602783e-01,4.023158252239227295e-01,0.000000000000000000e+00
-3.674835860729217529e-01,-3.619546592235565186e-01,-3.929893672466278076e-01,-5.000111460685729980e-01,-2.039513317868113518e-03,2.580791153013706207e-02,7.924490422010421753e-02,6.164185330271720886e-02,2.619560658931732178e-01,6.340932846069335938e-01,-1.241312921047210693e-01,1.000000000000000000e+00,-2.974570356309413910e-02,1.456337720155715942e-01,3.417894840240478516e-01,-5.450922250747680664e-01,2.193035334348678589e-01,6.873213499784469604e-02,8.768242597579956055e-02,-6.060415506362915039e-02,5.371318757534027100e-02,1.523845195770263672e-01,0.000000000000000000e+00,1.208434179425239563e-01,-2.072174102067947388e-01,-1.045681089162826538e-01,-1.856037080287933350e-01,-2.000956088304519653e-01,1.234508082270622253e-01,2.946914732456207275e-01,2.275155633687973022e-01,-7.238718867301940918e-02,-1.815962195396423340e-01,-5.257678031921386719e-02,-2.794290482997894287e-01,2.746672034263610840e-01,1.618437319993972778e-01,2.440911084413528442e-01,6.809070110321044922e-01,3.225874006748199463e-01,-2.404283583164215088e-01,-1.656294912099838257e-01,4.905740171670913696e-02,3.286246359348297119e-01,-1.659803688526153564e-01,3.755199313163757324e-01,-2.538210749626159668e-01,0.000000000000000000e+00
-5.824704840779304504e-02,6.897784769535064697e-02,-4.494483768939971924e-02,7.355653494596481323e-02,1.783458888530731201e-01,1.269686222076416016e-01,-3.299731314182281494e-01,1.186021342873573303e-01,-1.309721320867538452e-01,1.087363362312316895e-01,2.630220055580139160e-01,-2.974570356309413910e-02,1.000000000000000000e+00,4.171226918697357178e-02,-7.097317278385162354e-02,2.088388055562973022e-01,-2.072118520736694336e-01,-4.212821274995803833e-02,-1.071444526314735413e-01,1.502309441566467285e-01,3.904725909233093262e-01,-1.679771812632679939e-03,0.000000000000000000e+00,1.723709106445312500e-01,4.252847656607627869e-02,-2.792566418647766113e-01,4.860900714993476868e-02,-1.417562961578369141e-01,-2.145807445049285889e-01,3.080236315727233887e-01,1.584058254957199097e-01,7.026803493499755859e-02,-4.211242124438285828e-02,1.812912225723266602e-01,1.866290271282196045e-01,1.690260618925094604e-01,2.422200739383697510e-01,1.172343790531158447e-01,1.644050702452659607e-02,-1.905818432569503784e-01,1.109410598874092102e-01,1.573088392615318298e-02,1.962843537330627441e-01,4.813704267144203186e-02,9.095533937215805054e-02,2.908644080162048340e-01,3.870717287063598633e-01,0.000000000000000000e+00
-6.702706217765808105e-02,1.579673141241073608e-01,1.548125036060810089e-02,-1.185787841677665710e-02,2.321960479021072388e-01,1.156598106026649475e-01,7.400400936603546143e-02,5.141224861145019531e-01,2.753592133522033691e-01,8.297230303287506104e-02,5.500770807266235352e-01,1.456337720155715942e-01,4.171226918697357178e-02,1.000000000000000000e+00,2.952593378722667694e-02,2.455307692289352417e-01,2.700062096118927002e-02,-2.767988853156566620e-02,-1.461093425750732422e-01,-2.268251031637191772e-01,-8.994846791028976440e-02,2.011604607105255127e-01,0.000000000000000000e+00,-7.511322200298309326e-02,1.235544458031654358e-01,7.361464947462081909e-02,-1.051686704158782959e-01,-2.418567426502704620e-02,5.607725307345390320e-02,-1.119610760360956192e-02,-1.145061254501342773e-01,-1.508319228887557983e-01,1.308516860008239746e-01,-1.415349729359149933e-02,-2.090488560497760773e-02,1.567932963371276855e-01,4.213349819183349609e-01,-7.350021600723266602e-02,1.757670044898986816e-01,4.601897206157445908e-03,1.578840017318725586e-01,6.342183053493499756e-02,-1.032330393791198730e-01,3.003185391426086426e-01,-4.583137109875679016e-03,-1.788205802440643311e-01,2.594397962093353271e-02,0.000000000000000000e+00
-5.892891883850097656e-01,-2.583338916301727295e-01,-6.356261968612670898e-01,-5.973798632621765137e-01,-3.890984058380126953e-01,-4.157975018024444580e-01,-3.564441502094268799e-01,2.428183332085609436e-02,1.398155987262725830e-01,4.177342653274536133e-01,-1.368090063333511353e-01,3.417894840240478516e-01,-7.097318023443222046e-02,2.952593378722667694e-02,1.000000000000000000e+00,-3.785855770111083984e-01,2.383045703172683716e-01,2.623135447502136230e-01,1.542283594608306885e-01,4.511563107371330261e-02,-4.085239395499229431e-02,2.171021252870559692e-01,0.000000000000000000e+00,2.627789974212646484e-01,5.452142655849456787e-02,-4.518254995346069336e-01,1.984105706214904785e-01,-2.693623006343841553e-01,-1.168558523058891296e-01,1.426848173141479492e-01,2.503193020820617676e-01,-1.892251521348953247e-01,-3.277753591537475586e-01,1.553493291139602661e-01,1.869587898254394531e-01,4.398625791072845459e-01,2.539601624011993408e-01,6.575638651847839355e-01,5.723654031753540039e-01,-3.470785543322563171e-02,-4.660548865795135498e-01,-3.768490552902221680e-01,-2.101662307977676392e-01,6.218044087290763855e-02,-3.304944336414337158e-01,1.001615151762962341e-01,-4.647170752286911011e-02,0.000000000000000000e+00
4.088724553585052490e-01,4.341929256916046143e-01,4.411730170249938965e-01,5.036832094192504883e-01,3.660699427127838135e-01,2.345815002918243408e-01,5.324168130755424500e-02,2.326101511716842651e-01,-3.682411834597587585e-02,-4.294234216213226318e-01,4.165779650211334229e-01,-5.450921654701232910e-01,2.088388055562973022e-01,2.455307692289352417e-01,-3.785856068134307861e-01,1.000000000000000000e+00,-2.667355835437774658e-01,-1.955244094133377075e-01,-2.662878930568695068e-01,-1.309290081262588501e-01,-1.155586019158363342e-01,-5.917569249868392944e-02,0.000000000000000000e+00,-1.596125066280364990e-01,2.114099711179733276e-01,2.439471483230590820e-01,-7.781205326318740845e-02,3.381897509098052979e-01,2.787033468484878540e-02,-1.912323534488677979e-01,-3.293424248695373535e-01,9.378059208393096924e-02,2.081308066844940186e-01,-8.014345169067382812e-02,2.054378390312194824e-01,-2.228215336799621582e-01,1.152999699115753174e-02,-3.459945023059844971e-01,-5.481151342391967773e-01,-2.433299571275711060e-01,4.804432690143585205e-01,3.737969696521759033e-01,8.505448698997497559e-03,-2.537661697715520859e-03,2.840493321418762207e-01,-2.202511727809906006e-01,2.329131662845611572e-01,0.000000000000000000e+00
-3.285732865333557129e-01,-5.284693241119384766e-01,-2.822273969650268555e-01,-2.953687012195587158e-01,-2.250148355960845947e-01,-6.133173778653144836e-02,2.375152707099914551e-01,-1.850081533193588257e-01,-1.682952642440795898e-01,4.402152821421623230e-02,1.781321130692958832e-03,2.193035185337066650e-01,-2.072118520736694336e-01,2.700062096118927002e-02,2.383045703172683716e-01,-2.667355835437774658e-01,1.000000000000000000e+00,4.329623878002166748e-01,6.731923818588256836e-01,9.916816651821136475e-02,2.933874726295471191e-02,9.635666757822036743e-02,0.000000000000000000e+00,-1.025103963911533356e-02,-1.727256327867507935e-01,-7.948916405439376831e-02,2.637819051742553711e-01,-2.840853631496429443e-01,-1.165086030960083008e-01,1.343277841806411743e-01,2.739175856113433838e-01,-4.100356251001358032e-02,-3.955299854278564453e-01,-9.421176463365554810e-02,-4.485567286610603333e-02,-1.734190387651324272e-03,7.816385477781295776e-02,1.469427999109029770e-02,2.453379333019256592e-01,-4.249488189816474915e-02,-4.086797833442687988e-01,-2.244358211755752563e-01,4.196186363697052002e-02,-2.115417271852493286e-01,-3.642017543315887451e-01,5.866761133074760437e-02,4.230447858572006226e-02,0.000000000000000000e+00
-4.276094734668731689e-01,-2.473857104778289795e-01,-2.862004339694976807e-01,-1.509036570787429810e-01,-5.178229808807373047e-01,-4.993850886821746826e-01,-3.337234556674957275e-01,-2.371855825185775757e-01,-3.136818706989288330e-01,2.401891499757766724e-01,7.718776166439056396e-02,6.873213499784469604e-02,-4.212821274995803833e-02,-2.767988853156566620e-02,2.623135447502136230e-01,-1.955244094133377075e-01,4.329623878002166748e-01,1.000000000000000000e+00,4.206101596355438232e-01,6.224157810211181641e-01,2.775968909263610840e-01,3.259474933147430420e-01,0.000000000000000000e+00,2.287347614765167236e-01,3.410733118653297424e-02,-4.073351621627807617e-01,4.199392199516296387e-01,-4.171778559684753418e-01,-4.160240888595581055e-01,1.011727377772331238e-01,5.954858660697937012e-01,-5.695892497897148132e-02,-3.870956897735595703e-01,2.111836820840835571e-01,1.709866821765899658e-01,3.473680019378662109e-01,1.038217246532440186e-01,2.546051144599914551e-01,1.452616751194000244e-01,9.581744670867919922e-02,-4.761534631252288818e-01,-3.471793234348297119e-01,1.468607336282730103e-01,-3.196025490760803223e-01,-1.117218434810638428e-01,2.693673223257064819e-02,-1.912554912269115448e-02,0.000000000000000000e+00
-1.679816693067550659e-01,-4.554968774318695068e-01,-2.574712634086608887e-01,-2.670009732246398926e-01,-1.520976126194000244e-01,4.130186885595321655e-02,8.228199928998947144e-02,-2.677821516990661621e-01,-1.961688995361328125e-01,8.627109229564666748e-02,-1.335001140832901001e-01,8.768242597579956055e-02,-1.071444526314735413e-01,-1.461093425750732422e-01,1.542283594608306885e-01,-2.662878930568695068e-01,6.731923818588256836e-01,4.206101894378662109e-01,1.000000000000000000e+00,3.331630825996398926e-01,1.690430492162704468e-01,1.659094989299774170e-01,0.000000000000000000e+00,8.855410665273666382e-02,-1.648421138525009155e-01,-1.207036450505256653e-01,1.797228008508682251e-01,-2.656615376472473145e-01,-2.100167125463485718e-01,1.268478333950042725e-01,2.770824730396270752e-01,5.181445181369781494e-02,-2.406442314386367798e-01,-5.264876410365104675e-02,-1.058491244912147522e-01,-2.215701155364513397e-02,-6.262633949518203735e-02,6.565724313259124756e-02,1.539727747440338135e-01,6.569708138704299927e-02,-2.979862391948699951e-01,-1.483992338180541992e-01,2.863274216651916504e-01,-3.308221399784088135e-01,-2.664967775344848633e-01,1.577706933021545410e-01,-3.898056969046592712e-02,0.000000000000000000e+00
-1.812896728515625000e-01,-9.871414303779602051e-02,-8.160824328660964966e-02,-2.937790565192699432e-02,-2.437315583229064941e-01,-2.145447731018066406e-01,-3.271876275539398193e-01,-3.108905255794525146e-01,-3.545010387897491455e-01,2.098268717527389526e-01,-1.175120547413825989e-01,-6.060415506362915039e-02,1.502309441566467285e-01,-2.268251031637191772e-01,4.511562734842300415e-02,-1.309290081262588501e-01,9.916817396879196167e-02,6.224157810211181641e-01,3.331630825996398926e-01,1.000000000000000000e+00,5.053651928901672363e-01,2.331822812557220459e-01,0.000000000000000000e+00,2.543895542621612549e-01,-3.034154186025261879e-03,-3.249249458312988281e-01,2.327983528375625610e-01,-2.763939797878265381e-01,-4.616011083126068115e-01,8.093008399009704590e-02,4.517382979393005371e-01,-1.675659441389143467e-03,-2.022091299295425415e-01,2.844212353229522705e-01,1.194580793380737305e-01,1.763814836740493774e-01,-1.426242291927337646e-02,2.448677271604537964e-01,6.790605373680591583e-03,1.831019073724746704e-01,-1.858148127794265747e-01,-1.679747551679611206e-01,2.632990181446075439e-01,-4.025959074497222900e-01,1.871906779706478119e-02,1.837572008371353149e-01,-4.729471355676651001e-02,0.000000000000000000e+00
-6.311013549566268921e-02,-1.676147729158401489e-01,1.638819463551044464e-02,3.752458840608596802e-02,-1.012659445405006409e-01,-6.788517534732818604e-02,-1.790239214897155762e-01,-7.722661644220352173e-02,-3.698835968971252441e-01,4.878658428788185120e-02,1.234722658991813660e-01,5.371318385004997253e-02,3.904725909233093262e-01,-8.994846791028976440e-02,-4.085239022970199585e-02,-1.155586019158363342e-01,2.933874726295471191e-02,2.775968909263610840e-01,1.690430492162704468e-01,5.053651928901672363e-01,1.000000000000000000e+00,9.314461797475814819e-02,0.000000000000000000e+00,9.729359298944473267e-02,-1.402862370014190674e-01,-1.734049022197723389e-01,3.615104556083679199e-01,-1.892839968204498291e-01,-3.156147301197052002e-01,1.604343354701995850e-01,3.956430554389953613e-01,1.215168386697769165e-01,-9.947347640991210938e-02,3.371258974075317383e-01,-7.800763100385665894e-02,-5.732810124754905701e-02,1.272549927234649658e-01,4.212491586804389954e-02,3.945379331707954407e-02,-8.012014627456665039e-02,-1.711919903755187988e-01,-2.316095978021621704e-01,1.419754773378372192e-01,-2.123813033103942871e-01,-6.423123925924301147e-02,1.577672064304351807e-01,2.837129533290863037e-01,0.000000000000000000e+00
-2.932089865207672119e-01,-2.884585224092006683e-02,-2.908133268356323242e-01,-2.412285655736923218e-01,-1.092764660716056824e-01,-1.360928267240524292e-01,-2.241473495960235596e-01,7.411783933639526367e-02,1.911686807870864868e-01,3.719693720340728760e-01,4.487525671720504761e-02,1.523845046758651733e-01,-1.679771696217358112e-03,2.011604607105255127e-01,2.171021252870559692e-01,-5.917569249868392944e-02,9.635666757822036743e-02,3.259474933147430420e-01,1.659094989299774170e-01,2.331822812557220459e-01,9.314462542533874512e-02,1.000000000000000000e+00,0.000000000000000000e+00,2.472325265407562256e-01,1.020352393388748169e-01,-2.179579585790634155e-01,-2.551189251244068146e-02,-1.619722694158554077e-01,-1.950353085994720459e-01,4.445559158921241760e-02,2.617284059524536133e-01,-1.641598939895629883e-01,-1.256219595670700073e-01,1.313192993402481079e-01,7.655347138643264771e-02,2.861786484718322754e-01,2.974049933254718781e-02,2.687903940677642822e-01,2.041891217231750488e-01,2.385337352752685547e-01,-5.296309664845466614e-02,-1.078443825244903564e-01,-2.509856596589088440e-03,4.831282049417495728e-02,-9.577233344316482544e-03,5.222721770405769348e-02,-1.168698370456695557e-01,0.000000000000000000e+00
0.000000000000000000e+00,0.000000000000000000e+00,0.000000000000000000e+00,0.000000000000000000e+00,0.000000000000000000e+00,0.000000000000000000e+00,0.000000000000000000e+00,0.000000000000000000e+00,0.000000000000000000e+00,0.000000000000000000e+00,0.000000000000000000e+00,0.000000000000000000e+00,0.000000000000000000e+00,0.000000000000000000e+00,0.000000000000000000e+00,0.000000000000000000e+00,0.000000000000000000e+00,0.000000000000000000e+00,0.000000000000000000e+00,0.000000000000000000e+00,0.000000000000000000e+00,0.000000000000000000e+00,1.000000000000000000e+00,0.000000000000000000e+00,0.000000000000000000e+00,0.000000000000000000e+00,0.000000000000000000e+00,0.000000000000000000e+00,0.000000000000000000e+00,0.000000000000000000e+00,0.000000000000000000e+00,0.000000000000000000e+00,0.000000000000000000e+00,0.000000000000000000e+00,0.000000000000000000e+00,0.000000000000000000e+00,0.000000000000000000e+00,0.000000000000000000e+00,0.000000000000000000e+00,0.000000000000000000e+00,0.000000000000000000e+00,0.000000000000000000e+00,0.000000000000000000e+00,0.000000000000000000e+00,0.000000000000000000e+00,0.000000000000000000e+00,0.000000000000000000e+00,0.000000000000000000e+00
-2.067779004573822021e-01,-3.221539258956909180e-01,-3.574979603290557861e-01,-3.479540944099426270e-01,-1.387874335050582886e-01,-5.343349650502204895e-02,-2.421909272670745850e-01,-1.575432121753692627e-01,-3.012733533978462219e-03,3.843551874160766602e-01,-1.324067711830139160e-01,1.208434179425239563e-01,1.723709106445312500e-01,-7.511322200298309326e-02,2.627790272235870361e-01,-1.596125066280364990e-01,-1.025103870779275894e-02,2.287347614765167236e-01,8.855411410331726074e-02,2.543895542621612549e-01,9.729359298944473267e-02,2.472325265407562256e-01,0.000000000000000000e+00,1.000000000000000000e+00,-4.913478344678878784e-02,-3.632636964321136475e-01,9.493174031376838684e-03,-9.527085721492767334e-02,-1.725236922502517700e-01,6.634276360273361206e-02,3.315412104129791260e-01,-1.053001615218818188e-03,-2.163685262203216553e-01,-7.580540329217910767e-02,-2.541976608335971832e-02,4.457533359527587891e-01,-2.948914170265197754e-01,2.654652297496795654e-01,3.310502171516418457e-01,1.546241194009780884e-01,-1.808913797140121460e-01,-2.063046544790267944e-01,1.232880949974060059e-01,-2.631791532039642334e-01,-1.891727894544601440e-01,2.690119147300720215e-01,1.421898156404495239e-01,0.000000000000000000e+00
-3.133398294448852539e-02,2.242639064788818359e-01,-1.934425160288810730e-02,9.997580945491790771e-02,-7.718839496374130249e-02,-2.474752962589263916e-01,-2.256699502468109131e-01,1.299022287130355835e-01,-3.412084653973579407e-03,-6.901944987475872040e-03,1.287393122911453247e-01,-2.072174102067947388e-01,4.252847656607627869e-02,1.235544458031654358e-01,5.452142655849456787e-02,2.114099711179733276e-01,-1.727256327867507935e-01,3.410733491182327271e-02,-1.648421287536621094e-01,-3.034154418855905533e-03,-1.402862370014190674e-01,1.020352467894554138e-01,0.000000000000000000e+00,-4.913477972149848938e-02,1.000000000000000000e+00,-4.836325719952583313e-02,2.263441532850265503e-01,7.061804085969924927e-02,4.134389013051986694e-02,-2.046415656805038452e-01,-7.731308788061141968e-02,-5.348639562726020813e-02,-5.137034878134727478e-02,-2.160558069590479136e-04,2.566087245941162109e-01,9.196250140666961670e-02,1.589837521314620972e-01,3.605313226580619812e-02,-2.308013737201690674e-01,-1.054420918226242065e-01,1.495962403714656830e-02,-3.343654051423072815e-02,-1.859577149152755737e-01,7.996808737516403198e-02,7.520662248134613037e-02,-2.155070900917053223e-01,1.165390163660049438e-01,0.000000000000000000e+00
5.821441411972045898e-01,1.269983053207397461e-01,6.863260865211486816e-01,4.308663010597229004e-01,3.454011082649230957e-01,3.722407519817352295e-01,7.124186754226684570e-01,6.041575223207473755e-02,1.134463772177696228e-01,-3.503701984882354736e-01,5.376059096306562424e-03,-1.045681089162826538e-01,-2.792566418647766113e-01,7.361464947462081909e-02,-4.518255293369293213e-01,2.439471483230590820e-01,-7.948917150497436523e-02,-4.073351621627807617e-01,-1.207036525011062622e-01,-3.249249458312988281e-01,-1.734049022197723389e-01,-2.179579585790634155e-01,0.000000000000000000e+00,-3.632636964321136475e-01,-4.836325719952583313e-02,1.000000000000000000e+00,-2.128878682851791382e-01,5.900553464889526367e-01,5.324492454528808594e-01,-4.115843474864959717e-01,-5.169420838356018066e-01,5.200924351811408997e-02,2.465628534555435181e-01,-3.470229208469390869e-01,-3.587010502815246582e-01,-6.036301255226135254e-01,-2.450160831212997437e-01,-6.195582151412963867e-01,-3.501905500888824463e-01,-1.582836615853011608e-03,2.735535204410552979e-01,3.364029526710510254e-01,-6.367073953151702881e-02,4.262498114258050919e-03,1.239262521266937256e-01,-2.784914672374725342e-01,-1.163795292377471924e-01,0.000000000000000000e+00
-2.383131235837936401e-01,-2.652699351310729980e-01,-1.307756453752517700e-01,4.241208732128143311e-02,-5.134472250938415527e-01,-4.834488630294799805e-01,-2.509289383888244629e-01,-1.737479418516159058e-01,-5.160865783691406250e-01,-2.283021360635757446e-01,1.911936253309249878e-01,-1.856036931276321411e-01,4.860900714993476868e-02,-1.051686704158782959e-01,1.984105557203292847e-01,-7.781205326318740845e-02,2.637819051742553711e-01,4.199392199516296387e-01,1.797228008508682251e-01,2.327983528375625610e-01,3.615104556083679199e-01,-2.551189251244068146e-02,0.000000000000000000e+00,9.493174031376838684e-03,2.263441532850265503e-01,-2.128878682851791382e-01,1.000000000000000000e+00,-2.121613174676895142e-01,-2.287027239799499512e-01,1.780506037175655365e-02,4.271742105484008789e-01,-1.698275841772556305e-02,-3.167596757411956787e-01,3.322534263134002686e-01,1.343403458595275879e-01,-1.663458161056041718e-02,1.727960854768753052e-01,2.011959999799728394e-02,-8.241168409585952759e-02,-3.279010355472564697e-01,-5.188755393028259277e-01,-4.726219773292541504e-01,-1.443405747413635254e-01,-2.999427318572998047e-01,-2.097010463476181030e-01,-2.027802765369415283e-01,4.518755376338958740e-01,0.000000000000000000e+00
6.517175436019897461e-01,2.468339055776596069e-01,5.089529752731323242e-01,3.463517427444458008e-01,3.108369112014770508e-01,2.801254689693450928e-01,4.396869540214538574e-01,7.196986675262451172e-02,1.513033062219619751e-01,-2.897962629795074463e-01,-4.297964274883270264e-02,-2.000956088304519653e-01,-1.417562961578369141e-01,-2.418567426502704620e-02,-2.693623006343841553e-01,3.381897509098052979e-01,-2.840853333473205566e-01,-4.171778559684753418e-01,-2.656615376472473145e-01,-2.763939797878265381e-01,-1.892839819192886353e-01,-1.619722545146942139e-01,0.000000000000000000e+00,-9.527084976434707642e-02,7.061804085969924927e-02,5.900553464889526367e-01,-2.121613174676895142e-01,1.000000000000000000e+00,5.181182026863098145e-01,-5.170464515686035156e-01,-5.852506756782531738e-01,9.647180140018463135e-02,1.827663034200668335e-01,-3.430084288120269775e-01,-2.575778067111968994e-01,-4.498609602451324463e-01,-3.092234134674072266e-01,-4.208661019802093506e-01,-3.329419791698455811e-01,1.028906833380460739e-02,3.381278514862060547e-01,4.365591704845428467e-01,-1.159217804670333862e-01,5.078750103712081909e-02,1.683702766895294189e-01,-2.115933746099472046e-01,-7.430217415094375610e-02,0.000000000000000000e+00
3.162861466407775879e-01,8.069989830255508423e-02,2.731548547744750977e-01,1.864730864763259888e-01,1.673972755670547485e-01,1.352577060461044312e-01,4.223539233207702637e-01,8.226523548364639282e-02,2.954605519771575928e-01,-1.027399152517318726e-01,-1.001195609569549561e-01,1.234508082270622253e-01,-2.145807445049285889e-01,5.607725307345390320e-02,-1.168558523058891296e-01,2.787033468484878540e-02,-1.165086030960083008e-01,-4.160240888595581055e-01,-2.100167125463485718e-01,-4.616011083126068115e-01,-3.156147301197052002e-01,-1.950353085994720459e-01,0.000000000000000000e+00,-1.725236922502517700e-01,4.134389013051986694e-02,5.324492454528808594e-01,-2.287027239799499512e-01,5.181182026863098145e-01,1.000000000000000000e+00,-2.202218472957611084e-01,-4.024308919906616211e-01,2.475742064416408539e-02,5.707271024584770203e-02,-3.683441579341888428e-01,-2.793214917182922363e-01,-2.219475656747817993e-01,-1.459687352180480957e-01,-3.488321900367736816e-01,-6.446912884712219238e-02,6.637344509363174438e-02,1.429304480552673340e-01,1.971565932035446167e-01,-2.584198117256164551e-01,2.344228327274322510e-01,-8.248510770499706268e-03,-2.382935136556625366e-01,-1.626928299665451050e-01,0.000000000000000000e+00
-4.927310645580291748e-01,-2.212290018796920776e-01,-3.873895108699798584e-01,-2.215490341186523438e-01,-1.466620434075593948e-02,4.563723132014274597e-02,-2.961580455303192139e-01,-9.448279440402984619e-02,-1.201778054237365723e-01,2.072046399116516113e-01,4.974658414721488953e-02,2.946914732456207275e-01,3.080236315727233887e-01,-1.119610760360956192e-02,1.426848173141479492e-01,-1.912323534488677979e-01,1.343277841806411743e-01,1.011727377772331238e-01,1.268478333950042725e-01,8.093008399009704590e-02,1.604343354701995850e-01,4.445559158921241760e-02,0.000000000000000000e+00,6.634276360273361206e-02,-2.046415656805038452e-01,-4.115843474864959717e-01,1.780506037175655365e-02,-5.170464515686035156e-01,-2.202218472957611084e-01,1.000000000000000000e+00,4.699051082134246826e-01,-1.241409778594970703e-02,-2.766442894935607910e-01,2.856193482875823975e-01,2.202870845794677734e-01,3.593148291110992432e-01,3.201087415218353271e-01,2.660509645938873291e-01,3.283321857452392578e-01,1.236493512988090515e-02,-1.350972950458526611e-01,-1.625144183635711670e-01,3.319664597511291504e-01,5.997604131698608398e-02,1.747083105146884918e-02,4.525284469127655029e-01,1.076548770070075989e-01,0.000000000000000000e+00
-5.765607357025146484e-01,-3.869661390781402588e-01,-4.551043212413787842e-01,-2.825714349746704102e-01,-4.298081994056701660e-01,-3.627980947494506836e-01,-4.385568797588348389e-01,-2.776571512222290039e-01,-2.903491258621215820e-01,3.528310954570770264e-01,4.802164807915687561e-02,2.275155633687973022e-01,1.584058254957199097e-01,-1.145061329007148743e-01,2.503193020820617676e-01,-3.293424248695373535e-01,2.739175856113433838e-01,5.954858660697937012e-01,2.770824730396270752e-01,4.517382979393005371e-01,3.956430256366729736e-01,2.617284059524536133e-01,0.000000000000000000e+00,3.315411806106567383e-01,-7.731308788061141968e-02,-5.169420838356018066e-01,4.271742105484008789e-01,-5.852506756782531738e-01,-4.024308919906616211e-01,4.699051082134246826e-01,1.000000000000000000e+00,-3.128162771463394165e-02,-3.807146847248077393e-01,3.356718122959136963e-01,1.179187521338462830e-01,4.056082665920257568e-01,1.531346440315246582e-01,2.843346297740936279e-01,2.701750099658966064e-01,-9.619502350687980652e-03,-4.466776549816131592e-01,-5.490486621856689453e-01,9.854751080274581909e-02,-2.163393646478652954e-01,-2.157283872365951538e-01,2.198342978954315186e-01,1.508607268333435059e-01,0.000000000000000000e+00
2.271054536104202271e-01,4.526508226990699768e-02,1.016871407628059387e-01,1.224795505404472351e-01,1.877842843532562256e-01,1.656460762023925781e-01,6.983222067356109619e-02,-8.319865167140960693e-02,-1.384112983942031860e-01,-1.448004394769668579e-01,2.125456742942333221e-02,-7.238718867301940918e-02,7.026803493499755859e-02,-1.508319228887557983e-01,-1.892251521348953247e-01,9.378059208393096924e-02,-4.100356251001358032e-02,-5.695892497897148132e-02,5.181445181369781494e-02,-1.675659441389143467e-03,1.215168386697769165e-01,-1.641599088907241821e-01,0.000000000000000000e+00,-1.053001615218818188e-03,-5.348639190196990967e-02,5.200924351811408997e-02,-1.698275841772556305e-02,9.647179394960403442e-02,2.475742064416408539e-02,-1.241409778594970703e-02,-3.128162771463394165e-02,1.000000000000000000e+00,9.606817364692687988e-02,-1.247244477272033691e-01,-1.386609822511672974e-01,-1.531458497047424316e-01,-2.090651094913482666e-01,-1.981352120637893677e-01,-1.440926194190979004e-01,-6.227237731218338013e-02,1.210383772850036621e-01,1.133730709552764893e-01,1.413412541151046753e-01,-1.232692822813987732e-01,1.524018794298171997e-01,1.180703416466712952e-01,3.348832577466964722e-02,0.000000000000000000e+00
