1.000000000000000000e+00,3.851633965969085693e-01,-5.426637828350067139e-02,3.581466153264045715e-02,3.326198458671569824e-01,3.101170659065246582e-01,-2.036581933498382568e-01,-6.845980137586593628e-02,-2.749374695122241974e-02,1.405444890260696411e-01,-1.622931212186813354e-01,2.935265004634857178e-02,3.043343424797058105e-01,-3.251611888408660889e-01,2.496022358536720276e-02,7.398977130651473999e-02,-2.419407963752746582e-01,-1.300593316555023193e-01,3.520004823803901672e-02,1.467733085155487061e-01,2.610521614551544189e-01,1.039532870054244995e-01,0.000000000000000000e+00,-4.513899981975555420e-02,9.718855470418930054e-02,-1.998281776905059814e-01,2.453117817640304565e-01,3.893627524375915527e-01,4.008212089538574219e-01,-1.631687879562377930e-01,-3.070330321788787842e-01,-7.395941019058227539e-02,3.318803310394287109e-01,2.430068999528884888e-01,-2.236090302467346191e-01,-6.180559098720550537e-02,-1.260016262531280518e-01,-1.819054335355758667e-01,-7.478954643011093140e-02,1.487917304039001465e-01,4.584053754806518555e-01,3.279312252998352051e-01,-8.471993356943130493e-02,3.919837996363639832e-02,8.486960083246231079e-02,3.016497008502483368e-02,5.288376659154891968e-02,0.000000000000000000e+00
3.851633965969085693e-01,1.000000000000000000e+00,1.651998162269592285e-01,2.534691691398620605e-01,4.903217852115631104e-01,4.432813525199890137e-01,2.186132371425628662e-01,1.035518497228622437e-01,3.391450047492980957e-01,4.674029052257537842e-01,-3.039730489253997803e-01,1.859835237264633179e-01,2.075495421886444092e-01,-4.322455450892448425e-02,-2.776851356029510498e-01,3.478660285472869873e-01,1.588594615459442139e-01,4.102449864149093628e-02,2.862291336059570312e-01,2.309064120054244995e-01,1.213615462183952332e-01,2.932127714157104492e-01,0.000000000000000000e+00,-1.149363666772842407e-01,-1.165750771760940552e-01,3.693037480115890503e-02,8.956387639045715332e-02,3.886018097400665283e-01,4.707033634185791016e-01,-5.275102332234382629e-02,-1.162010058760643005e-01,-3.633194789290428162e-02,2.722980678081512451e-01,2.432783097028732300e-01,8.076046407222747803e-02,7.158951461315155029e-02,1.245746985077857971e-01,2.678044736385345459e-01,-8.697675168514251709e-02,7.859497517347335815e-02,4.729784429073333740e-01,5.839447379112243652e-01,3.246895372867584229e-01,4.465940892696380615e-01,4.593006074428558350e-01,4.391467571258544922e-01,1.695104390382766724e-01,0.000000000000000000e+00
-5.426637455821037292e-02,1.651998162269592285e-01,1.000000000000000000e+00,7.746238112449645996e-01,4.414923191070556641e-01,-1.384965702891349792e-02,6.550227999687194824e-01,-3.484757542610168457e-01,-1.334476470947265625e-01,4.012019932270050049e-02,-3.839558362960815430e-01,-1.807044446468353271e-01,-3.311434015631675720e-02,1.719867885112762451e-01,-1.633760184049606323e-01,3.257452249526977539e-01,6.028184294700622559e-01,3.904510289430618286e-02,3.848987221717834473e-01,3.778156638145446777e-02,7.583931833505630493e-02,3.722191751003265381e-01,0.000000000000000000e+00,9.256354533135890961e-03,1.788735240697860718e-01,6.939936280250549316e-01,-8.916301280260086060e-02,-5.927630886435508728e-02,-4.833527654409408569e-02,5.204442739486694336e-01,1.882682591676712036e-01,-2.494111470878124237e-02,-4.059405028820037842e-01,-9.992791712284088135e-02,3.354911804199218750e-01,4.640550538897514343e-02,-1.643626391887664795e-01,2.103750258684158325e-01,-3.530140221118927002e-01,-2.795349955558776855e-01,-1.103255301713943481e-01,3.223656415939331055e-01,2.981756031513214111e-01,1.883820742368698120e-01,4.473451375961303711e-01,2.495083063840866089e-01,1.390502154827117920e-01,0.000000000000000000e+00
3.581466153264045715e-02,2.534691691398620605e-01,7.746238112449645996e-01,1.000000000000000000e+00,4.571328163146972656e-01,1.142367348074913025e-01,5.984600782394409180e-01,-2.852677702903747559e-01,-1.031469851732254028e-01,9.994949400424957275e-02,-3.726276755332946777e-01,-1.953033059835433960e-01,-2.795781195163726807e-02,-6.228812504559755325e-03,7.522449828684329987e-03,3.467766344547271729e-01,4.761453866958618164e-01,-1.580837965011596680e-01,3.479798734188079834e-01,3.275673463940620422e-02,1.815765798091888428e-01,2.935011088848114014e-01,0.000000000000000000e+00,-2.345063351094722748e-02,1.461146473884582520e-01,6.564387083053588867e-01,-6.790843605995178223e-02,-8.836635388433933258e-03,1.686259061098098755e-01,5.753158330917358398e-01,1.653073169291019440e-02,-5.704587325453758240e-02,-2.840294539928436279e-01,1.811429671943187714e-02,3.190805912017822266e-01,1.696512475609779358e-02,-2.646118998527526855e-01,2.017097473144531250e-01,-3.452448844909667969e-01,-2.389150708913803101e-01,-3.153419867157936096e-02,4.162370860576629639e-01,3.813621401786804199e-01,2.647674977779388428e-01,5.205244421958923340e-01,3.219011127948760986e-01,8.759424090385437012e-02,0.000000000000000000e+00
3.326198458671569824e-01,4.903217852115631104e-01,4.414923191070556641e-01,4.571328163146972656e-01,1.000000000000000000e+00,4.163849055767059326e-01,4.099893569946289062e-01,-3.217429667711257935e-02,-1.309871877310797572e-04,2.201034128665924072e-01,-3.775274753570556641e-01,1.683847419917583466e-02,3.101046942174434662e-02,-1.130453571677207947e-01,-1.053238585591316223e-01,2.571890652179718018e-01,3.819903433322906494e-01,5.707874521613121033e-02,3.637127578258514404e-01,2.724602222442626953e-01,1.470658332109451294e-01,3.428378701210021973e-01,0.000000000000000000e+00,-1.663771420717239380e-01,2.190854549407958984e-01,3.439800739288330078e-01,1.443962156772613525e-01,1.123309507966041565e-01,3.644377887248992920e-01,3.344524204730987549e-01,-3.033470176160335541e-02,9.781394328456372023e-05,-5.067080259323120117e-03,9.983398765325546265e-02,7.186491787433624268e-02,-1.168866455554962158e-01,-1.308697909116744995e-01,2.472545951604843140e-01,-2.967236638069152832e-01,-7.111046463251113892e-02,4.547223746776580811e-01,6.165528893470764160e-01,4.702563285827636719e-01,3.188672065734863281e-01,4.519375562667846680e-01,4.256749153137207031e-01,3.007031418383121490e-02,0.000000000000000000e+00
3.101170659065246582e-01,4.432813525199890137e-01,-1.384965609759092331e-02,1.142367348074913025e-01,4.163849055767059326e-01,1.000000000000000000e+00,2.187866121530532837e-01,1.314166486263275146e-01,2.520568966865539551e-01,1.813538819551467896e-01,-3.685784637928009033e-01,1.185379102826118469e-01,1.272081434726715088e-01,-5.256188288331031799e-02,4.883931949734687805e-02,1.910013705492019653e-01,6.629061698913574219e-02,1.566526293754577637e-01,-4.378738999366760254e-02,5.064253136515617371e-02,1.300765480846166611e-02,2.392379641532897949e-01,0.000000000000000000e+00,-1.433225572109222412e-01,-3.404360264539718628e-02,-2.036984115839004517e-01,3.950485214591026306e-02,2.079876065254211426e-01,4.916979670524597168e-01,-5.977554991841316223e-02,-3.700407687574625015e-03,-5.216521769762039185e-02,3.117060065269470215e-01,2.841104865074157715e-01,-9.291414171457290649e-02,3.764406964182853699e-02,-1.531061250716447830e-02,1.823865026235580444e-01,-3.080018237233161926e-02,1.735560148954391479e-01,5.246028304100036621e-01,5.300436019897460938e-01,3.110442459583282471e-01,3.645929098129272461e-01,3.146962523460388184e-01,2.807168364524841309e-01,1.936883926391601562e-01,0.000000000000000000e+00
-2.036581933498382568e-01,2.186132371425628662e-01,6.550227999687194824e-01,5.984600782394409180e-01,4.099893569946289062e-01,2.187866121530532837e-01,1.000000000000000000e+00,-1.784533113241195679e-01,-7.598800957202911377e-02,1.470880955457687378e-01,-5.636178255081176758e-01,1.055055297911167145e-02,-2.814820408821105957e-02,2.301757931709289551e-01,-1.638948023319244385e-01,3.748366236686706543e-01,6.885344982147216797e-01,3.344115614891052246e-01,2.175440639257431030e-01,7.175202667713165283e-02,-5.761959776282310486e-02,4.494811594486236572e-01,0.000000000000000000e+00,9.535812586545944214e-02,1.250334382057189941e-01,4.654173851013183594e-01,-1.389668434858322144e-01,-8.324975520372390747e-02,-2.398349158465862274e-02,3.969642221927642822e-01,4.882613122463226318e-01,1.299312263727188110e-01,-2.533899247646331787e-01,-1.194457486271858215e-01,3.016273975372314453e-01,1.327153295278549194e-01,-1.175020486116409302e-01,3.771033287048339844e-01,-1.983895748853683472e-01,-2.468520104885101318e-01,-5.974000692367553711e-02,2.926152646541595459e-01,3.578853607177734375e-01,2.609438598155975342e-01,5.306015014648437500e-01,2.515532970428466797e-01,3.229695558547973633e-01,0.000000000000000000e+00
-6.845980137586593628e-02,1.035518497228622437e-01,-3.484757542610168457e-01,-2.852677702903747559e-01,-3.217429667711257935e-02,1.314166486263275146e-01,-1.784533113241195679e-01,1.000000000000000000e+00,2.498473078012466431e-01,2.154268175363540649e-01,1.812720894813537598e-01,4.085888862609863281e-01,8.728185296058654785e-02,4.496901109814643860e-02,1.046234294772148132e-01,-9.068881720304489136e-02,-1.325798332691192627e-01,-5.479916185140609741e-02,2.042791619896888733e-02,1.794941723346710205e-01,7.030881941318511963e-02,4.315613582730293274e-02,0.000000000000000000e+00,5.914611369371414185e-02,-1.867470443248748779e-01,-1.816508769989013672e-01,2.917896211147308350e-01,-3.709195926785469055e-02,1.002767160534858704e-01,-1.545871198177337646e-01,-5.895787477493286133e-02,4.067444056272506714e-02,4.588500261306762695e-01,3.470110595226287842e-01,-1.312832068651914597e-02,5.785733833909034729e-02,3.537822961807250977e-01,3.094789981842041016e-01,2.683433294296264648e-01,2.387543916702270508e-01,2.072748839855194092e-01,-9.775398299098014832e-03,7.909154146909713745e-02,2.140276134014129639e-01,-1.134377866983413696e-01,1.806536107324063778e-03,3.562087193131446838e-02,0.000000000000000000e+00
-2.749374695122241974e-02,3.391450047492980957e-01,-1.334476470947265625e-01,-1.031469926238059998e-01,-1.309871877310797572e-04,2.520568966865539551e-01,-7.598800957202911377e-02,2.498473078012466431e-01,1.000000000000000000e+00,1.554271280765533447e-01,2.557848095893859863e-01,8.003707230091094971e-02,-1.913086175918579102e-01,2.550725340843200684e-01,-2.658848762512207031e-01,1.367339342832565308e-01,1.093886122107505798e-01,7.860055565834045410e-02,1.121030524373054504e-01,-3.799206018447875977e-02,-1.944798231124877930e-01,1.883290242403745651e-03,0.000000000000000000e+00,-2.519168257713317871e-01,-1.399402171373367310e-01,-8.885516226291656494e-02,-4.689998552203178406e-02,2.452643960714340210e-01,2.159585356712341309e-01,-1.963137686252593994e-01,-1.868601590394973755e-01,-2.022328823804855347e-01,1.428777724504470825e-02,4.261534288525581360e-02,-3.907155618071556091e-02,-1.983967125415802002e-01,2.957451641559600830e-01,2.181881666183471680e-01,-9.505344927310943604e-02,6.763866543769836426e-02,2.218186259269714355e-01,2.685710489749908447e-01,1.833372116088867188e-01,5.086790919303894043e-01,1.559921205043792725e-01,2.373020201921463013e-01,-2.002425044775009155e-01,0.000000000000000000e+00
1.405444890260696411e-01,4.674029052257537842e-01,4.012019559741020203e-02,9.994949400424957275e-02,2.201034128665924072e-01,1.813538968563079834e-01,1.470880955457687378e-01,2.154268175363540649e-01,1.554271429777145386e-01,1.000000000000000000e+00,-1.422240734100341797e-01,5.782563090324401855e-01,5.417772531509399414e-01,-1.692324578762054443e-01,-2.668301463127136230e-01,2.044339627027511597e-01,6.574787944555282593e-02,4.569062218070030212e-02,3.190742135047912598e-01,5.002232193946838379e-01,2.253779321908950806e-01,2.924581468105316162e-01,0.000000000000000000e+00,1.173385679721832275e-01,-3.359071016311645508e-01,1.233310345560312271e-02,9.105199575424194336e-02,1.478964090347290039e-01,1.938181817531585693e-01,-9.826429188251495361e-02,1.321004927158355713e-01,2.551843822002410889e-01,3.889753818511962891e-01,1.994756013154983521e-01,2.024869322776794434e-01,3.722709119319915771e-01,2.037182301282882690e-01,2.742277979850769043e-01,4.238080084323883057e-01,1.910417824983596802e-01,2.222490310668945312e-01,2.473294734954833984e-01,1.409819126129150391e-01,1.366052329540252686e-01,3.064464330673217773e-01,4.942346513271331787e-01,3.001806735992431641e-01,0.000000000000000000e+00
-1.622931361198425293e-01,-3.039730489253997803e-01,-3.839558362960815430e-01,-3.726276755332946777e-01,-3.775274455547332764e-01,-3.685784637928009033e-01,-5.636178255081176758e-01,1.812720745801925659e-01,2.557848095893859863e-01,-1.422240734100341797e-01,1.000000000000000000e+00,-4.102611914277076721e-02,-1.682768315076828003e-01,-4.315820708870887756e-02,4.608779400587081909e-02,-3.522536754608154297e-01,-3.223143815994262695e-01,-3.123241961002349854e-01,-6.496091373264789581e-03,-8.225579559803009033e-02,1.960528083145618439e-03,-4.504285156726837158e-01,0.000000000000000000e+00,-1.856688559055328369e-01,-1.824901998043060303e-02,-6.474018841981887817e-02,5.299188941717147827e-02,-1.650205552577972412e-01,-1.679068952798843384e-01,-1.754547357559204102e-01,-4.119864404201507568e-01,-2.374345958232879639e-01,-5.573506280779838562e-02,4.866478033363819122e-03,-1.888526827096939087e-01,-3.224100470542907715e-01,2.160394936800003052e-01,-2.270960211753845215e-01,6.545004993677139282e-02,2.301359325647354126e-01,-9.720673412084579468e-02,-3.111893534660339355e-01,-2.591068148612976074e-01,-1.220895498991012573e-01,-4.689049720764160156e-01,-1.590915173292160034e-01,-4.844768345355987549e-01,0.000000000000000000e+00
2.935265004634857178e-02,1.859835237264633179e-01,-1.807044446468353271e-01,-1.953032910823822021e-01,1.683847419917583466e-02,1.185379102826118469e-01,1.055055297911167145e-02,4.085888862609863281e-01,8.003707230091094971e-02,5.782563090324401855e-01,-4.102611541748046875e-02,1.000000000000000000e+00,4.998179078102111816e-01,-4.712225124239921570e-02,-2.612964808940887451e-02,9.598900377750396729e-02,6.044501205906271935e-04,1.770675480365753174e-01,1.183053702116012573e-01,4.368592798709869385e-01,8.498190343379974365e-02,2.142184525728225708e-01,0.000000000000000000e+00,1.308558881282806396e-01,-2.328982353210449219e-01,-2.191503047943115234e-01,2.122946381568908691e-01,5.435928329825401306e-02,1.227382794022560120e-01,-2.807438671588897705e-01,1.880204081535339355e-01,3.081811666488647461e-01,4.627709686756134033e-01,2.485928833484649658e-01,7.345217466354370117e-02,2.899641692638397217e-01,3.835746347904205322e-01,2.695442438125610352e-01,4.546362459659576416e-01,2.935039997100830078e-01,1.869556903839111328e-01,9.896777570247650146e-03,6.246559321880340576e-02,1.000296100974082947e-01,-1.260097417980432510e-02,2.054075151681900024e-01,3.487953245639801025e-01,0.000000000000000000e+00
3.043343424797058105e-01,2.075495421886444092e-01,-3.311434015631675720e-02,-2.795781008899211884e-02,3.101046942174434662e-02,1.272081434726715088e-01,-2.814820408821105957e-02,8.728184551000595093e-02,-1.913086026906967163e-01,5.417772531509399414e-01,-1.682768166065216064e-01,4.998179078102111816e-01,1.000000000000000000e+00,-1.960231661796569824e-01,-3.085671178996562958e-02,2.190345227718353271e-01,-1.489635258913040161e-01,9.901215322315692902e-03,1.658515334129333496e-01,4.311546087265014648e-01,3.309624791145324707e-01,1.376878470182418823e-01,0.000000000000000000e+00,2.142886817455291748e-01,-3.690034449100494385e-01,-1.956561952829360962e-01,1.670289784669876099e-02,8.876691013574600220e-02,1.331752389669418335e-01,-2.464948147535324097e-01,1.016258597373962402e-01,2.547504901885986328e-01,3.972773849964141846e-01,3.451794385910034180e-01,-3.814755380153656006e-02,4.163914322853088379e-01,2.457207888364791870e-01,-3.479163348674774170e-02,4.405797719955444336e-01,3.103874623775482178e-01,1.419335007667541504e-01,2.175044268369674683e-02,-8.955559879541397095e-02,-1.672460138797760010e-01,1.218406949192285538e-03,1.839270144701004028e-01,4.871221184730529785e-01,0.000000000000000000e+00
-3.251611888408660889e-01,-4.322455450892448425e-02,1.719867736101150513e-01,-6.228812038898468018e-03,-1.130453571677207947e-01,-5.256188288331031799e-02,2.301757931709289551e-01,4.496901109814643860e-02,2.550725340843200684e-01,-1.692324429750442505e-01,-4.315820708870887756e-02,-4.712225124239921570e-02,-1.960231512784957886e-01,1.000000000000000000e+00,-3.564250469207763672e-01,2.292577028274536133e-01,3.182476460933685303e-01,3.187756240367889404e-01,3.579239919781684875e-02,-1.963317692279815674e-01,-3.286076784133911133e-01,1.587153673171997070e-01,0.000000000000000000e+00,-2.803391963243484497e-02,4.288319498300552368e-02,1.380927860736846924e-02,-2.720904946327209473e-01,1.662454381585121155e-02,-1.912803649902343750e-01,-1.273840814828872681e-01,2.253360897302627563e-01,-5.546548403799533844e-03,-3.660024106502532959e-01,-1.820976138114929199e-01,1.354044377803802490e-01,-1.307773776352405548e-02,4.660637378692626953e-01,2.346791326999664307e-01,-1.619988679885864258e-01,5.203787982463836670e-02,-2.509417831897735596e-01,-6.663084030151367188e-02,5.802154541015625000e-02,1.222166121006011963e-01,4.960718750953674316e-02,-7.653495669364929199e-02,7.115999609231948853e-02,0.000000000000000000e+00
2.496022358536720276e-02,-2.776851356029510498e-01,-1.633760184049606323e-01,7.522449828684329987e-03,-1.053238585591316223e-01,4.883931949734687805e-02,-1.638948023319244385e-01,1.046234294772148132e-01,-2.658848762512207031e-01,-2.668301463127136230e-01,4.608779400587081909e-02,-2.612964808940887451e-02,-3.085671178996562958e-02,-3.564250469207763672e-01,1.000000000000000000e+00,-2.582983970642089844e-01,-2.045393288135528564e-01,-3.119477331638336182e-01,-1.917005479335784912e-01,-1.542306393384933472e-01,2.074818015098571777e-01,-1.922297030687332153e-01,0.000000000000000000e+00,1.203778609633445740e-01,1.524723321199417114e-01,-2.545513957738876343e-02,2.004372775554656982e-01,-3.125599026679992676e-01,6.065202876925468445e-02,1.191384270787239075e-01,-1.969616860151290894e-01,-3.519193455576896667e-02,2.267589718103408813e-01,2.951008975505828857e-01,-1.546404808759689331e-01,-1.313187032938003540e-01,-3.865922689437866211e-01,-3.361719474196434021e-02,3.792193904519081116e-02,-7.409483939409255981e-02,1.238343864679336548e-01,-5.457989126443862915e-02,-2.455994486808776855e-02,-8.445422351360321045e-02,-1.282529383897781372e-01,-1.587498486042022705e-01,-4.196086898446083069e-02,0.000000000000000000e+00
7.398977130651473999e-02,3.478660285472869873e-01,3.257452249526977539e-01,3.467766344547271729e-01,2.571890652179718018e-01,1.910013705492019653e-01,3.748366236686706543e-01,-9.068881720304489136e-02,1.367339342832565308e-01,2.044339627027511597e-01,-3.522536754608154297e-01,9.598900377750396729e-02,2.190345227718353271e-01,2.292577028274536133e-01,-2.582983970642089844e-01,1.000000000000000000e+00,2.317074537277221680e-01,2.050441503524780273e-01,1.405450403690338135e-01,5.781675130128860474e-02,-1.906548626720905304e-02,2.038286775350570679e-01,0.000000000000000000e+00,1.521883253008127213e-02,-1.120509654283523560e-01,7.642543315887451172e-02,-1.753686070442199707e-01,1.727719604969024658e-01,6.068095564842224121e-02,1.628221571445465088e-02,1.504167765378952026e-01,2.906518056988716125e-02,-8.843157440423965454e-02,3.503400459885597229e-02,2.354113459587097168e-01,1.860752850770950317e-01,2.363003343343734741e-01,1.094446256756782532e-01,-6.572344154119491577e-02,-1.600808091461658478e-02,5.042679980397224426e-02,3.036411702632904053e-01,9.828533232212066650e-02,2.450085133314132690e-01,3.645004630088806152e-01,2.591280639171600342e-01,3.294695913791656494e-01,0.000000000000000000e+00
-2.419407963752746582e-01,1.588594615459442139e-01,6.028184294700622559e-01,4.761453866958618164e-01,3.819903433322906494e-01,6.629061698913574219e-02,6.885344386100769043e-01,-1.325798332691192627e-01,1.093886122107505798e-01,6.574787944555282593e-02,-3.223143815994262695e-01,6.044501205906271935e-04,-1.489635258913040161e-01,3.182476460933685303e-01,-2.045393288135528564e-01,2.317074537277221680e-01,1.000000000000000000e+00,3.682496547698974609e-01,5.481681227684020996e-01,2.194999903440475464e-01,-1.232190895825624466e-02,3.864826858043670654e-01,0.000000000000000000e+00,1.107762102037668228e-02,2.290733903646469116e-01,5.172135233879089355e-01,-7.595133781433105469e-02,-1.376835256814956665e-01,2.889906056225299835e-02,4.675951898097991943e-01,3.496954441070556641e-01,1.196582801640033722e-02,-3.397391736507415771e-01,-1.030851081013679504e-01,2.627295851707458496e-01,5.848376546055078506e-03,-3.059364110231399536e-02,4.428732991218566895e-01,-2.861022353172302246e-01,-2.115005552768707275e-01,-1.248359158635139465e-01,3.876601755619049072e-01,4.921398460865020752e-01,3.678031861782073975e-01,4.724619090557098389e-01,3.679435849189758301e-01,1.437232494354248047e-01,0.000000000000000000e+00
-1.300593316555023193e-01,4.102449864149093628e-02,3.904510289430618286e-02,-1.580838114023208618e-01,5.707874521613121033e-02,1.566526293754577637e-01,3.344115614891052246e-01,-5.479916185140609741e-02,7.860055565834045410e-02,4.569062218070030212e-02,-3.123241961002349854e-01,1.770675480365753174e-01,9.901216253638267517e-03,3.187756240367889404e-01,-3.119477331638336182e-01,2.050441503524780273e-01,3.682496547698974609e-01,1.000000000000000000e+00,3.342350572347640991e-02,1.888235211372375488e-01,-2.104426324367523193e-01,2.148187458515167236e-01,0.000000000000000000e+00,4.478172585368156433e-02,-3.207624703645706177e-02,-1.631184518337249756e-01,-2.371626645326614380e-01,3.056113421916961670e-02,-1.058280840516090393e-01,-1.470703482627868652e-01,5.201471447944641113e-01,1.821897029876708984e-01,-1.216847896575927734e-01,-1.467455476522445679e-01,1.453705225139856339e-02,1.084810197353363037e-01,1.687530428171157837e-01,2.384295314550399780e-01,1.049442403018474579e-02,-1.422966178506612778e-02,-8.600392192602157593e-02,2.990639582276344299e-02,1.067313402891159058e-01,5.869772657752037048e-02,1.275429725646972656e-01,1.127889230847358704e-01,3.305913209915161133e-01,0.000000000000000000e+00
3.520004823803901672e-02,2.862291336059570312e-01,3.848987221717834473e-01,3.479799032211303711e-01,3.637127876281738281e-01,-4.378739371895790100e-02,2.175440490245819092e-01,2.042791619896888733e-02,1.121030524373054504e-01,3.190742135047912598e-01,-6.496091373264789581e-03,1.183053702116012573e-01,1.658515334129333496e-01,3.579240292310714722e-02,-1.917005479335784912e-01,1.405450403690338135e-01,5.481681227684020996e-01,3.342350572347640991e-02,1.000000000000000000e+00,4.503373205661773682e-01,3.188014924526214600e-01,2.402413487434387207e-01,0.000000000000000000e+00,-1.284391283988952637e-01,1.827171631157398224e-02,4.664864242076873779e-01,7.202950865030288696e-02,4.317351616919040680e-03,2.366759479045867920e-01,3.487831056118011475e-01,-1.508431583642959595e-01,-6.445591151714324951e-02,-1.182557865977287292e-01,1.276754140853881836e-01,7.214845716953277588e-02,-7.345695793628692627e-02,1.160637065768241882e-01,2.648123502731323242e-01,-1.870599985122680664e-01,5.570283159613609314e-02,-3.066801838576793671e-02,4.127641916275024414e-01,4.299668967723846436e-01,2.269777953624725342e-01,2.381857633590698242e-01,5.307610630989074707e-01,-5.381690338253974915e-02,0.000000000000000000e+00
1.467733085155487061e-01,2.309064120054244995e-01,3.778156265616416931e-02,3.275673463940620422e-02,2.724602222442626953e-01,5.064253136515617371e-02,7.175202667713165283e-02,1.794941723346710205e-01,-3.799206018447875977e-02,5.002232193946838379e-01,-8.225580304861068726e-02,4.368592798709869385e-01,4.311546385288238525e-01,-1.963317692279815674e-01,-1.542306393384933472e-01,5.781675130128860474e-02,2.194999903440475464e-01,1.888235211372375488e-01,4.503372907638549805e-01,1.000000000000000000e+00,4.334007501602172852e-01,2.258566319942474365e-01,0.000000000000000000e+00,1.470349878072738647e-01,-7.108014822006225586e-02,4.981865361332893372e-02,1.471427679061889648e-01,8.416773378849029541e-02,1.798003613948822021e-01,6.231343373656272888e-02,1.697639971971511841e-01,1.790764629840850830e-01,2.314765453338623047e-01,1.889433860778808594e-01,-7.327552884817123413e-02,1.762754470109939575e-01,1.169186234474182129e-01,1.809280365705490112e-01,2.100959420204162598e-01,1.567046642303466797e-01,2.062771022319793701e-01,1.608643084764480591e-01,3.344197571277618408e-01,1.355009991675615311e-02,1.022463217377662659e-01,4.305906891822814941e-01,2.401023507118225098e-01,0.000000000000000000e+00
2.610521614551544189e-01,1.213615462183952332e-01,7.583932578563690186e-02,1.815765649080276489e-01,1.470658332109451294e-01,1.300765480846166611e-02,-5.761959776282310486e-02,7.030881941318511963e-02,-1.944798231124877930e-01,2.253779321908950806e-01,1.960528083145618439e-03,8.498190343379974365e-02,3.309625089168548584e-01,-3.286076784133911133e-01,2.074818015098571777e-01,-1.906548626720905304e-02,-1.232190895825624466e-02,-2.104426324367523193e-01,3.188014924526214600e-01,4.334007501602172852e-01,1.000000000000000000e+00,7.050969451665878296e-02,0.000000000000000000e+00,2.470528036355972290e-01,5.264281481504440308e-02,1.364667117595672607e-01,2.747387886047363281e-01,2.937247417867183685e-02,1.775335818529129028e-01,2.066811174154281616e-01,-1.471035182476043701e-01,-3.459542989730834961e-02,1.948872953653335571e-01,2.413271665573120117e-01,-1.293459534645080566e-01,2.694145590066909790e-02,-2.036207169294357300e-01,3.273355960845947266e-02,7.966958917677402496e-03,1.677271723747253418e-01,2.329960316419601440e-01,1.237656101584434509e-01,1.061816662549972534e-01,-5.246949195861816406e-02,1.777101680636405945e-02,2.086769193410873413e-01,5.640120059251785278e-02,0.000000000000000000e+00
1.039532870054244995e-01,2.932127714157104492e-01,3.722191452980041504e-01,2.935011386871337891e-01,3.428378701210021973e-01,2.392379641532897949e-01,4.494811594486236572e-01,4.315613582730293274e-02,1.883290242403745651e-03,2.924581468105316162e-01,-4.504285156726837158e-01,2.142184525728225708e-01,1.376878470182418823e-01,1.587153673171997070e-01,-1.922297030687332153e-01,2.038286775350570679e-01,3.864826560020446777e-01,2.148187458515167236e-01,2.402413636445999146e-01,2.258566319942474365e-01,7.050969451665878296e-02,1.000000000000000000e+00,0.000000000000000000e+00,1.084111854434013367e-01,4.574630036950111389e-02,2.072514742612838745e-01,3.048538416624069214e-02,1.203958094120025635e-01,1.411587744951248169e-01,1.525589376688003540e-01,3.130079209804534912e-01,1.522202193737030029e-01,3.860934637486934662e-03,-3.442151937633752823e-03,2.296191900968551636e-01,2.133171856403350830e-01,-3.121125511825084686e-03,3.657722175121307373e-01,-5.507216975092887878e-02,-1.912241429090499878e-02,9.081482142210006714e-02,2.625205814838409424e-01,2.832865118980407715e-01,2.294659912586212158e-01,3.124128282070159912e-01,2.166239768266677856e-01,2.948403358459472656e-01,0.000000000000000000e+00
0.000000000000000000e+00,0.000000000000000000e+00,0.000000000000000000e+00,0.000000000000000000e+00,0.000000000000000000e+00,0.000000000000000000e+00,0.000000000000000000e+00,0.000000000000000000e+00,0.000000000000000000e+00,0.000000000000000000e+00,0.000000000000000000e+00,0.000000000000000000e+00,0.000000000000000000e+00,0.000000000000000000e+00,0.000000000000000000e+00,0.000000000000000000e+00,0.000000000000000000e+00,0.000000000000000000e+00,0.000000000000000000e+00,0.000000000000000000e+00,0.000000000000000000e+00,0.000000000000000000e+00,1.000000000000000000e+00,0.000000000000000000e+00,0.000000000000000000e+00,0.000000000000000000e+00,0.000000000000000000e+00,0.000000000000000000e+00,0.000000000000000000e+00,0.000000000000000000e+00,0.000000000000000000e+00,0.000000000000000000e+00,0.000000000000000000e+00,0.000000000000000000e+00,0.000000000000000000e+00,0.000000000000000000e+00,0.000000000000000000e+00,0.000000000000000000e+00,0.000000000000000000e+00,0.000000000000000000e+00,0.000000000000000000e+00,0.000000000000000000e+00,0.000000000000000000e+00,0.000000000000000000e+00,0.000000000000000000e+00,0.000000000000000000e+00,0.000000000000000000e+00,0.000000000000000000e+00
-4.513899981975555420e-02,-1.149363666772842407e-01,9.256354533135890961e-03,-2.345063351094722748e-02,-1.663771420717239380e-01,-1.433225572109222412e-01,9.535812586545944214e-02,5.914611369371414185e-02,-2.519168257713317871e-01,1.173385679721832275e-01,-1.856688410043716431e-01,1.308558881282806396e-01,2.142886668443679810e-01,-2.803391963243484497e-02,1.203778609633445740e-01,1.521883253008127213e-02,1.107762102037668228e-02,4.478172585368156433e-02,-1.284391283988952637e-01,1.470349878072738647e-01,2.470528036355972290e-01,1.084111854434013367e-01,0.000000000000000000e+00,1.000000000000000000e+00,-1.069150120019912720e-01,-7.661306113004684448e-02,-4.677780903875827789e-03,-4.904182627797126770e-02,-1.457069814205169678e-01,1.231545116752386093e-02,4.725842475891113281e-01,1.988054364919662476e-01,1.085690036416053772e-01,-6.998517364263534546e-02,1.814565658569335938e-01,5.105826854705810547e-01,-1.646181493997573853e-01,1.474145203828811646e-01,3.047228753566741943e-01,-5.062974616885185242e-02,-7.050571590662002563e-02,-1.720670014619827271e-01,-1.679183095693588257e-01,-1.323845088481903076e-01,1.018361300230026245e-01,-1.736691594123840332e-01,5.011054277420043945e-01,0.000000000000000000e+00
9.718855470418930054e-02,-1.165750771760940552e-01,1.788735091686248779e-01,1.461146324872970581e-01,2.190854549407958984e-01,-3.404360264539718628e-02,1.250334382057189941e-01,-1.867470443248748779e-01,-1.399402171373367310e-01,-3.359071314334869385e-01,-1.824901998043060303e-02,-2.328982353210449219e-01,-3.690034449100494385e-01,4.288319498300552368e-02,1.524723321199417114e-01,-1.120509654283523560e-01,2.290734052658081055e-01,-3.207624703645706177e-02,1.827171817421913147e-02,-7.108014822006225586e-02,5.264281481504440308e-02,4.574630036950111389e-02,0.000000000000000000e+00,-1.069150120019912720e-01,1.000000000000000000e+00,1.954741775989532471e-01,1.606453657150268555e-01,-1.968236863613128662e-01,-2.287812530994415283e-02,3.645005226135253906e-01,-1.595775969326496124e-02,-2.146420329809188843e-01,-2.845265865325927734e-01,-2.198354601860046387e-01,7.559494674205780029e-02,-2.686665058135986328e-01,-2.188329994678497314e-01,-1.823569275438785553e-02,-2.848871648311614990e-01,5.323839373886585236e-03,8.898780494928359985e-02,1.306397467851638794e-01,1.485235095024108887e-01,7.139706611633300781e-02,6.457201088778674603e-04,-6.342411786317825317e-02,-2.981229424476623535e-01,0.000000000000000000e+00
-1.998281776905059814e-01,3.693037480115890503e-02,6.939936280250549316e-01,6.564387083053588867e-01,3.439800739288330078e-01,-2.036984115839004517e-01,4.654173851013183594e-01,-1.816508769989013672e-01,-8.885516226291656494e-02,1.233310345560312271e-02,-6.474018841981887817e-02,-2.191503047943115234e-01,-1.956561803817749023e-01,1.380927860736846924e-02,-2.545513957738876343e-02,7.642543315887451172e-02,5.172135233879089355e-01,-1.631184518337249756e-01,4.664863944053649902e-01,4.981865361332893372e-02,1.364667117595672607e-01,2.072514742612838745e-01,0.000000000000000000e+00,-7.661306113004684448e-02,1.954741775989532471e-01,1.000000000000000000e+00,5.665115267038345337e-02,-1.766825765371322632e-01,-1.622291468083858490e-02,6.159530878067016602e-01,-2.116600237786769867e-02,-1.169630065560340881e-01,-3.487248420715332031e-01,-1.197440326213836670e-01,2.475770860910415649e-01,-1.476068496704101562e-01,-2.452491074800491333e-01,1.846569776535034180e-01,-3.377566039562225342e-01,-3.220487833023071289e-01,-1.543682962656021118e-01,1.984874904155731201e-01,2.937808036804199219e-01,1.366012394428253174e-01,2.750470936298370361e-01,2.249534875154495239e-01,-1.781224906444549561e-01,0.000000000000000000e+00
2.453117817640304565e-01,8.956387639045715332e-02,-8.916301280260086060e-02,-6.790843605995178223e-02,1.443962156772613525e-01,3.950485214591026306e-02,-1.389668434858322144e-01,2.917896211147308350e-01,-4.689998552203178406e-02,9.105198830366134644e-02,5.299189314246177673e-02,2.122946381568908691e-01,1.670289784669876099e-02,-2.720904946327209473e-01,2.004372775554656982e-01,-1.753686070442199707e-01,-7.595133781433105469e-02,-2.371626645326614380e-01,7.202950865030288696e-02,1.471427679061889648e-01,2.747387886047363281e-01,3.048538416624069214e-02,0.000000000000000000e+00,-4.677780903875827789e-03,1.606453657150268555e-01,5.665115267038345337e-02,1.000000000000000000e+00,1.812843531370162964e-01,1.978356242179870605e-01,6.241672486066818237e-02,-1.901926249265670776e-01,-9.480769187211990356e-02,4.265736937522888184e-01,1.255897432565689087e-01,-8.755896240472793579e-02,-4.597704857587814331e-02,-1.314871013164520264e-01,8.268070220947265625e-02,1.039748936891555786e-01,3.874907642602920532e-02,3.650274574756622314e-01,3.549325466156005859e-02,2.656133100390434265e-02,1.672556996345520020e-02,-1.638571918010711670e-01,-9.729936718940734863e-02,-1.450137197971343994e-01,0.000000000000000000e+00
3.893627524375915527e-01,3.886018097400665283e-01,-5.927631258964538574e-02,-8.836635388433933258e-03,1.123309507966041565e-01,2.079876065254211426e-01,-8.324975520372390747e-02,-3.709195926785469055e-02,2.452643960714340210e-01,1.478963941335678101e-01,-1.650205552577972412e-01,5.435928329825401306e-02,8.876691013574600220e-02,1.662454381585121155e-02,-3.125599026679992676e-01,1.727719604969024658e-01,-1.376835256814956665e-01,3.056113421916961670e-02,4.317351616919040680e-03,8.416773378849029541e-02,2.937247417867183685e-02,1.203958094120025635e-01,0.000000000000000000e+00,-4.904182627797126770e-02,-1.968236863613128662e-01,-1.766825765371322632e-01,1.812843531370162964e-01,1.000000000000000000e+00,4.425799548625946045e-01,-3.168610930442810059e-01,-1.341802030801773071e-01,-2.386651001870632172e-02,1.378020048141479492e-01,-1.115094646811485291e-01,-1.447607725858688354e-01,-4.064103588461875916e-02,3.081235289573669434e-02,-2.680949494242668152e-02,-7.746225595474243164e-02,-4.905720707029104233e-03,2.354966551065444946e-01,9.924501180648803711e-02,-7.040087133646011353e-02,1.023204699158668518e-01,2.772290818393230438e-02,-3.774964064359664917e-02,2.774213068187236786e-02,0.000000000000000000e+00
4.008212089538574219e-01,4.707033634185791016e-01,-4.833527654409408569e-02,1.686259210109710693e-01,3.644377887248992920e-01,4.916979670524597168e-01,-2.398349158465862274e-02,1.002767160534858704e-01,2.159585356712341309e-01,1.938181817531585693e-01,-1.679068952798843384e-01,1.227382794022560120e-01,1.331752389669418335e-01,-1.912803649902343750e-01,6.065202876925468445e-02,6.068095564842224121e-02,2.889905869960784912e-02,-1.058280840516090393e-01,2.366759479045867920e-01,1.798003613948822021e-01,1.775335818529129028e-01,1.411587744951248169e-01,0.000000000000000000e+00,-1.457069814205169678e-01,-2.287812530994415283e-02,-1.622291468083858490e-02,1.978356242179870605e-01,4.425799548625946045e-01,1.000000000000000000e+00,3.070235997438430786e-02,-2.926823794841766357e-01,-7.417991012334823608e-02,3.163894116878509521e-01,2.111234366893768311e-01,-1.039038449525833130e-01,-5.032098293304443359e-02,-4.727818444371223450e-02,1.595229506492614746e-01,-5.877592042088508606e-02,1.088002026081085205e-01,3.682768046855926514e-01,4.488278031349182129e-01,3.657760024070739746e-01,2.771178185939788818e-01,1.660002022981643677e-01,2.397400438785552979e-01,-4.505379125475883484e-02,0.000000000000000000e+00
-1.631687879562377930e-01,-5.275102332234382629e-02,5.204442739486694336e-01,5.753157734870910645e-01,3.344524204730987549e-01,-5.977554991841316223e-02,3.969642221927642822e-01,-1.545871198177337646e-01,-1.963137686252593994e-01,-9.826428443193435669e-02,-1.754547506570816040e-01,-2.807438671588897705e-01,-2.464948147535324097e-01,-1.273840814828872681e-01,1.191384270787239075e-01,1.628221571445465088e-02,4.675952196121215820e-01,-1.470703482627868652e-01,3.487831056118011475e-01,6.231343373656272888e-02,2.066811174154281616e-01,1.525589376688003540e-01,0.000000000000000000e+00,1.231545116752386093e-02,3.645005226135253906e-01,6.159530878067016602e-01,6.241672486066818237e-02,-3.168610930442810059e-01,3.070235997438430786e-02,1.000000000000000000e+00,9.048858284950256348e-02,-1.346901208162307739e-01,-2.991182208061218262e-01,-6.481090188026428223e-02,2.964521348476409912e-01,-2.068598940968513489e-02,-3.710441887378692627e-01,1.352390944957733154e-01,-3.103414177894592285e-01,-2.132140398025512695e-01,-1.264895647764205933e-01,2.869713604450225830e-01,4.536702036857604980e-01,1.849411725997924805e-01,2.653039395809173584e-01,2.407839596271514893e-01,-1.219119876623153687e-01,0.000000000000000000e+00
-3.070330321788787842e-01,-1.162010058760643005e-01,1.882682740688323975e-01,1.653073355555534363e-02,-3.033470176160335541e-02,-3.700407687574625015e-03,4.882613122463226318e-01,-5.895787477493286133e-02,-1.868601590394973755e-01,1.321004927158355713e-01,-4.119864702224731445e-01,1.880204081535339355e-01,1.016258522868156433e-01,2.253360897302627563e-01,-1.969616860151290894e-01,1.504167765378952026e-01,3.496954143047332764e-01,5.201471447944641113e-01,-1.508431583642959595e-01,1.697639971971511841e-01,-1.471035182476043701e-01,3.130079209804534912e-01,0.000000000000000000e+00,4.725842475891113281e-01,-1.595775969326496124e-02,-2.116600237786769867e-02,-1.901926249265670776e-01,-1.341802030801773071e-01,-2.926823794841766357e-01,9.048858284950256348e-02,1.000000000000000000e+00,3.214397132396697998e-01,-1.105617061257362366e-01,-2.458145767450332642e-01,3.076547086238861084e-01,5.032611489295959473e-01,5.304968915879726410e-03,2.771637141704559326e-01,2.757021188735961914e-01,-1.543853878974914551e-01,-1.892726123332977295e-01,-1.271778941154479980e-01,4.855912551283836365e-02,-1.237595546990633011e-02,2.588959932327270508e-01,-1.274345815181732178e-02,5.693157315254211426e-01,0.000000000000000000e+00
-7.395941019058227539e-02,-3.633194789290428162e-02,-2.494111657142639160e-02,-5.704587325453758240e-02,9.781394328456372023e-05,-5.216521769762039185e-02,1.299312263727188110e-01,4.067444056272506714e-02,-2.022328823804855347e-01,2.551843822002410889e-01,-2.374345958232879639e-01,3.081811666488647461e-01,2.547504901885986328e-01,-5.546548403799533844e-03,-3.519193455576896667e-02,2.906518056988716125e-02,1.196582894772291183e-02,1.821897029876708984e-01,-6.445591151714324951e-02,1.790764629840850830e-01,-3.459542989730834961e-02,1.522202193737030029e-01,0.000000000000000000e+00,1.988054364919662476e-01,-2.146420329809188843e-01,-1.169630065560340881e-01,-9.480769187211990356e-02,-2.386651001870632172e-02,-7.417991012334823608e-02,-1.346901208162307739e-01,3.214397132396697998e-01,1.000000000000000000e+00,1.801920086145401001e-01,1.540448423475027084e-02,6.868995726108551025e-02,2.439761459827423096e-01,2.231964841485023499e-02,1.022445037961006165e-01,2.755055427551269531e-01,1.890542544424533844e-02,-9.187052398920059204e-02,-1.034247800707817078e-01,1.113454811275005341e-02,-1.512685418128967285e-01,7.047782093286514282e-02,6.221746653318405151e-02,2.951393127441406250e-01,0.000000000000000000e+00
