1.000000000000000000e+00,6.829686164855957031e-01,-3.388443589210510254e-01,-1.633344888687133789e-01,2.144752591848373413e-01,9.332326799631118774e-02,-1.812314689159393311e-01,1.613514423370361328e-01,1.714044809341430664e-01,2.485760897397994995e-01,-1.378641556948423386e-02,1.616879403591156006e-01,-6.794010754674673080e-03,-3.021469712257385254e-01,-2.776285111904144287e-01,1.378039568662643433e-01,2.927407994866371155e-02,0.000000000000000000e+00,9.282010048627853394e-02,-3.413425758481025696e-03,0.000000000000000000e+00,0.000000000000000000e+00,0.000000000000000000e+00,1.056590899825096130e-01,1.328832358121871948e-01,-6.019892692565917969e-01,-9.893996268510818481e-02,2.242754995822906494e-01,2.553564906120300293e-01,-6.351380944252014160e-01,-3.448370993137359619e-01,0.000000000000000000e+00,3.840948641300201416e-01,1.041047498583793640e-01,2.870123386383056641e-01,-1.807269155979156494e-01,7.112202793359756470e-02,-9.563848376274108887e-02,1.220025569200515747e-01,-1.786957308650016785e-02,4.291766881942749023e-01,5.748100876808166504e-01,-6.370288878679275513e-02,4.417208731174468994e-01,3.468244373798370361e-01,2.142438143491744995e-01,0.000000000000000000e+00,0.000000000000000000e+00
6.829686164855957031e-01,1.000000000000000000e+00,-4.135081470012664795e-01,-4.778709635138511658e-02,3.797047734260559082e-01,2.187327295541763306e-01,-5.078141763806343079e-02,2.598842084407806396e-01,2.151359021663665771e-01,1.086860746145248413e-01,-1.434856355190277100e-01,-2.074882015585899353e-02,1.139998808503150940e-01,-3.365599811077117920e-01,-4.160453379154205322e-01,1.127104237675666809e-01,7.445377856492996216e-02,0.000000000000000000e+00,5.423689633607864380e-02,1.539107114076614380e-01,0.000000000000000000e+00,0.000000000000000000e+00,0.000000000000000000e+00,-2.710770256817340851e-02,1.587320119142532349e-01,-5.808843374252319336e-01,-1.077628210186958313e-01,2.979791350662708282e-02,2.003934830427169800e-01,-5.805709362030029297e-01,-4.366298019886016846e-01,0.000000000000000000e+00,5.034263730049133301e-01,2.756748199462890625e-01,4.603970050811767578e-01,-2.115349769592285156e-01,1.459477245807647705e-01,2.084422484040260315e-02,4.929003491997718811e-02,-1.194141283631324768e-01,6.161933541297912598e-01,4.861634671688079834e-01,-1.318370103836059570e-01,5.065809488296508789e-01,3.090918958187103271e-01,2.152630686759948730e-02,0.000000000000000000e+00,0.000000000000000000e+00
-3.388443589210510254e-01,-4.135081470012664795e-01,1.000000000000000000e+00,4.355768263339996338e-01,-9.642747044563293457e-02,1.063747555017471313e-01,2.475539743900299072e-01,-3.325216472148895264e-01,4.193382919766008854e-04,-2.237371206283569336e-01,2.124333977699279785e-01,-6.652629375457763672e-02,-2.362529784440994263e-01,1.514224112033843994e-01,1.415989249944686890e-01,1.465325653553009033e-01,2.408503443002700806e-01,0.000000000000000000e+00,4.107190296053886414e-02,-2.535074651241302490e-01,0.000000000000000000e+00,0.000000000000000000e+00,0.000000000000000000e+00,4.984416440129280090e-02,-3.335070610046386719e-01,5.522546172142028809e-01,1.529913246631622314e-01,3.021537363529205322e-01,-2.501451373100280762e-01,2.603457570075988770e-01,-9.901247685775160789e-04,0.000000000000000000e+00,-1.953854113817214966e-01,-3.587318360805511475e-01,-4.554840922355651855e-01,-7.952970266342163086e-02,-1.793728470802307129e-01,-1.273382306098937988e-01,-1.471714973449707031e-01,8.004649542272090912e-03,-2.825614809989929199e-01,-7.741590589284896851e-02,3.187976479530334473e-01,-8.225195854902267456e-02,-2.362731844186782837e-01,4.519007727503776550e-02,0.000000000000000000e+00,0.000000000000000000e+00
-1.633344888687133789e-01,-4.778710007667541504e-02,4.355768263339996338e-01,1.000000000000000000e+00,2.521341741085052490e-01,3.854814171791076660e-01,3.926536440849304199e-01,3.805520758032798767e-02,6.940861046314239502e-02,-3.396365642547607422e-01,3.264937549829483032e-02,-3.452801108360290527e-01,1.105306819081306458e-01,1.239307820796966553e-01,-2.007584124803543091e-01,-1.462566554546356201e-01,4.481532275676727295e-01,0.000000000000000000e+00,-1.001554578542709351e-01,1.016460955142974854e-01,0.000000000000000000e+00,0.000000000000000000e+00,0.000000000000000000e+00,-1.636400073766708374e-01,-2.320052981376647949e-01,3.367248475551605225e-01,1.130827367305755615e-01,1.455282121896743774e-01,2.287673205137252808e-01,1.211442351341247559e-01,-4.138087108731269836e-02,0.000000000000000000e+00,-1.304916739463806152e-01,4.205614700913429260e-02,3.116720169782638550e-02,-2.336937002837657928e-02,1.572521962225437164e-02,2.128696814179420471e-02,-1.954150199890136719e-01,4.665082693099975586e-02,-8.181363344192504883e-02,1.834807544946670532e-01,4.387658536434173584e-01,2.119160816073417664e-02,-1.595862656831741333e-01,-3.870676457881927490e-02,0.000000000000000000e+00,0.000000000000000000e+00
2.144752591848373413e-01,3.797047734260559082e-01,-9.642747789621353149e-02,2.521341741085052490e-01,1.000000000000000000e+00,6.987081766128540039e-01,4.375929236412048340e-01,3.771002888679504395e-01,2.902719974517822266e-01,-1.015562564134597778e-01,-9.687588363885879517e-02,-1.176218241453170776e-01,1.809716522693634033e-01,1.354392804205417633e-02,-6.341133266687393188e-02,-1.217998340725898743e-01,2.096932381391525269e-01,0.000000000000000000e+00,-2.731184065341949463e-01,2.372990697622299194e-01,0.000000000000000000e+00,0.000000000000000000e+00,0.000000000000000000e+00,1.332089751958847046e-01,1.682898588478565216e-02,-1.949953474104404449e-02,-2.994830608367919922e-01,-3.995083272457122803e-02,2.084418684244155884e-01,-6.843150407075881958e-02,-9.224427491426467896e-02,0.000000000000000000e+00,3.367120027542114258e-01,4.584632515907287598e-01,4.490728378295898438e-01,2.675864398479461670e-01,7.564634829759597778e-02,4.197397530078887939e-01,1.763551682233810425e-01,-1.038717478513717651e-01,5.916728973388671875e-01,2.115851342678070068e-01,4.431068431586027145e-03,1.947093009948730469e-01,1.601228863000869751e-02,-2.108808159828186035e-01,0.000000000000000000e+00,0.000000000000000000e+00
9.332327544689178467e-02,2.187327295541763306e-01,1.063747555017471313e-01,3.854814469814300537e-01,6.987081766128540039e-01,1.000000000000000000e+00,6.805545687675476074e-01,2.582150995731353760e-01,3.228410482406616211e-01,-1.595857590436935425e-01,4.841345435124821961e-05,-8.308563381433486938e-02,1.224986165761947632e-01,3.031479753553867340e-02,-8.441735059022903442e-02,-8.138435333967208862e-02,3.664516210556030273e-01,0.000000000000000000e+00,-2.192331105470657349e-01,1.083815023303031921e-01,0.000000000000000000e+00,0.000000000000000000e+00,0.000000000000000000e+00,1.428046226501464844e-01,-2.459947466850280762e-01,2.068195194005966187e-01,-8.351311832666397095e-02,3.891973569989204407e-02,3.544490337371826172e-01,3.768457099795341492e-02,-3.782894462347030640e-02,0.000000000000000000e+00,2.300224304199218750e-01,4.552503526210784912e-01,2.704115509986877441e-01,2.580264806747436523e-01,8.746909350156784058e-02,3.485650420188903809e-01,8.235249668359756470e-02,4.150078818202018738e-02,4.550436735153198242e-01,2.932768464088439941e-01,9.229576587677001953e-02,2.121058702468872070e-01,-6.086606904864311218e-02,-2.114188075065612793e-01,0.000000000000000000e+00,0.000000000000000000e+00
-1.812314689159393311e-01,-5.078141763806343079e-02,2.475539743900299072e-01,3.926536142826080322e-01,4.375929236412048340e-01,6.805545687675476074e-01,1.000000000000000000e+00,1.454996466636657715e-01,3.684251308441162109e-01,-3.066803514957427979e-01,3.046272695064544678e-02,-8.008027821779251099e-02,2.282792329788208008e-02,3.246282786130905151e-02,-4.088734742254018784e-03,-5.747918039560317993e-02,5.235689282417297363e-01,0.000000000000000000e+00,-1.988188922405242920e-01,-4.641224071383476257e-02,0.000000000000000000e+00,0.000000000000000000e+00,0.000000000000000000e+00,1.227464079856872559e-01,-2.512895464897155762e-01,3.888022601604461670e-01,-1.804121881723403931e-01,-2.841425500810146332e-02,2.152178287506103516e-01,3.106788694858551025e-01,1.759932190179824829e-01,0.000000000000000000e+00,5.747159942984580994e-02,3.617457747459411621e-01,1.837127953767776489e-01,3.642526566982269287e-01,4.541526082903146744e-03,4.365906119346618652e-01,1.561435163021087646e-01,8.948013186454772949e-02,2.360122352838516235e-01,7.586222887039184570e-02,1.301839202642440796e-01,8.263362944126129150e-02,-2.526963651180267334e-01,-3.168493509292602539e-01,0.000000000000000000e+00,0.000000000000000000e+00
1.613514423370361328e-01,2.598842084407806396e-01,-3.325216472148895264e-01,3.805520758032798767e-02,3.771002888679504395e-01,2.582150995731353760e-01,1.454996466636657715e-01,1.000000000000000000e+00,2.997739613056182861e-01,-7.811111211776733398e-02,3.583971783518791199e-02,-1.990600824356079102e-01,4.125416576862335205e-01,2.083996087312698364e-01,-1.551439762115478516e-01,-1.935506612062454224e-01,-3.135924786329269409e-02,0.000000000000000000e+00,-2.708329260349273682e-01,2.436191439628601074e-01,0.000000000000000000e+00,0.000000000000000000e+00,0.000000000000000000e+00,-8.660495281219482422e-02,1.298542916774749756e-01,-1.117214038968086243e-01,-1.133672669529914856e-01,-1.690871119499206543e-01,1.178939864039421082e-01,-1.279301941394805908e-01,-9.386540204286575317e-02,0.000000000000000000e+00,2.584209740161895752e-01,4.168213307857513428e-01,3.752387762069702148e-01,6.892158091068267822e-02,2.430521696805953979e-01,3.251695632934570312e-01,-8.861953020095825195e-02,-1.594718359410762787e-02,2.879047691822052002e-01,1.063425317406654358e-01,-5.866580456495285034e-02,2.024914026260375977e-01,2.180221229791641235e-01,-3.880548477172851562e-01,0.000000000000000000e+00,0.000000000000000000e+00
1.714044809341430664e-01,2.151359021663665771e-01,4.193382919766008854e-04,6.940861046314239502e-02,2.902719974517822266e-01,3.228410482406616211e-01,3.684251308441162109e-01,2.997739613056182861e-01,1.000000000000000000e+00,-3.755536302924156189e-02,2.828018963336944580e-01,4.765432327985763550e-02,1.570581644773483276e-01,-7.601876556873321533e-02,-6.820911914110183716e-02,9.907662868499755859e-02,2.046626955270767212e-01,0.000000000000000000e+00,-8.023333549499511719e-02,5.493215285241603851e-03,0.000000000000000000e+00,0.000000000000000000e+00,0.000000000000000000e+00,1.631766930222511292e-02,-7.992088794708251953e-03,-1.443761307746171951e-02,-2.629413008689880371e-01,-1.100247073918581009e-02,1.934116706252098083e-02,-4.773545265197753906e-02,-8.646268397569656372e-02,0.000000000000000000e+00,2.109126597642898560e-01,2.948746681213378906e-01,2.893010675907135010e-01,8.103349804878234863e-02,1.244188919663429260e-01,3.294443488121032715e-01,1.050679683685302734e-01,-4.295257851481437683e-02,2.917319834232330322e-01,2.348379045724868774e-01,4.330844804644584656e-02,4.345802068710327148e-01,5.208561662584543228e-03,-2.563503980636596680e-01,0.000000000000000000e+00,0.000000000000000000e+00
2.485760897397994995e-01,1.086860746145248413e-01,-2.237371206283569336e-01,-3.396365642547607422e-01,-1.015562564134597778e-01,-1.595857590436935425e-01,-3.066803514957427979e-01,-7.811111211776733398e-02,-3.755536302924156189e-02,1.000000000000000000e+00,-3.029403463006019592e-02,6.204439401626586914e-01,-1.304696053266525269e-01,-2.692885994911193848e-01,-4.098944365978240967e-02,1.390206068754196167e-01,-2.174876332283020020e-01,0.000000000000000000e+00,1.959880888462066650e-01,-7.395100593566894531e-02,0.000000000000000000e+00,0.000000000000000000e+00,0.000000000000000000e+00,1.126172468066215515e-01,3.096513450145721436e-02,-3.412455618381500244e-01,1.144651994109153748e-01,-7.385113835334777832e-02,-4.894937947392463684e-02,-3.175802528858184814e-01,-3.289940580725669861e-02,0.000000000000000000e+00,1.728222668170928955e-01,-9.713099151849746704e-02,-1.173994913697242737e-01,-5.733842775225639343e-02,-1.277786791324615479e-01,-2.504864931106567383e-01,1.176399290561676025e-01,1.082065105438232422e-01,-1.157728116959333420e-02,8.221261948347091675e-02,-3.021916560828685760e-02,2.373608946800231934e-01,3.889045715332031250e-01,4.942085146903991699e-01,0.000000000000000000e+00,0.000000000000000000e+00
-1.378641650080680847e-02,-1.434856355190277100e-01,2.124333977699279785e-01,3.264937549829483032e-02,-9.687588363885879517e-02,4.841345435124821961e-05,3.046272695064544678e-02,3.583971783518791199e-02,2.828018963336944580e-01,-3.029403463006019592e-02,1.000000000000000000e+00,1.601194143295288086e-01,-8.143189549446105957e-02,4.404104053974151611e-01,4.199901223182678223e-01,4.113657400012016296e-02,-5.290775094181299210e-03,0.000000000000000000e+00,-3.309556515887379646e-03,-1.853208988904953003e-01,0.000000000000000000e+00,0.000000000000000000e+00,0.000000000000000000e+00,1.506806612014770508e-01,-1.102214381098747253e-01,3.086020052433013916e-01,-1.081511974334716797e-01,1.259886324405670166e-01,-5.939204245805740356e-02,2.160810381174087524e-01,1.172778457403182983e-01,0.000000000000000000e+00,-2.135726660490036011e-01,-2.294815331697463989e-01,-1.581653356552124023e-01,1.016369313001632690e-01,-5.019664391875267029e-02,2.117174863815307617e-02,3.549750894308090210e-03,5.503335222601890564e-02,-1.339128762483596802e-01,1.379470527172088623e-01,3.559494316577911377e-01,-6.855834275484085083e-02,1.367324031889438629e-02,7.486098259687423706e-02,0.000000000000000000e+00,0.000000000000000000e+00
1.616879254579544067e-01,-2.074882015585899353e-02,-6.652628630399703979e-02,-3.452800810337066650e-01,-1.176218241453170776e-01,-8.308563381433486938e-02,-8.008027821779251099e-02,-1.990600824356079102e-01,4.765432327985763550e-02,6.204439401626586914e-01,1.601194143295288086e-01,1.000000000000000000e+00,-2.958279848098754883e-01,-2.042212933301925659e-01,2.385630607604980469e-01,3.212220370769500732e-01,-1.067299768328666687e-01,0.000000000000000000e+00,3.338386118412017822e-01,-3.012788593769073486e-01,0.000000000000000000e+00,0.000000000000000000e+00,0.000000000000000000e+00,3.686949312686920166e-01,-1.731500923633575439e-01,-1.743491142988204956e-01,-1.837614364922046661e-02,1.996976695954799652e-02,-6.038301438093185425e-02,-1.812732219696044922e-01,1.233243271708488464e-01,0.000000000000000000e+00,8.230549842119216919e-02,-7.161840796470642090e-02,-1.259310543537139893e-01,1.722440868616104126e-01,-2.509898841381072998e-01,-1.415451150387525558e-02,3.733926713466644287e-01,1.829714328050613403e-01,2.977332472801208496e-02,-4.047195240855216980e-02,-1.527208685874938965e-01,1.589331477880477905e-01,2.982200868427753448e-02,2.943534255027770996e-01,0.000000000000000000e+00,0.000000000000000000e+00
-6.794010754674673080e-03,1.139998808503150940e-01,-2.362529933452606201e-01,1.105306819081306458e-01,1.809716522693634033e-01,1.224986165761947632e-01,2.282792329788208008e-02,4.125416576862335205e-01,1.570581644773483276e-01,-1.304696053266525269e-01,-8.143189549446105957e-02,-2.958279848098754883e-01,1.000000000000000000e+00,1.249631419777870178e-01,-1.394178867340087891e-01,-2.009647637605667114e-01,-7.788969576358795166e-02,0.000000000000000000e+00,-2.398201823234558105e-01,4.452765882015228271e-01,0.000000000000000000e+00,0.000000000000000000e+00,0.000000000000000000e+00,-1.662801057100296021e-01,9.676609188318252563e-02,-2.249355427920818329e-02,5.624848604202270508e-02,-1.605296880006790161e-01,1.397323757410049438e-01,-2.283716015517711639e-02,-1.007724180817604065e-01,0.000000000000000000e+00,5.535161122679710388e-02,2.358028888702392578e-01,2.515809237957000732e-01,2.881632745265960693e-02,5.763211846351623535e-02,1.540742218494415283e-01,-1.222888305783271790e-01,-3.332472220063209534e-02,8.241527527570724487e-02,6.085603684186935425e-02,-1.113442704081535339e-02,9.089127928018569946e-02,1.047571375966072083e-01,-2.762128710746765137e-01,0.000000000000000000e+00,0.000000000000000000e+00
-3.021469712257385254e-01,-3.365599811077117920e-01,1.514224112033843994e-01,1.239307820796966553e-01,1.354392804205417633e-02,3.031479753553867340e-02,3.246282786130905151e-02,2.083996087312698364e-01,-7.601876556873321533e-02,-2.692885994911193848e-01,4.404104053974151611e-01,-2.042212933301925659e-01,1.249631419777870178e-01,1.000000000000000000e+00,4.285847544670104980e-01,-2.484536170959472656e-01,-9.516520798206329346e-02,0.000000000000000000e+00,-2.063407003879547119e-01,6.855759769678115845e-02,0.000000000000000000e+00,0.000000000000000000e+00,0.000000000000000000e+00,5.558591708540916443e-02,-1.281665116548538208e-01,5.183311104774475098e-01,-4.840605705976486206e-02,5.166184902191162109e-02,-2.195395529270172119e-02,4.775392711162567139e-01,2.091291248798370361e-01,0.000000000000000000e+00,-2.992676198482513428e-01,-2.195037007331848145e-01,-1.588388532400131226e-01,1.899327039718627930e-01,1.427660286426544189e-01,1.153712198138237000e-01,-1.444709450006484985e-01,4.816447850316762924e-03,-1.902273893356323242e-01,-1.326810866594314575e-01,2.603960633277893066e-01,-3.381586968898773193e-01,8.580707013607025146e-03,-1.144881770014762878e-01,0.000000000000000000e+00,0.000000000000000000e+00
-2.776285111904144287e-01,-4.160453379154205322e-01,1.415989249944686890e-01,-2.007584124803543091e-01,-6.341133266687393188e-02,-8.441735059022903442e-02,-4.088734742254018784e-03,-1.551439762115478516e-01,-6.820911914110183716e-02,-4.098944365978240967e-02,4.199901223182678223e-01,2.385630607604980469e-01,-1.394178867340087891e-01,4.285847544670104980e-01,1.000000000000000000e+00,-5.773188173770904541e-02,-1.695682257413864136e-01,0.000000000000000000e+00,-7.180377095937728882e-02,-1.736851930618286133e-01,0.000000000000000000e+00,0.000000000000000000e+00,0.000000000000000000e+00,3.384355604648590088e-01,-3.850129246711730957e-02,3.565782010555267334e-01,-2.151018530130386353e-01,5.521399527788162231e-02,-1.505260765552520752e-01,4.490822553634643555e-01,5.219689607620239258e-01,0.000000000000000000e+00,-4.126536250114440918e-01,-1.662619858980178833e-01,-1.664911359548568726e-01,5.555739402770996094e-01,-2.851378917694091797e-01,3.638926446437835693e-01,4.289563894271850586e-01,1.835444942116737366e-03,-2.417768090963363647e-01,-3.142034709453582764e-01,7.392193656414747238e-03,-4.090578258037567139e-01,-3.018982112407684326e-01,-4.411220550537109375e-02,0.000000000000000000e+00,0.000000000000000000e+00
1.378039568662643433e-01,1.127104237675666809e-01,1.465325802564620972e-01,-1.462566554546356201e-01,-1.217998340725898743e-01,-8.138435333967208862e-02,-5.747918039560317993e-02,-1.935506612062454224e-01,9.907662868499755859e-02,1.390206068754196167e-01,4.113657400012016296e-02,3.212220370769500732e-01,-2.009647637605667114e-01,-2.484536170959472656e-01,-5.773188173770904541e-02,1.000000000000000000e+00,-4.215769469738006592e-03,0.000000000000000000e+00,2.817748785018920898e-01,-2.739507555961608887e-01,0.000000000000000000e+00,0.000000000000000000e+00,0.000000000000000000e+00,1.933341324329376221e-01,-1.344161033630371094e-01,-1.982898563146591187e-01,-3.709036111831665039e-02,1.017198190093040466e-01,-2.510150671005249023e-01,-2.574551403522491455e-01,-2.070196270942687988e-01,0.000000000000000000e+00,2.515053153038024902e-01,-6.703773140907287598e-02,-2.953761257231235504e-02,-1.066817715764045715e-01,-2.955533750355243683e-02,-7.601690292358398438e-02,1.470651924610137939e-01,4.885809496045112610e-02,1.194788068532943726e-01,-6.963601708412170410e-02,-1.959557831287384033e-01,2.345665693283081055e-01,-1.000839248299598694e-01,6.186794489622116089e-02,0.000000000000000000e+00,0.000000000000000000e+00
2.927407808601856232e-02,7.445377856492996216e-02,2.408503592014312744e-01,4.481532275676727295e-01,2.096932381391525269e-01,3.664516210556030273e-01,5.235689282417297363e-01,-3.135924786329269409e-02,2.046626955270767212e-01,-2.174876332283020020e-01,-5.290775094181299210e-03,-1.067299768328666687e-01,-7.788969576358795166e-02,-9.516520798206329346e-02,-1.695682257413864136e-01,-4.215769469738006592e-03,1.000000000000000000e+00,0.000000000000000000e+00,-4.104877635836601257e-02,-5.809055268764495850e-02,0.000000000000000000e+00,0.000000000000000000e+00,0.000000000000000000e+00,-7.751352339982986450e-02,-7.936099916696548462e-02,1.373943537473678589e-01,-1.070152148604393005e-01,-2.691953442990779877e-02,1.056691408157348633e-01,6.164733693003654480e-02,2.764422073960304260e-02,0.000000000000000000e+00,1.415287852287292480e-01,2.268861532211303711e-01,1.433510333299636841e-01,6.290510296821594238e-02,1.018006056547164917e-01,1.561422944068908691e-01,8.686735481023788452e-02,7.451899349689483643e-02,1.704149097204208374e-01,2.150916755199432373e-01,2.913726866245269775e-01,1.472001820802688599e-01,-9.592411667108535767e-02,-2.885241061449050903e-03,0.000000000000000000e+00,0.000000000000000000e+00
0.000000000000000000e+00,0.000000000000000000e+00,0.000000000000000000e+00,0.000000000000000000e+00,0.000000000000000000e+00,0.000000000000000000e+00,0.000000000000000000e+00,0.000000000000000000e+00,0.000000000000000000e+00,0.000000000000000000e+00,0.000000000000000000e+00,0.000000000000000000e+00,0.000000000000000000e+00,0.000000000000000000e+00,0.000000000000000000e+00,0.000000000000000000e+00,0.000000000000000000e+00,1.000000000000000000e+00,0.000000000000000000e+00,0.000000000000000000e+00,0.000000000000000000e+00,0.000000000000000000e+00,0.000000000000000000e+00,0.000000000000000000e+00,0.000000000000000000e+00,0.000000000000000000e+00,0.000000000000000000e+00,0.000000000000000000e+00,0.000000000000000000e+00,0.000000000000000000e+00,0.000000000000000000e+00,0.000000000000000000e+00,0.000000000000000000e+00,0.000000000000000000e+00,0.000000000000000000e+00,0.000000000000000000e+00,0.000000000000000000e+00,0.000000000000000000e+00,0.000000000000000000e+00,0.000000000000000000e+00,0.000000000000000000e+00,0.000000000000000000e+00,0.000000000000000000e+00,0.000000000000000000e+00,0.000000000000000000e+00,0.000000000000000000e+00,0.000000000000000000e+00,0.000000000000000000e+00
9.282010048627853394e-02,5.423689633607864380e-02,4.107190296053886414e-02,-1.001554578542709351e-01,-2.731184065341949463e-01,-2.192330956459045410e-01,-1.988188922405242920e-01,-2.708329260349273682e-01,-8.023334294557571411e-02,1.959880888462066650e-01,-3.309556283056735992e-03,3.338386416435241699e-01,-2.398201823234558105e-01,-2.063407003879547119e-01,-7.180377095937728882e-02,2.817748785018920898e-01,-4.104877263307571411e-02,0.000000000000000000e+00,1.000000000000000000e+00,-1.421990692615509033e-01,0.000000000000000000e+00,0.000000000000000000e+00,0.000000000000000000e+00,-4.256144165992736816e-02,-1.061606332659721375e-01,-1.959278434514999390e-01,9.260024875402450562e-02,6.956087052822113037e-02,-8.604685962200164795e-02,-2.755502760410308838e-01,-1.343763470649719238e-01,0.000000000000000000e+00,1.502591278403997421e-02,-1.623638868331909180e-01,-1.631136387586593628e-01,-1.706937402486801147e-01,-9.059494733810424805e-02,-2.166749984025955200e-01,6.175023317337036133e-02,1.236627772450447083e-01,-6.348961591720581055e-02,9.031750261783599854e-02,-5.143087357282638550e-02,1.329552531242370605e-01,4.658987373113632202e-02,2.292189002037048340e-01,0.000000000000000000e+00,0.000000000000000000e+00
-3.413425758481025696e-03,1.539106965065002441e-01,-2.535074651241302490e-01,1.016460955142974854e-01,2.372990697622299194e-01,1.083815023303031921e-01,-4.641223698854446411e-02,2.436191439628601074e-01,5.493214819580316544e-03,-7.395100593566894531e-02,-1.853209137916564941e-01,-3.012788891792297363e-01,4.452765882015228271e-01,6.855759769678115845e-02,-1.736851930618286133e-01,-2.739507555961608887e-01,-5.809055268764495850e-02,0.000000000000000000e+00,-1.421990692615509033e-01,1.000000000000000000e+00,0.000000000000000000e+00,0.000000000000000000e+00,0.000000000000000000e+00,-1.871647983789443970e-01,2.317034155130386353e-01,-6.108151748776435852e-02,7.340771146118640900e-03,-9.727376699447631836e-02,1.656948626041412354e-01,1.180880062747746706e-04,-7.169810682535171509e-02,0.000000000000000000e+00,5.211794003844261169e-02,1.919561922550201416e-01,2.533462941646575928e-01,-1.432132720947265625e-02,1.944743096828460693e-01,6.776409596204757690e-02,-7.190596312284469604e-02,-1.361481398344039917e-01,1.374022662639617920e-01,9.683462977409362793e-02,7.991409301757812500e-02,-4.767553508281707764e-02,1.393498480319976807e-01,-4.706642590463161469e-03,0.000000000000000000e+00,0.000000000000000000e+00
0.000000000000000000e+00,0.000000000000000000e+00,0.000000000000000000e+00,0.000000000000000000e+00,0.000000000000000000e+00,0.000000000000000000e+00,0.000000000000000000e+00,0.000000000000000000e+00,0.000000000000000000e+00,0.000000000000000000e+00,0.000000000000000000e+00,0.000000000000000000e+00,0.000000000000000000e+00,0.000000000000000000e+00,0.000000000000000000e+00,0.000000000000000000e+00,0.000000000000000000e+00,0.000000000000000000e+00,0.000000000000000000e+00,0.000000000000000000e+00,1.000000000000000000e+00,0.000000000000000000e+00,0.000000000000000000e+00,0.000000000000000000e+00,0.000000000000000000e+00,0.000000000000000000e+00,0.000000000000000000e+00,0.000000000000000000e+00,0.000000000000000000e+00,0.000000000000000000e+00,0.000000000000000000e+00,0.000000000000000000e+00,0.000000000000000000e+00,0.000000000000000000e+00,0.000000000000000000e+00,0.000000000000000000e+00,0.000000000000000000e+00,0.000000000000000000e+00,0.000000000000000000e+00,0.000000000000000000e+00,0.000000000000000000e+00,0.000000000000000000e+00,0.000000000000000000e+00,0.000000000000000000e+00,0.000000000000000000e+00,0.000000000000000000e+00,0.000000000000000000e+00,0.000000000000000000e+00
0.000000000000000000e+00,0.000000000000000000e+00,0.000000000000000000e+00,0.000000000000000000e+00,0.000000000000000000e+00,0.000000000000000000e+00,0.000000000000000000e+00,0.000000000000000000e+00,0.000000000000000000e+00,0.000000000000000000e+00,0.000000000000000000e+00,0.000000000000000000e+00,0.000000000000000000e+00,0.000000000000000000e+00,0.000000000000000000e+00,0.000000000000000000e+00,0.000000000000000000e+00,0.000000000000000000e+00,0.000000000000000000e+00,0.000000000000000000e+00,0.000000000000000000e+00,1.000000000000000000e+00,0.000000000000000000e+00,0.000000000000000000e+00,0.000000000000000000e+00,0.000000000000000000e+00,0.000000000000000000e+00,0.000000000000000000e+00,0.000000000000000000e+00,0.000000000000000000e+00,0.000000000000000000e+00,0.000000000000000000e+00,0.000000000000000000e+00,0.000000000000000000e+00,0.000000000000000000e+00,0.000000000000000000e+00,0.000000000000000000e+00,0.000000000000000000e+00,0.000000000000000000e+00,0.000000000000000000e+00,0.000000000000000000e+00,0.000000000000000000e+00,0.000000000000000000e+00,0.000000000000000000e+00,0.000000000000000000e+00,0.000000000000000000e+00,0.000000000000000000e+00,0.000000000000000000e+00
0.000000000000000000e+00,0.000000000000000000e+00,0.000000000000000000e+00,0.000000000000000000e+00,0.000000000000000000e+00,0.000000000000000000e+00,0.000000000000000000e+00,0.000000000000000000e+00,0.000000000000000000e+00,0.000000000000000000e+00,0.000000000000000000e+00,0.000000000000000000e+00,0.000000000000000000e+00,0.000000000000000000e+00,0.000000000000000000e+00,0.000000000000000000e+00,0.000000000000000000e+00,0.000000000000000000e+00,0.000000000000000000e+00,0.000000000000000000e+00,0.000000000000000000e+00,0.000000000000000000e+00,1.000000000000000000e+00,0.000000000000000000e+00,0.000000000000000000e+00,0.000000000000000000e+00,0.000000000000000000e+00,0.000000000000000000e+00,0.000000000000000000e+00,0.000000000000000000e+00,0.000000000000000000e+00,0.000000000000000000e+00,0.000000000000000000e+00,0.000000000000000000e+00,0.000000000000000000e+00,0.000000000000000000e+00,0.000000000000000000e+00,0.000000000000000000e+00,0.000000000000000000e+00,0.000000000000000000e+00,0.000000000000000000e+00,0.000000000000000000e+00,0.000000000000000000e+00,0.000000000000000000e+00,0.000000000000000000e+00,0.000000000000000000e+00,0.000000000000000000e+00,0.000000000000000000e+00
1.056590899825096130e-01,-2.710770443081855774e-02,4.984416440129280090e-02,-1.636400073766708374e-01,1.332089751958847046e-01,1.428046226501464844e-01,1.227464079856872559e-01,-8.660495281219482422e-02,1.631766930222511292e-02,1.126172468066215515e-01,1.506806612014770508e-01,3.686949312686920166e-01,-1.662801206111907959e-01,5.558592081069946289e-02,3.384355902671813965e-01,1.933341324329376221e-01,-7.751352339982986450e-02,0.000000000000000000e+00,-4.256144165992736816e-02,-1.871647983789443970e-01,0.000000000000000000e+00,0.000000000000000000e+00,0.000000000000000000e+00,1.000000000000000000e+00,-2.082832008600234985e-01,1.063667759299278259e-01,-2.066496312618255615e-01,2.208521515130996704e-01,3.901676833629608154e-02,9.678331017494201660e-02,2.019816190004348755e-01,0.000000000000000000e+00,1.146524306386709213e-02,1.178764458745718002e-02,-3.892707079648971558e-02,4.153735935688018799e-01,-1.486804485321044922e-01,1.795668005943298340e-01,3.909840285778045654e-01,9.221310168504714966e-02,6.481988728046417236e-02,-4.290756583213806152e-02,-1.201651468873023987e-01,-2.598934434354305267e-02,-1.220388934016227722e-01,7.827543467283248901e-02,0.000000000000000000e+00,0.000000000000000000e+00
1.328832358121871948e-01,1.587320268154144287e-01,-3.335070610046386719e-01,-2.320052981376647949e-01,1.682898588478565216e-02,-2.459947466850280762e-01,-2.512895464897155762e-01,1.298542916774749756e-01,-7.992088794708251953e-03,3.096513450145721436e-02,-1.102214381098747253e-01,-1.731500923633575439e-01,9.676609188318252563e-02,-1.281665116548538208e-01,-3.850129246711730957e-02,-1.344161033630371094e-01,-7.936099916696548462e-02,0.000000000000000000e+00,-1.061606332659721375e-01,2.317034155130386353e-01,0.000000000000000000e+00,0.000000000000000000e+00,0.000000000000000000e+00,-2.082831859588623047e-01,1.000000000000000000e+00,-3.534229099750518799e-01,-3.670056760311126709e-01,-1.673490405082702637e-01,-1.250524818897247314e-01,-6.517153233289718628e-02,-4.511973261833190918e-02,0.000000000000000000e+00,9.377763420343399048e-02,5.412823706865310669e-02,3.158765435218811035e-01,-1.224069669842720032e-01,2.299517989158630371e-01,5.320762097835540771e-02,6.656462699174880981e-02,-1.610692590475082397e-01,1.659811288118362427e-01,-2.413574047386646271e-02,-4.044153913855552673e-02,-1.591708809137344360e-01,1.149274483323097229e-01,3.153081983327865601e-02,0.000000000000000000e+00,0.000000000000000000e+00
-6.019892692565917969e-01,-5.808843374252319336e-01,5.522546172142028809e-01,3.367248475551605225e-01,-1.949953287839889526e-02,2.068195343017578125e-01,3.888022601604461670e-01,-1.117214038968086243e-01,-1.443761307746171951e-02,-3.412455916404724121e-01,3.086020052433013916e-01,-1.743491142988204956e-01,-2.249355241656303406e-02,5.183311104774475098e-01,3.565781712532043457e-01,-1.982898563146591187e-01,1.373943537473678589e-01,0.000000000000000000e+00,-1.959278434514999390e-01,-6.108151748776435852e-02,0.000000000000000000e+00,0.000000000000000000e+00,0.000000000000000000e+00,1.063667759299278259e-01,-3.534229099750518799e-01,1.000000000000000000e+00,6.085478886961936951e-02,1.430717557668685913e-01,4.986623302102088928e-02,7.292409539222717285e-01,3.716294765472412109e-01,0.000000000000000000e+00,-3.668518066406250000e-01,-2.099581658840179443e-01,-3.797292411327362061e-01,2.565672397613525391e-01,-2.378185838460922241e-02,6.390596181154251099e-02,-1.535056531429290771e-01,1.063665673136711121e-01,-2.980432212352752686e-01,-2.502984404563903809e-01,3.450785279273986816e-01,-3.876874744892120361e-01,-2.477545440196990967e-01,-9.865260869264602661e-02,0.000000000000000000e+00,0.000000000000000000e+00
-9.893997013568878174e-02,-1.077628210186958313e-01,1.529913097620010376e-01,1.130827367305755615e-01,-2.994830608367919922e-01,-8.351311832666397095e-02,-1.804121881723403931e-01,-1.133672669529914856e-01,-2.629413008689880371e-01,1.144651994109153748e-01,-1.081511974334716797e-01,-1.837614364922046661e-02,5.624848604202270508e-02,-4.840605705976486206e-02,-2.151018530130386353e-01,-3.709036111831665039e-02,-1.070152148604393005e-01,0.000000000000000000e+00,9.260025620460510254e-02,7.340771146118640900e-03,0.000000000000000000e+00,0.000000000000000000e+00,0.000000000000000000e+00,-2.066496163606643677e-01,-3.670056760311126709e-01,6.085478886961936951e-02,1.000000000000000000e+00,4.863240197300910950e-02,5.273225158452987671e-02,-1.548115313053131104e-01,-1.010696664452552795e-01,0.000000000000000000e+00,-3.007441386580467224e-02,-1.252629309892654419e-01,-4.088414013385772705e-01,-2.689293026924133301e-01,-1.808620393276214600e-01,-4.064598381519317627e-01,-3.449313640594482422e-01,9.143194556236267090e-02,-3.842975497245788574e-01,1.060619950294494629e-01,2.427145279943943024e-02,1.158781573176383972e-01,9.366938471794128418e-02,6.416706740856170654e-02,0.000000000000000000e+00,0.000000000000000000e+00
2.242754995822906494e-01,2.979791164398193359e-02,3.021537363529205322e-01,1.455282121896743774e-01,-3.995083272457122803e-02,3.891973197460174561e-02,-2.841425500810146332e-02,-1.690871119499206543e-01,-1.100246980786323547e-02,-7.385113835334777832e-02,1.259886324405670166e-01,1.996976695954799652e-02,-1.605297029018402100e-01,5.166184902191162109e-02,5.521399155259132385e-02,1.017198190093040466e-01,-2.691953442990779877e-02,0.000000000000000000e+00,6.956087052822113037e-02,-9.727376699447631836e-02,0.000000000000000000e+00,0.000000000000000000e+00,0.000000000000000000e+00,2.208521366119384766e-01,-1.673490405082702637e-01,1.430717557668685913e-01,4.863239824771881104e-02,1.000000000000000000e+00,2.485247552394866943e-01,8.362017688341438770e-04,-5.510896816849708557e-02,0.000000000000000000e+00,-1.254944950342178345e-01,-3.316820859909057617e-01,-2.096059769392013550e-01,-6.554596126079559326e-02,-5.265526846051216125e-02,-1.969712078571319580e-01,-4.358229413628578186e-02,5.147233605384826660e-02,-6.609095633029937744e-02,1.572774648666381836e-01,1.019723713397979736e-01,7.853666320443153381e-03,-1.019280850887298584e-01,1.510338187217712402e-01,0.000000000000000000e+00,0.000000000000000000e+00
2.553564906120300293e-01,2.003934830427169800e-01,-2.501451373100280762e-01,2.287673056125640869e-01,2.084418684244155884e-01,3.544490337371826172e-01,2.152178287506103516e-01,1.178939864039421082e-01,1.934116706252098083e-02,-4.894937947392463684e-02,-5.939204245805740356e-02,-6.038301438093185425e-02,1.397323757410049438e-01,-2.195395529270172119e-02,-1.505260765552520752e-01,-2.510150671005249023e-01,1.056691408157348633e-01,0.000000000000000000e+00,-8.604685962200164795e-02,1.656948626041412354e-01,0.000000000000000000e+00,0.000000000000000000e+00,0.000000000000000000e+00,3.901676833629608154e-02,-1.250524818897247314e-01,4.986622929573059082e-02,5.273225158452987671e-02,2.485247552394866943e-01,1.000000000000000000e+00,1.395637542009353638e-02,1.238993555307388306e-01,0.000000000000000000e+00,-2.535538375377655029e-02,2.204593420028686523e-01,1.893609613180160522e-01,1.386925280094146729e-01,1.093371435999870300e-01,2.202732302248477936e-02,3.226940333843231201e-02,2.290953993797302246e-01,8.984116464853286743e-02,3.411231935024261475e-01,1.119679436087608337e-01,-3.984105587005615234e-02,-9.375771507620811462e-03,6.643813103437423706e-02,0.000000000000000000e+00,0.000000000000000000e+00
-6.351381540298461914e-01,-5.805709362030029297e-01,2.603457570075988770e-01,1.211442351341247559e-01,-6.843150407075881958e-02,3.768457099795341492e-02,3.106788694858551025e-01,-1.279301941394805908e-01,-4.773545265197753906e-02,-3.175802528858184814e-01,2.160810381174087524e-01,-1.812732219696044922e-01,-2.283716015517711639e-02,4.775392711162567139e-01,4.490822553634643555e-01,-2.574551403522491455e-01,6.164733693003654480e-02,0.000000000000000000e+00,-2.755503058433532715e-01,1.180880062747746706e-04,0.000000000000000000e+00,0.000000000000000000e+00,0.000000000000000000e+00,9.678331762552261353e-02,-6.517153233289718628e-02,7.292409539222717285e-01,-1.548115313053131104e-01,8.362017688341438770e-04,1.395637542009353638e-02,1.000000000000000000e+00,5.571982264518737793e-01,0.000000000000000000e+00,-3.921228647232055664e-01,-1.568892896175384521e-01,-1.915462166070938110e-01,4.035018682479858398e-01,2.504908107221126556e-02,1.826030015945434570e-01,9.606335312128067017e-03,4.576739296317100525e-02,-2.693663537502288818e-01,-3.452379703521728516e-01,2.958855032920837402e-01,-5.304589867591857910e-01,-2.199786156415939331e-01,-5.533138662576675415e-02,0.000000000000000000e+00,0.000000000000000000e+00
-3.448370993137359619e-01,-4.366298019886016846e-01,-9.901247685775160789e-04,-4.138087108731269836e-02,-9.224426746368408203e-02,-3.782894462347030640e-02,1.759932190179824829e-01,-9.386539459228515625e-02,-8.646268397569656372e-02,-3.289940580725669861e-02,1.172778457403182983e-01,1.233243271708488464e-01,-1.007724180817604065e-01,2.091291099786758423e-01,5.219689607620239258e-01,-2.070196270942687988e-01,2.764422073960304260e-02,0.000000000000000000e+00,-1.343763470649719238e-01,-7.169810682535171509e-02,0.000000000000000000e+00,0.000000000000000000e+00,0.000000000000000000e+00,2.019816190004348755e-01,-4.511973261833190918e-02,3.716294765472412109e-01,-1.010696738958358765e-01,-5.510896816849708557e-02,1.238993555307388306e-01,5.571982264518737793e-01,1.000000000000000000e+00,0.000000000000000000e+00,-4.089596569538116455e-01,9.689929895102977753e-03,-1.336534172296524048e-01,6.627196073532104492e-01,-1.670275330543518066e-01,2.927390038967132568e-01,4.178325831890106201e-01,1.733519434928894043e-01,-3.191835284233093262e-01,-2.846179306507110596e-01,1.662096828222274780e-01,-4.446897208690643311e-01,-2.307627946138381958e-01,5.311133712530136108e-02,0.000000000000000000e+00,0.000000000000000000e+00
0.000000000000000000e+00,0.000000000000000000e+00,0.000000000000000000e+00,0.000000000000000000e+00,0.000000000000000000e+00,0.000000000000000000e+00,0.000000000000000000e+00,0.000000000000000000e+00,0.000000000000000000e+00,0.000000000000000000e+00,0.000000000000000000e+00,0.000000000000000000e+00,0.000000000000000000e+00,0.000000000000000000e+00,0.000000000000000000e+00,0.000000000000000000e+00,0.000000000000000000e+00,0.000000000000000000e+00,0.000000000000000000e+00,0.000000000000000000e+00,0.000000000000000000e+00,0.000000000000000000e+00,0.000000000000000000e+00,0.000000000000000000e+00,0.000000000000000000e+00,0.000000000000000000e+00,0.000000000000000000e+00,0.000000000000000000e+00,0.000000000000000000e+00,0.000000000000000000e+00,0.000000000000000000e+00,1.000000000000000000e+00,0.000000000000000000e+00,0.000000000000000000e+00,0.000000000000000000e+00,0.000000000000000000e+00,0.000000000000000000e+00,0.000000000000000000e+00,0.000000000000000000e+00,0.000000000000000000e+00,0.000000000000000000e+00,0.000000000000000000e+00,0.000000000000000000e+00,0.000000000000000000e+00,0.000000000000000000e+00,0.000000000000000000e+00,0.000000000000000000e+00,0.000000000000000000e+00
