1.000000000000000000e+00,5.307518243789672852e-01,-6.877397000789642334e-02,1.748339980840682983e-01,2.988491952419281006e-01,1.641795337200164795e-01,-2.672709822654724121e-01,-1.605913937091827393e-01,1.522843688726425171e-01,4.185306280851364136e-02,-2.387472391128540039e-01,-2.159478813409805298e-01,1.062475517392158508e-01,-3.483277261257171631e-01,-4.991281628608703613e-01,-6.873691827058792114e-02,-3.757031634449958801e-02,0.000000000000000000e+00,-7.891798019409179688e-02,1.597589999437332153e-01,9.938457608222961426e-02,0.000000000000000000e+00,0.000000000000000000e+00,2.209626324474811554e-02,-2.478714101016521454e-02,-3.773743808269500732e-01,2.607929892838001251e-02,4.843879938125610352e-01,3.524966835975646973e-01,-4.885444641113281250e-01,-3.289199173450469971e-01,0.000000000000000000e+00,4.940079152584075928e-01,-1.112565025687217712e-01,2.265681624412536621e-01,-9.225328266620635986e-02,-4.669395685195922852e-01,-4.588386416435241699e-01,3.471150121185928583e-04,-2.513831853866577148e-01,4.336802959442138672e-01,2.806023955345153809e-01,1.830537915229797363e-01,3.748107850551605225e-01,-7.439035456627607346e-03,-1.162789389491081238e-01,0.000000000000000000e+00,0.000000000000000000e+00
5.307518243789672852e-01,1.000000000000000000e+00,-2.733955681324005127e-01,1.225069239735603333e-01,5.263900011777877808e-02,1.961373835802078247e-01,-3.755687177181243896e-01,-7.323849201202392578e-02,2.148902118206024170e-01,8.410669863224029541e-02,-4.203712940216064453e-01,-1.798338592052459717e-01,-1.167639438062906265e-02,2.719029725994914770e-04,-3.987817764282226562e-01,2.527346089482307434e-02,-3.452333435416221619e-02,0.000000000000000000e+00,5.138217285275459290e-02,9.667324274778366089e-02,-5.642624571919441223e-02,0.000000000000000000e+00,0.000000000000000000e+00,3.448954597115516663e-02,9.350313246250152588e-02,-5.281825661659240723e-01,-2.480204030871391296e-02,4.022166132926940918e-01,1.914731115102767944e-01,-5.956848263740539551e-01,-5.399279594421386719e-01,0.000000000000000000e+00,3.976039588451385498e-01,-7.819830626249313354e-02,3.636788129806518555e-01,-2.351736128330230713e-01,-2.151558250188827515e-01,-4.376684129238128662e-01,9.535896033048629761e-02,-1.837192922830581665e-01,3.263397812843322754e-01,5.474084019660949707e-01,9.750812500715255737e-02,5.632197856903076172e-01,1.586165726184844971e-01,-2.715452015399932861e-01,0.000000000000000000e+00,0.000000000000000000e+00
-6.877397000789642334e-02,-2.733955681324005127e-01,1.000000000000000000e+00,5.255380868911743164e-01,3.813582658767700195e-01,2.981676161289215088e-01,5.793144702911376953e-01,-1.818910092115402222e-01,-4.231079295277595520e-02,-2.427328079938888550e-01,2.131350524723529816e-02,-9.285530447959899902e-02,-1.166818812489509583e-01,-3.076546192169189453e-01,-2.090610563755035400e-02,1.212597414851188660e-01,1.130164638161659241e-01,0.000000000000000000e+00,1.560566872358322144e-01,-1.084267050027847290e-01,-6.462068855762481689e-02,0.000000000000000000e+00,0.000000000000000000e+00,5.881376191973686218e-02,-1.116697192192077637e-01,5.868892073631286621e-01,-1.661455780267715454e-01,5.447661876678466797e-02,2.943693697452545166e-01,3.799687325954437256e-01,2.488660514354705811e-01,0.000000000000000000e+00,-1.684031188488006592e-01,-2.536623179912567139e-02,-1.342468708753585815e-01,-3.184282034635543823e-02,-1.859027892351150513e-01,-1.885095424950122833e-02,-3.170759975910186768e-01,-5.284888297319412231e-02,1.536517292261123657e-01,-9.012795239686965942e-02,-1.134325340390205383e-01,-9.295481443405151367e-02,-3.689307719469070435e-02,-1.009085401892662048e-01,0.000000000000000000e+00,0.000000000000000000e+00
1.748340129852294922e-01,1.225069239735603333e-01,5.255380868911743164e-01,1.000000000000000000e+00,1.666778922080993652e-01,1.744466871023178101e-01,3.431402444839477539e-01,-3.080367445945739746e-01,3.290483728051185608e-02,4.027130454778671265e-02,-1.579321473836898804e-01,-8.356242626905441284e-02,9.291242808103561401e-02,-3.773202300071716309e-01,-3.677121996879577637e-01,-9.444256126880645752e-02,2.046883404254913330e-01,0.000000000000000000e+00,2.035917341709136963e-01,1.834736764430999756e-01,7.210602611303329468e-02,0.000000000000000000e+00,0.000000000000000000e+00,1.566145718097686768e-01,-1.349168419837951660e-01,1.219830662012100220e-01,-8.943386375904083252e-02,2.525925338268280029e-01,2.727956473827362061e-01,1.331282220780849457e-02,3.036966547369956970e-02,0.000000000000000000e+00,9.370339661836624146e-02,-1.532204449176788330e-01,2.586281001567840576e-01,7.959472946822643280e-03,-4.430527985095977783e-01,-2.849406599998474121e-01,-1.121807768940925598e-01,-2.456244677305221558e-01,7.370178401470184326e-02,1.000543683767318726e-01,1.557499468326568604e-01,1.460166275501251221e-01,1.194557100534439087e-01,-7.799473404884338379e-02,0.000000000000000000e+00,0.000000000000000000e+00
2.988491952419281006e-01,5.263899639248847961e-02,3.813582658767700195e-01,1.666779071092605591e-01,1.000000000000000000e+00,6.359846591949462891e-01,7.916758209466934204e-02,-7.789603620767593384e-02,2.249045372009277344e-01,-1.580862700939178467e-01,-1.569004952907562256e-01,-9.876027703285217285e-02,-7.724884152412414551e-02,-2.846176624298095703e-01,-5.332324653863906860e-02,1.860909014940261841e-01,-2.231392562389373779e-01,0.000000000000000000e+00,-1.317986249923706055e-01,-1.595969945192337036e-01,-1.273168325424194336e-01,0.000000000000000000e+00,0.000000000000000000e+00,6.561586167663335800e-03,-6.035879626870155334e-02,1.936979144811630249e-01,-7.588641345500946045e-02,2.196413651108741760e-02,2.065934985876083374e-01,-6.365560740232467651e-02,-9.348660707473754883e-02,0.000000000000000000e+00,1.805825084447860718e-01,4.906427115201950073e-02,-1.818404197692871094e-01,-1.394306123256683350e-01,-2.079537510871887207e-01,-7.891060411930084229e-02,-1.661969125270843506e-01,-2.723763510584831238e-02,6.428477168083190918e-01,1.934171319007873535e-01,-2.268731296062469482e-01,2.043227404356002808e-01,-1.045121848583221436e-01,-2.127858996391296387e-01,0.000000000000000000e+00,0.000000000000000000e+00
1.641795337200164795e-01,1.961373835802078247e-01,2.981676161289215088e-01,1.744466871023178101e-01,6.359846591949462891e-01,1.000000000000000000e+00,7.753887027502059937e-02,-1.483804918825626373e-02,3.949645459651947021e-01,-1.035789772868156433e-01,-3.771674036979675293e-01,-2.007966935634613037e-01,-1.323816627264022827e-01,6.048749200999736786e-03,-1.381756961345672607e-01,3.789173960685729980e-01,-1.512203663587570190e-01,0.000000000000000000e+00,4.847536236047744751e-02,-2.452201247215270996e-01,-2.834419906139373779e-01,0.000000000000000000e+00,0.000000000000000000e+00,8.752947673201560974e-03,1.864721998572349548e-02,4.701909050345420837e-02,-6.810473650693893433e-02,-1.347300224006175995e-02,2.229638695716857910e-01,-1.240759715437889099e-01,-2.297317981719970703e-01,0.000000000000000000e+00,4.838008433580398560e-02,-1.588924042880535126e-02,-2.208066880702972412e-01,-3.472124338150024414e-01,-3.483242169022560120e-02,-1.839083433151245117e-01,-2.257146984338760376e-01,9.079902619123458862e-02,6.511290073394775391e-01,4.243499934673309326e-01,-2.569984197616577148e-01,3.801827132701873779e-01,1.621722802519798279e-02,-2.834908366203308105e-01,0.000000000000000000e+00,0.000000000000000000e+00
-2.672709822654724121e-01,-3.755687475204467773e-01,5.793144702911376953e-01,3.431402444839477539e-01,7.916758209466934204e-02,7.753887027502059937e-02,1.000000000000000000e+00,-1.017380729317665100e-01,-9.845991432666778564e-02,-2.605544030666351318e-01,9.696215391159057617e-02,-8.171440660953521729e-02,-1.009996384382247925e-01,-1.808771342039108276e-01,6.353807635605335236e-03,2.050443179905414581e-02,4.674376249313354492e-01,0.000000000000000000e+00,3.579982221126556396e-01,-1.342091858386993408e-01,-1.175790093839168549e-02,0.000000000000000000e+00,0.000000000000000000e+00,2.353632822632789612e-03,-5.592983216047286987e-02,5.368574261665344238e-01,-8.088694512844085693e-02,-1.052044928073883057e-01,9.083610028028488159e-02,5.224238038063049316e-01,2.658052146434783936e-01,0.000000000000000000e+00,-2.938485145568847656e-01,-3.015187755227088928e-02,-2.359420806169509888e-01,-5.326527357101440430e-02,-3.957682102918624878e-02,1.938346959650516510e-02,-3.482971787452697754e-01,-9.081696718931198120e-02,-7.249479740858078003e-02,-6.602260470390319824e-02,1.083553582429885864e-01,-2.180728763341903687e-01,1.173382848501205444e-01,1.391117274761199951e-01,0.000000000000000000e+00,0.000000000000000000e+00
-1.605913937091827393e-01,-7.323849201202392578e-02,-1.818910092115402222e-01,-3.080367147922515869e-01,-7.789603620767593384e-02,-1.483804918825626373e-02,-1.017380729317665100e-01,1.000000000000000000e+00,2.365333884954452515e-01,-1.680042296648025513e-01,2.438763380050659180e-01,-4.232940822839736938e-02,-4.689764082431793213e-01,4.011728465557098389e-01,1.300461441278457642e-01,1.061831638216972351e-01,-2.595236301422119141e-01,0.000000000000000000e+00,-1.449924409389495850e-01,-4.037865996360778809e-01,-2.360968738794326782e-01,0.000000000000000000e+00,0.000000000000000000e+00,7.936172187328338623e-02,2.577880620956420898e-01,8.900615386664867401e-03,1.911477446556091309e-01,-1.530550867319107056e-01,-1.258890926837921143e-01,-2.059188857674598694e-02,-1.510193943977355957e-01,0.000000000000000000e+00,2.446560747921466827e-02,4.505167901515960693e-01,-1.245643105357885361e-02,-1.602285504341125488e-01,4.490386545658111572e-01,1.601446270942687988e-01,-2.107544392347335815e-01,1.782846897840499878e-01,-1.459178607910871506e-02,-3.586690127849578857e-02,-3.356498479843139648e-01,8.329707384109497070e-02,-1.864246129989624023e-01,-2.574260830879211426e-01,0.000000000000000000e+00,0.000000000000000000e+00
1.522843688726425171e-01,2.148902118206024170e-01,-4.231079295277595520e-02,3.290483728051185608e-02,2.249045372009277344e-01,3.949645459651947021e-01,-9.845991432666778564e-02,2.365333884954452515e-01,1.000000000000000000e+00,1.450051814317703247e-01,-1.062777116894721985e-01,4.396159574389457703e-02,-1.633495539426803589e-01,3.882060572504997253e-02,-8.625297248363494873e-02,2.278247475624084473e-01,-2.738738656044006348e-01,0.000000000000000000e+00,-1.676132529973983765e-01,-1.990477889776229858e-01,-2.190593928098678589e-01,0.000000000000000000e+00,0.000000000000000000e+00,8.795200288295745850e-02,2.289549261331558228e-01,-1.547496914863586426e-01,6.334020942449569702e-02,-2.457118243910372257e-04,-9.004626423120498657e-03,-1.525206416845321655e-01,-2.513890862464904785e-01,0.000000000000000000e+00,2.463528960943222046e-01,1.675593852996826172e-01,4.883456509560346603e-03,-1.683378070592880249e-01,2.722586505115032196e-02,-3.983801230788230896e-02,2.436450449749827385e-03,1.665106713771820068e-01,3.218063414096832275e-01,3.033965229988098145e-01,-2.053275853395462036e-01,5.244413018226623535e-01,-4.429948329925537109e-02,-1.792390495538711548e-01,0.000000000000000000e+00,0.000000000000000000e+00
4.185306280851364136e-02,8.410669863224029541e-02,-2.427328079938888550e-01,4.027130827307701111e-02,-1.580862700939178467e-01,-1.035789772868156433e-01,-2.605544030666351318e-01,-1.680042296648025513e-01,1.450051814317703247e-01,1.000000000000000000e+00,-1.561085321009159088e-02,5.499029755592346191e-01,4.680836796760559082e-01,-6.796971708536148071e-02,2.476565353572368622e-02,-5.591620504856109619e-02,8.622307330369949341e-02,0.000000000000000000e+00,-3.901819884777069092e-02,2.507102489471435547e-01,1.896858960390090942e-01,0.000000000000000000e+00,0.000000000000000000e+00,1.293073892593383789e-01,1.151174865663051605e-02,-2.127228528261184692e-01,1.131002441979944706e-03,-8.812753111124038696e-02,-1.666381657123565674e-01,-1.107461228966712952e-01,-3.382377326488494873e-02,0.000000000000000000e+00,1.560068726539611816e-01,-4.925936460494995117e-02,1.121080517768859863e-01,1.251318156719207764e-01,-1.277370154857635498e-01,-8.872729539871215820e-02,3.712638616561889648e-01,1.311651170253753662e-01,-2.810649573802947998e-02,7.230716943740844727e-02,2.612124979496002197e-01,6.663090735673904419e-02,2.233220264315605164e-03,3.866087198257446289e-01,0.000000000000000000e+00,0.000000000000000000e+00
-2.387472391128540039e-01,-4.203712940216064453e-01,2.131350524723529816e-02,-1.579321324825286865e-01,-1.569004952907562256e-01,-3.771674036979675293e-01,9.696215391159057617e-02,2.438763380050659180e-01,-1.062777116894721985e-01,-1.561085321009159088e-02,1.000000000000000000e+00,2.321773767471313477e-01,-1.937114000320434570e-01,-2.756905369460582733e-02,2.763817012310028076e-01,-1.086605191230773926e-01,-4.575314745306968689e-02,0.000000000000000000e+00,-1.211718916893005371e-01,-1.701614707708358765e-01,1.619857400655746460e-01,0.000000000000000000e+00,0.000000000000000000e+00,-6.729096174240112305e-02,8.282694220542907715e-02,3.003055751323699951e-01,5.557481944561004639e-02,-1.742466688156127930e-01,-1.649783253669738770e-01,3.048241734504699707e-01,3.092736601829528809e-01,0.000000000000000000e+00,-1.211212873458862305e-01,6.536520272493362427e-02,-1.683620177209377289e-02,1.565409004688262939e-01,1.097491532564163208e-01,2.216791510581970215e-01,-5.901983380317687988e-02,9.244424849748611450e-02,-2.852405905723571777e-01,-5.272832512855529785e-01,-1.350643932819366455e-01,-4.313776195049285889e-01,-3.731565773487091064e-01,5.134875327348709106e-02,0.000000000000000000e+00,0.000000000000000000e+00
-2.159478813409805298e-01,-1.798338592052459717e-01,-9.285530447959899902e-02,-8.356241881847381592e-02,-9.876027703285217285e-02,-2.007966935634613037e-01,-8.171440660953521729e-02,-4.232940822839736938e-02,4.396159574389457703e-02,5.499029755592346191e-01,2.321773767471313477e-01,1.000000000000000000e+00,1.268299818038940430e-01,9.208874776959419250e-03,4.430529475212097168e-01,-7.507741451263427734e-02,-1.049229353666305542e-01,0.000000000000000000e+00,-2.421589940786361694e-01,-7.743893656879663467e-03,1.994728483259677887e-02,0.000000000000000000e+00,0.000000000000000000e+00,1.400180011987686157e-01,1.299111843109130859e-01,1.348451673984527588e-01,-8.910645544528961182e-02,-1.927901655435562134e-01,-2.849031090736389160e-01,1.446442753076553345e-01,8.191554248332977295e-02,0.000000000000000000e+00,-4.520135372877120972e-02,1.081642210483551025e-01,1.253726780414581299e-01,2.306688129901885986e-01,1.352444887161254883e-01,3.403303027153015137e-01,3.854681849479675293e-01,1.472425609827041626e-01,-1.755952686071395874e-01,-1.911354213953018188e-01,2.824227698147296906e-02,-7.732225954532623291e-02,-1.164376512169837952e-01,3.026952147483825684e-01,0.000000000000000000e+00,0.000000000000000000e+00
1.062475517392158508e-01,-1.167639344930648804e-02,-1.166818812489509583e-01,9.291242063045501709e-02,-7.724884152412414551e-02,-1.323816627264022827e-01,-1.009996384382247925e-01,-4.689764082431793213e-01,-1.633495539426803589e-01,4.680836796760559082e-01,-1.937114000320434570e-01,1.268299818038940430e-01,1.000000000000000000e+00,-2.478391379117965698e-01,-1.105403825640678406e-01,-1.339131891727447510e-01,2.703127264976501465e-01,0.000000000000000000e+00,5.067388713359832764e-02,5.841765999794006348e-01,3.504936397075653076e-01,0.000000000000000000e+00,0.000000000000000000e+00,1.989111071452498436e-03,-3.225719928741455078e-01,-1.655374765396118164e-01,4.206488654017448425e-02,-8.654828183352947235e-03,3.732539340853691101e-02,-1.322703994810581207e-02,1.939033865928649902e-01,0.000000000000000000e+00,1.081419065594673157e-01,-1.797801256179809570e-01,-1.087627261877059937e-01,2.849494814872741699e-01,-2.436158359050750732e-01,-9.834142774343490601e-02,3.097279071807861328e-01,-5.982750281691551208e-02,-6.977149099111557007e-02,6.699836999177932739e-02,4.842442870140075684e-01,-1.104683652520179749e-01,1.768476665019989014e-01,4.652951657772064209e-01,0.000000000000000000e+00,0.000000000000000000e+00
-3.483277261257171631e-01,2.719029725994914770e-04,-3.076546192169189453e-01,-3.773202300071716309e-01,-2.846176624298095703e-01,6.048749200999736786e-03,-1.808771342039108276e-01,4.011728465557098389e-01,3.882060572504997253e-02,-6.796971708536148071e-02,-2.756905369460582733e-02,9.208874776959419250e-03,-2.478391379117965698e-01,1.000000000000000000e+00,3.370288014411926270e-01,1.799423694610595703e-01,-1.428060382604598999e-01,0.000000000000000000e+00,-1.719504036009311676e-02,-2.373283356428146362e-01,-2.273883074522018433e-01,0.000000000000000000e+00,0.000000000000000000e+00,-2.228827401995658875e-02,9.709648787975311279e-02,-9.746526926755905151e-02,-7.344040274620056152e-02,-1.411518752574920654e-01,-9.905793517827987671e-02,-8.998171240091323853e-02,-1.734466701745986938e-01,0.000000000000000000e+00,-3.032307922840118408e-01,2.214808017015457153e-01,-7.484204322099685669e-02,-2.090067863464355469e-01,6.755479574203491211e-01,2.738620042800903320e-01,5.704952776432037354e-02,2.703602612018585205e-01,-1.595578640699386597e-01,4.196070879697799683e-02,-2.008158713579177856e-01,-3.063344396650791168e-02,-2.757994085550308228e-02,-1.459409892559051514e-01,0.000000000000000000e+00,0.000000000000000000e+00
-4.991281628608703613e-01,-3.987817466259002686e-01,-2.090610563755035400e-02,-3.677121996879577637e-01,-5.332324653863906860e-02,-1.381756961345672607e-01,6.353807635605335236e-03,1.300461441278457642e-01,-8.625297248363494873e-02,2.476565353572368622e-02,2.763817012310028076e-01,4.430529475212097168e-01,-1.105403825640678406e-01,3.370288014411926270e-01,1.000000000000000000e+00,1.302410066127777100e-01,-2.033486664295196533e-01,0.000000000000000000e+00,-1.750310361385345459e-01,-2.451592832803726196e-01,-1.479035317897796631e-01,0.000000000000000000e+00,0.000000000000000000e+00,-4.365387931466102600e-02,1.119300723075866699e-01,3.544441759586334229e-01,-1.022679135203361511e-01,-2.470113486051559448e-01,-2.363579273223876953e-01,3.282215893268585205e-01,2.433636188507080078e-01,0.000000000000000000e+00,-2.923886179924011230e-01,2.385697811841964722e-01,-1.651396453380584717e-01,1.209876760840415955e-01,5.024316906929016113e-01,6.625225543975830078e-01,1.624967902898788452e-01,2.996962964534759521e-01,-2.362360060214996338e-01,-2.670301496982574463e-01,-2.870875000953674316e-01,-3.204424977302551270e-01,-1.756065189838409424e-01,6.563585996627807617e-02,0.000000000000000000e+00,0.000000000000000000e+00
-6.873691827058792114e-02,2.527346089482307434e-02,1.212597414851188660e-01,-9.444256126880645752e-02,1.860909014940261841e-01,3.789173960685729980e-01,2.050443179905414581e-02,1.061831638216972351e-01,2.278247475624084473e-01,-5.591620504856109619e-02,-1.086605191230773926e-01,-7.507741451263427734e-02,-1.339131891727447510e-01,1.799423694610595703e-01,1.302410066127777100e-01,1.000000000000000000e+00,-1.296757906675338745e-01,0.000000000000000000e+00,1.103321611881256104e-01,-3.603549003601074219e-01,-4.404556453227996826e-01,0.000000000000000000e+00,0.000000000000000000e+00,-6.404240429401397705e-02,1.651242673397064209e-01,7.025941461324691772e-02,6.221447139978408813e-03,-4.433757811784744263e-02,1.455447971820831299e-01,-9.352291934192180634e-03,-1.224992424249649048e-02,0.000000000000000000e+00,-1.386652588844299316e-01,5.887237563729286194e-02,-1.604769527912139893e-01,-1.804186254739761353e-01,2.087379097938537598e-01,2.901514992117881775e-03,-1.149329170584678650e-01,4.005213975906372070e-01,2.401183247566223145e-01,1.807675510644912720e-01,-3.538941144943237305e-01,1.518213152885437012e-01,-9.785686433315277100e-02,-2.646522521972656250e-01,0.000000000000000000e+00,0.000000000000000000e+00
-3.757031634449958801e-02,-3.452333435416221619e-02,1.130164638161659241e-01,2.046883404254913330e-01,-2.231392562389373779e-01,-1.512203663587570190e-01,4.674375951290130615e-01,-2.595236301422119141e-01,-2.738738656044006348e-01,8.622308075428009033e-02,-4.575315117835998535e-02,-1.049229428172111511e-01,2.703127264976501465e-01,-1.428060382604598999e-01,-2.033486664295196533e-01,-1.296757906675338745e-01,1.000000000000000000e+00,0.000000000000000000e+00,6.584654450416564941e-01,1.502595394849777222e-01,2.738127112388610840e-01,0.000000000000000000e+00,0.000000000000000000e+00,-5.605655163526535034e-02,-8.773225545883178711e-02,6.269878894090652466e-02,-1.133764013648033142e-01,8.522613346576690674e-02,6.686309725046157837e-02,1.391813904047012329e-01,1.164195314049720764e-01,0.000000000000000000e+00,-1.242747604846954346e-01,-1.812641769647598267e-01,-8.870498836040496826e-02,-1.602851301431655884e-01,-1.552134007215499878e-01,-3.273545503616333008e-01,-2.001315057277679443e-01,-1.784420311450958252e-01,-1.507481336593627930e-01,4.300039261579513550e-02,5.443142056465148926e-01,-2.488559037446975708e-01,1.670466214418411255e-01,3.655118644237518311e-01,0.000000000000000000e+00,0.000000000000000000e+00
0.000000000000000000e+00,0.000000000000000000e+00,0.000000000000000000e+00,0.000000000000000000e+00,0.000000000000000000e+00,0.000000000000000000e+00,0.000000000000000000e+00,0.000000000000000000e+00,0.000000000000000000e+00,0.000000000000000000e+00,0.000000000000000000e+00,0.000000000000000000e+00,0.000000000000000000e+00,0.000000000000000000e+00,0.000000000000000000e+00,0.000000000000000000e+00,0.000000000000000000e+00,1.000000000000000000e+00,0.000000000000000000e+00,0.000000000000000000e+00,0.000000000000000000e+00,0.000000000000000000e+00,0.000000000000000000e+00,0.000000000000000000e+00,0.000000000000000000e+00,0.000000000000000000e+00,0.000000000000000000e+00,0.000000000000000000e+00,0.000000000000000000e+00,0.000000000000000000e+00,0.000000000000000000e+00,0.000000000000000000e+00,0.000000000000000000e+00,0.000000000000000000e+00,0.000000000000000000e+00,0.000000000000000000e+00,0.000000000000000000e+00,0.000000000000000000e+00,0.000000000000000000e+00,0.000000000000000000e+00,0.000000000000000000e+00,0.000000000000000000e+00,0.000000000000000000e+00,0.000000000000000000e+00,0.000000000000000000e+00,0.000000000000000000e+00,0.000000000000000000e+00,0.000000000000000000e+00
-7.891798019409179688e-02,5.138217285275459290e-02,1.560566872358322144e-01,2.035917490720748901e-01,-1.317986249923706055e-01,4.847536236047744751e-02,3.579982221126556396e-01,-1.449924409389495850e-01,-1.676132529973983765e-01,-3.901819884777069092e-02,-1.211718916893005371e-01,-2.421589940786361694e-01,5.067388713359832764e-02,-1.719504036009311676e-02,-1.750310361385345459e-01,1.103321611881256104e-01,6.584654450416564941e-01,0.000000000000000000e+00,1.000000000000000000e+00,-7.541691511869430542e-02,5.505096167325973511e-02,0.000000000000000000e+00,0.000000000000000000e+00,-1.546611189842224121e-01,2.096160687506198883e-02,6.206518039107322693e-02,-1.233064010739326477e-01,1.028985753655433655e-01,1.315278410911560059e-01,5.536660552024841309e-02,1.027978137135505676e-01,0.000000000000000000e+00,-1.639141440391540527e-01,-1.711894720792770386e-01,-4.983743652701377869e-02,-2.804089486598968506e-01,-8.532460778951644897e-02,-3.535579144954681396e-01,-3.437141180038452148e-01,-3.539535403251647949e-02,-7.513217628002166748e-02,1.393621265888214111e-01,2.368488311767578125e-01,-1.013180539011955261e-01,1.442283242940902710e-01,3.142209351062774658e-02,0.000000000000000000e+00,0.000000000000000000e+00
1.597589999437332153e-01,9.667325019836425781e-02,-1.084267050027847290e-01,1.834736615419387817e-01,-1.595969945192337036e-01,-2.452201247215270996e-01,-1.342091858386993408e-01,-4.037865996360778809e-01,-1.990477889776229858e-01,2.507102489471435547e-01,-1.701614707708358765e-01,-7.743893656879663467e-03,5.841765999794006348e-01,-2.373283356428146362e-01,-2.451592832803726196e-01,-3.603549003601074219e-01,1.502595394849777222e-01,0.000000000000000000e+00,-7.541691511869430542e-02,1.000000000000000000e+00,4.269374012947082520e-01,0.000000000000000000e+00,0.000000000000000000e+00,3.359479084610939026e-02,-3.994576036930084229e-01,-1.841620951890945435e-01,-7.445034384727478027e-02,5.648576840758323669e-02,-5.772644281387329102e-02,-9.220738708972930908e-02,1.343202441930770874e-01,0.000000000000000000e+00,1.399918049573898315e-01,-2.557350397109985352e-01,1.094559803605079651e-01,3.531389534473419189e-01,-3.401314020156860352e-01,-1.519964933395385742e-01,2.533447742462158203e-01,-2.423117607831954956e-01,-1.330825239419937134e-01,1.278992369771003723e-02,4.685041308403015137e-01,-5.468654632568359375e-02,2.281428873538970947e-01,3.408770561218261719e-01,0.000000000000000000e+00,0.000000000000000000e+00
9.938457608222961426e-02,-5.642624944448471069e-02,-6.462068855762481689e-02,7.210602611303329468e-02,-1.273168325424194336e-01,-2.834419608116149902e-01,-1.175790000706911087e-02,-2.360968738794326782e-01,-2.190593779087066650e-01,1.896859109401702881e-01,1.619857549667358398e-01,1.994728483259677887e-02,3.504936397075653076e-01,-2.273883223533630371e-01,-1.479035168886184692e-01,-4.404556155204772949e-01,2.738127112388610840e-01,0.000000000000000000e+00,5.505096167325973511e-02,4.269374012947082520e-01,1.000000000000000000e+00,0.000000000000000000e+00,0.000000000000000000e+00,-1.112105473875999451e-01,-3.126500248908996582e-01,9.083138429559767246e-04,-2.260657399892807007e-02,2.003199607133865356e-02,2.992293611168861389e-02,4.545702785253524780e-02,1.761159896850585938e-01,0.000000000000000000e+00,5.516643822193145752e-02,-2.143577486276626587e-01,-2.404401078820228577e-02,1.623306721448898315e-01,-1.967189162969589233e-01,-1.345596611499786377e-01,1.486133486032485962e-01,-1.823466867208480835e-01,-1.589488983154296875e-01,-2.321876883506774902e-01,3.627142012119293213e-01,-1.990310698747634888e-01,5.912615731358528137e-02,3.449571132659912109e-01,0.000000000000000000e+00,0.000000000000000000e+00
0.000000000000000000e+00,0.000000000000000000e+00,0.000000000000000000e+00,0.000000000000000000e+00,0.000000000000000000e+00,0.000000000000000000e+00,0.000000000000000000e+00,0.000000000000000000e+00,0.000000000000000000e+00,0.000000000000000000e+00,0.000000000000000000e+00,0.000000000000000000e+00,0.000000000000000000e+00,0.000000000000000000e+00,0.000000000000000000e+00,0.000000000000000000e+00,0.000000000000000000e+00,0.000000000000000000e+00,0.000000000000000000e+00,0.000000000000000000e+00,0.000000000000000000e+00,1.000000000000000000e+00,0.000000000000000000e+00,0.000000000000000000e+00,0.000000000000000000e+00,0.000000000000000000e+00,0.000000000000000000e+00,0.000000000000000000e+00,0.000000000000000000e+00,0.000000000000000000e+00,0.000000000000000000e+00,0.000000000000000000e+00,0.000000000000000000e+00,0.000000000000000000e+00,0.000000000000000000e+00,0.000000000000000000e+00,0.000000000000000000e+00,0.000000000000000000e+00,0.000000000000000000e+00,0.000000000000000000e+00,0.000000000000000000e+00,0.000000000000000000e+00,0.000000000000000000e+00,0.000000000000000000e+00,0.000000000000000000e+00,0.000000000000000000e+00,0.000000000000000000e+00,0.000000000000000000e+00
0.000000000000000000e+00,0.000000000000000000e+00,0.000000000000000000e+00,0.000000000000000000e+00,0.000000000000000000e+00,0.000000000000000000e+00,0.000000000000000000e+00,0.000000000000000000e+00,0.000000000000000000e+00,0.000000000000000000e+00,0.000000000000000000e+00,0.000000000000000000e+00,0.000000000000000000e+00,0.000000000000000000e+00,0.000000000000000000e+00,0.000000000000000000e+00,0.000000000000000000e+00,0.000000000000000000e+00,0.000000000000000000e+00,0.000000000000000000e+00,0.000000000000000000e+00,0.000000000000000000e+00,1.000000000000000000e+00,0.000000000000000000e+00,0.000000000000000000e+00,0.000000000000000000e+00,0.000000000000000000e+00,0.000000000000000000e+00,0.000000000000000000e+00,0.000000000000000000e+00,0.000000000000000000e+00,0.000000000000000000e+00,0.000000000000000000e+00,0.000000000000000000e+00,0.000000000000000000e+00,0.000000000000000000e+00,0.000000000000000000e+00,0.000000000000000000e+00,0.000000000000000000e+00,0.000000000000000000e+00,0.000000000000000000e+00,0.000000000000000000e+00,0.000000000000000000e+00,0.000000000000000000e+00,0.000000000000000000e+00,0.000000000000000000e+00,0.000000000000000000e+00,0.000000000000000000e+00
2.209626324474811554e-02,3.448954224586486816e-02,5.881376191973686218e-02,1.566145718097686768e-01,6.561586167663335800e-03,8.752947673201560974e-03,2.353632822632789612e-03,7.936172187328338623e-02,8.795200288295745850e-02,1.293073892593383789e-01,-6.729096174240112305e-02,1.400180011987686157e-01,1.989111071452498436e-03,-2.228827401995658875e-02,-4.365387931466102600e-02,-6.404240429401397705e-02,-5.605655163526535034e-02,0.000000000000000000e+00,-1.546611189842224121e-01,3.359479084610939026e-02,-1.112105473875999451e-01,0.000000000000000000e+00,0.000000000000000000e+00,1.000000000000000000e+00,-3.044160455465316772e-02,-4.479208216071128845e-02,9.493204951286315918e-02,-2.761729992926120758e-02,5.626021325588226318e-02,-3.652611747384071350e-02,-3.050163686275482178e-01,0.000000000000000000e+00,1.659815162420272827e-01,2.187880426645278931e-01,6.909161061048507690e-02,-1.273683905601501465e-01,-5.325797572731971741e-02,-3.793995082378387451e-02,4.116532206535339355e-02,-6.669737398624420166e-02,1.689860783517360687e-02,7.791849970817565918e-02,5.075774341821670532e-02,7.707249373197555542e-02,6.032728031277656555e-02,2.159579098224639893e-02,0.000000000000000000e+00,0.000000000000000000e+00
-2.478714101016521454e-02,9.350312501192092896e-02,-1.116697192192077637e-01,-1.349168419837951660e-01,-6.035879626870155334e-02,1.864721998572349548e-02,-5.592983216047286987e-02,2.577880620956420898e-01,2.289549261331558228e-01,1.151174865663051605e-02,8.282694220542907715e-02,1.299111843109130859e-01,-3.225719928741455078e-01,9.709648787975311279e-02,1.119300723075866699e-01,1.651242673397064209e-01,-8.773225545883178711e-02,0.000000000000000000e+00,2.096160687506198883e-02,-3.994576036930084229e-01,-3.126500248908996582e-01,0.000000000000000000e+00,0.000000000000000000e+00,-3.044160455465316772e-02,1.000000000000000000e+00,-7.165534049272537231e-02,5.713439360260963440e-02,1.940061300992965698e-01,-1.292864531278610229e-01,-4.126743972301483154e-02,-1.328248381614685059e-01,0.000000000000000000e+00,8.391600847244262695e-02,1.761222481727600098e-01,2.028023451566696167e-01,-1.158359348773956299e-01,8.170360326766967773e-02,4.817616939544677734e-02,-3.871941473335027695e-03,2.043172121047973633e-01,1.958949491381645203e-02,7.536354660987854004e-02,-1.871701925992965698e-01,1.992455869913101196e-01,-1.347983926534652710e-01,-1.740068644285202026e-01,0.000000000000000000e+00,0.000000000000000000e+00
-3.773743808269500732e-01,-5.281825661659240723e-01,5.868892073631286621e-01,1.219830662012100220e-01,1.936979144811630249e-01,4.701909050345420837e-02,5.368574261665344238e-01,8.900615386664867401e-03,-1.547496914863586426e-01,-2.127228528261184692e-01,3.003055751323699951e-01,1.348451673984527588e-01,-1.655374765396118164e-01,-9.746526926755905151e-02,3.544441759586334229e-01,7.025941461324691772e-02,6.269878894090652466e-02,0.000000000000000000e+00,6.206518039107322693e-02,-1.841620951890945435e-01,9.083137847483158112e-04,0.000000000000000000e+00,0.000000000000000000e+00,-4.479208216071128845e-02,-7.165534049272537231e-02,1.000000000000000000e+00,-2.192319780588150024e-01,-1.829132735729217529e-01,5.847750604152679443e-02,6.135693788528442383e-01,4.526823461055755615e-01,0.000000000000000000e+00,-3.842696547508239746e-01,1.379757374525070190e-01,-2.334169894456863403e-01,1.299136579036712646e-01,1.597715020179748535e-01,3.117605447769165039e-01,-2.405010312795639038e-01,9.038354456424713135e-02,-1.387280374765396118e-01,-2.887037992477416992e-01,-2.316838502883911133e-01,-2.907678186893463135e-01,-1.218113452196121216e-01,6.305788457393646240e-02,0.000000000000000000e+00,0.000000000000000000e+00
2.607929892838001251e-02,-2.480203844606876373e-02,-1.661455780267715454e-01,-8.943387120962142944e-02,-7.588641345500946045e-02,-6.810473650693893433e-02,-8.088694512844085693e-02,1.911477446556091309e-01,6.334020942449569702e-02,1.131002441979944706e-03,5.557481944561004639e-02,-8.910645544528961182e-02,4.206488654017448425e-02,-7.344040274620056152e-02,-1.022679135203361511e-01,6.221447139978408813e-03,-1.133764013648033142e-01,0.000000000000000000e+00,-1.233064010739326477e-01,-7.445034384727478027e-02,-2.260657213628292084e-02,0.000000000000000000e+00,0.000000000000000000e+00,9.493204951286315918e-02,5.713439360260963440e-02,-2.192319780588150024e-01,1.000000000000000000e+00,-2.042714953422546387e-01,-5.425038561224937439e-02,-8.684818632900714874e-03,-9.072466939687728882e-02,0.000000000000000000e+00,3.309457600116729736e-01,-2.448287792503833771e-02,-6.089907884597778320e-02,1.963019371032714844e-02,-4.262463748455047607e-02,-1.892971806228160858e-02,1.308438181877136230e-02,5.641987174749374390e-02,5.249988660216331482e-02,-1.201790571212768555e-02,-5.916082859039306641e-02,-3.178325016051530838e-03,-4.591586440801620483e-02,-9.712454862892627716e-03,0.000000000000000000e+00,0.000000000000000000e+00
4.843879938125610352e-01,4.022166430950164795e-01,5.447661876678466797e-02,2.525925338268280029e-01,2.196413651108741760e-02,-1.347300224006175995e-02,-1.052044928073883057e-01,-1.530550867319107056e-01,-2.457118243910372257e-04,-8.812753111124038696e-02,-1.742466688156127930e-01,-1.927901655435562134e-01,-8.654828183352947235e-03,-1.411518752574920654e-01,-2.470113486051559448e-01,-4.433757811784744263e-02,8.522614091634750366e-02,0.000000000000000000e+00,1.028985753655433655e-01,5.648576840758323669e-02,2.003199607133865356e-02,0.000000000000000000e+00,0.000000000000000000e+00,-2.761729992926120758e-02,1.940061300992965698e-01,-1.829132735729217529e-01,-2.042714953422546387e-01,1.000000000000000000e+00,5.284478664398193359e-01,-2.861854434013366699e-01,-1.453082859516143799e-01,0.000000000000000000e+00,2.332107275724411011e-01,3.649865835905075073e-02,2.891407012939453125e-01,-8.914791792631149292e-02,-2.681587040424346924e-01,-2.938322722911834717e-01,-8.881292492151260376e-02,-2.106895893812179565e-01,3.171942383050918579e-02,1.374285519123077393e-01,1.340319216251373291e-01,2.364460080862045288e-01,-1.212213002145290375e-02,-1.732017695903778076e-01,0.000000000000000000e+00,0.000000000000000000e+00
3.524966835975646973e-01,1.914731115102767944e-01,2.943693697452545166e-01,2.727956473827362061e-01,2.065934985876083374e-01,2.229638695716857910e-01,9.083610028028488159e-02,-1.258890926837921143e-01,-9.004626423120498657e-03,-1.666381657123565674e-01,-1.649783253669738770e-01,-2.849031090736389160e-01,3.732539340853691101e-02,-9.905793517827987671e-02,-2.363579273223876953e-01,1.455447971820831299e-01,6.686309725046157837e-02,0.000000000000000000e+00,1.315278410911560059e-01,-5.772644281387329102e-02,2.992293611168861389e-02,0.000000000000000000e+00,0.000000000000000000e+00,5.626021325588226318e-02,-1.292864531278610229e-01,5.847750604152679443e-02,-5.425038561224937439e-02,5.284478664398193359e-01,1.000000000000000000e+00,-7.290569692850112915e-02,-6.742931902408599854e-02,0.000000000000000000e+00,5.919815227389335632e-02,2.960189804434776306e-02,-5.988474190235137939e-02,-2.082571089267730713e-01,-1.278976052999496460e-01,-2.389750629663467407e-01,-3.002520501613616943e-01,-1.562932282686233521e-01,1.558625400066375732e-01,1.865588724613189697e-01,-4.220147430896759033e-02,1.415321528911590576e-01,-3.060232556890696287e-04,-1.977816224098205566e-01,0.000000000000000000e+00,0.000000000000000000e+00
-4.885444641113281250e-01,-5.956848263740539551e-01,3.799687325954437256e-01,1.331282220780849457e-02,-6.365560740232467651e-02,-1.240759715437889099e-01,5.224238038063049316e-01,-2.059188857674598694e-02,-1.525206416845321655e-01,-1.107461228966712952e-01,3.048241734504699707e-01,1.446442753076553345e-01,-1.322703994810581207e-02,-8.998171240091323853e-02,3.282215893268585205e-01,-9.352291934192180634e-03,1.391813904047012329e-01,0.000000000000000000e+00,5.536660552024841309e-02,-9.220738708972930908e-02,4.545702412724494934e-02,0.000000000000000000e+00,0.000000000000000000e+00,-3.652611747384071350e-02,-4.126743972301483154e-02,6.135693788528442383e-01,-8.684818632900714874e-03,-2.861854434013366699e-01,-7.290569692850112915e-02,1.000000000000000000e+00,5.706403851509094238e-01,0.000000000000000000e+00,-3.217481076717376709e-01,3.124067187309265137e-02,-3.286486864089965820e-01,2.338154166936874390e-01,1.316663324832916260e-01,3.959574401378631592e-01,-1.756532788276672363e-01,6.232873350381851196e-02,-3.074204027652740479e-01,-2.276263535022735596e-01,-4.962990432977676392e-02,-3.508380353450775146e-01,6.150338053703308105e-02,2.914887368679046631e-01,0.000000000000000000e+00,0.000000000000000000e+00
-3.289199173450469971e-01,-5.399279594421386719e-01,2.488660514354705811e-01,3.036966547369956970e-02,-9.348660707473754883e-02,-2.297317981719970703e-01,2.658052146434783936e-01,-1.510193943977355957e-01,-2.513890862464904785e-01,-3.382377326488494873e-02,3.092736601829528809e-01,8.191554248332977295e-02,1.939033865928649902e-01,-1.734466701745986938e-01,2.433636188507080078e-01,-1.224992424249649048e-02,1.164195314049720764e-01,0.000000000000000000e+00,1.027978137135505676e-01,1.343202441930770874e-01,1.761160045862197876e-01,0.000000000000000000e+00,0.000000000000000000e+00,-3.050163686275482178e-01,-1.328248381614685059e-01,4.526823461055755615e-01,-9.072466939687728882e-02,-1.453082859516143799e-01,-6.742931902408599854e-02,5.706403851509094238e-01,1.000000000000000000e+00,0.000000000000000000e+00,-3.047361671924591064e-01,-1.040035784244537354e-01,-1.660877019166946411e-01,5.498371124267578125e-01,3.294378519058227539e-02,3.381354212760925293e-01,-5.115490779280662537e-02,1.586941629648208618e-01,-3.571864068508148193e-01,-3.931615650653839111e-01,-8.495606482028961182e-03,-3.974518477916717529e-01,-2.793894149363040924e-02,2.087202072143554688e-01,0.000000000000000000e+00,0.000000000000000000e+00
0.000000000000000000e+00,0.000000000000000000e+00,0.000000000000000000e+00,0.000000000000000000e+00,0.000000000000000000e+00,0.000000000000000000e+00,0.000000000000000000e+00,0.000000000000000000e+00,0.000000000000000000e+00,0.000000000000000000e+00,0.000000000000000000e+00,0.000000000000000000e+00,0.000000000000000000e+00,0.000000000000000000e+00,0.000000000000000000e+00,0.000000000000000000e+00,0.000000000000000000e+00,0.000000000000000000e+00,0.000000000000000000e+00,0.000000000000000000e+00,0.000000000000000000e+00,0.000000000000000000e+00,0.000000000000000000e+00,0.000000000000000000e+00,0.000000000000000000e+00,0.000000000000000000e+00,0.000000000000000000e+00,0.000000000000000000e+00,0.000000000000000000e+00,0.000000000000000000e+00,0.000000000000000000e+00,1.000000000000000000e+00,0.000000000000000000e+00,0.000000000000000000e+00,0.000000000000000000e+00,0.000000000000000000e+00,0.000000000000000000e+00,0.000000000000000000e+00,0.000000000000000000e+00,0.000000000000000000e+00,0.000000000000000000e+00,0.000000000000000000e+00,0.000000000000000000e+00,0.000000000000000000e+00,0.000000000000000000e+00,0.000000000000000000e+00,0.000000000000000000e+00,0.000000000000000000e+00
