1.000000000000000000e+00,6.790951490402221680e-01,-2.846074402332305908e-01,3.913630545139312744e-01,3.850270807743072510e-01,4.120309948921203613e-01,-2.762571275234222412e-01,3.633406162261962891e-01,-1.565586179494857788e-01,-4.714646842330694199e-03,-5.178108215332031250e-01,-4.429250061511993408e-01,3.359911143779754639e-01,-3.268586397171020508e-01,-4.728587567806243896e-01,-7.009717077016830444e-02,-1.707537919282913208e-01,-7.979714870452880859e-02,-5.322826281189918518e-02,1.751315444707870483e-01,3.038266599178314209e-01,0.000000000000000000e+00,-1.387146767228841782e-02,5.640448536723852158e-03,1.781680621206760406e-02,-3.120434880256652832e-01,-7.536507397890090942e-02,4.785871505737304688e-01,5.082731246948242188e-01,-1.252024918794631958e-01,-5.204918980598449707e-01,0.000000000000000000e+00,3.775039613246917725e-01,9.642728418111801147e-02,4.406778216361999512e-01,5.010215640068054199e-01,-4.133800864219665527e-01,-4.645633399486541748e-01,2.663425505161285400e-01,2.065065354108810425e-01,5.315549373626708984e-01,3.979190886020660400e-01,-6.530269235372543335e-02,4.415549337863922119e-01,5.152158141136169434e-01,2.921230792999267578e-01,-3.705645501613616943e-01,0.000000000000000000e+00
6.790951490402221680e-01,1.000000000000000000e+00,-4.410311281681060791e-01,2.909198105335235596e-01,4.055109024047851562e-01,3.337025940418243408e-01,-3.732272684574127197e-01,2.865530550479888916e-01,-1.042386144399642944e-01,2.978398092091083527e-02,-5.226099491119384766e-01,-4.266127645969390869e-01,3.617716431617736816e-01,-1.019457131624221802e-01,-4.475041925907135010e-01,-1.927766352891921997e-01,-1.760336756706237793e-01,-1.492851376533508301e-01,-8.801137655973434448e-02,1.895673125982284546e-01,4.494035542011260986e-01,0.000000000000000000e+00,-1.253719776868820190e-01,-1.322160661220550537e-01,7.983091473579406738e-02,-3.170357048511505127e-01,1.546355783939361572e-01,3.569922447204589844e-01,4.221552014350891113e-01,-1.622865796089172363e-01,-4.751563668251037598e-01,0.000000000000000000e+00,5.167185664176940918e-01,3.102532625198364258e-01,3.809626102447509766e-01,3.874173760414123535e-01,-1.603932231664657593e-01,-3.703168332576751709e-01,1.445299834012985229e-01,1.618470102548599243e-01,6.374769210815429688e-01,4.580063223838806152e-01,-1.109274625778198242e-01,6.361266374588012695e-01,6.140925884246826172e-01,2.742122113704681396e-01,-5.301685333251953125e-01,0.000000000000000000e+00
-2.846074700355529785e-01,-4.410311281681060791e-01,1.000000000000000000e+00,2.705943286418914795e-01,-1.823212951421737671e-02,1.673646643757820129e-02,6.312037110328674316e-01,-2.008085250854492188e-01,1.006037965416908264e-01,7.061617076396942139e-02,8.743793517351150513e-02,5.809743702411651611e-02,-2.781509160995483398e-01,-7.354933768510818481e-02,7.878632098436355591e-02,-4.202425107359886169e-02,4.858804643154144287e-01,2.987091243267059326e-01,1.576427370309829712e-01,1.398119144141674042e-02,-2.381520718336105347e-01,0.000000000000000000e+00,2.193375304341316223e-02,-3.782323747873306274e-02,-2.572506070137023926e-01,5.129861831665039062e-01,-2.370068132877349854e-01,-2.455160915851593018e-01,-3.145218789577484131e-01,2.616955637931823730e-01,1.758066713809967041e-01,0.000000000000000000e+00,-3.490663170814514160e-01,-2.088455855846405029e-01,-6.437720358371734619e-02,-1.839877218008041382e-01,-1.224626600742340088e-02,1.152613908052444458e-01,-9.379727393388748169e-02,-3.608659505844116211e-01,-3.671121001243591309e-01,2.081581018865108490e-02,3.122737109661102295e-01,-2.864974439144134521e-01,-1.416323333978652954e-01,1.002329811453819275e-01,2.890600264072418213e-01,0.000000000000000000e+00
3.913630247116088867e-01,2.909198105335235596e-01,2.705943286418914795e-01,1.000000000000000000e+00,2.743933796882629395e-01,5.767364501953125000e-01,3.763443529605865479e-01,-1.408195309340953827e-02,1.148295029997825623e-01,-6.483828648924827576e-03,-5.428115129470825195e-01,-3.847108185291290283e-01,1.853391528129577637e-01,-4.168192744255065918e-01,-4.163915812969207764e-01,-3.796259164810180664e-01,3.272621333599090576e-01,-1.873729377985000610e-01,-6.194318830966949463e-02,2.680259048938751221e-01,4.199939966201782227e-01,0.000000000000000000e+00,-2.658382952213287354e-01,4.051351174712181091e-02,-4.593975841999053955e-01,3.380971848964691162e-01,-3.675519526004791260e-01,1.781444847583770752e-01,3.470624387264251709e-01,4.699167609214782715e-01,-2.193226963281631470e-01,0.000000000000000000e+00,-9.318272769451141357e-02,7.654288411140441895e-02,5.478051900863647461e-01,4.454180002212524414e-01,-4.115552306175231934e-01,-2.746129631996154785e-01,2.555241286754608154e-01,-1.067181304097175598e-01,2.314517199993133545e-01,3.754215538501739502e-01,1.732216030359268188e-01,1.434462368488311768e-01,4.293743968009948730e-01,4.092235863208770752e-01,-8.087015151977539062e-02,0.000000000000000000e+00
3.850271105766296387e-01,4.055109024047851562e-01,-1.823212951421737671e-02,2.743933796882629395e-01,1.000000000000000000e+00,6.254529953002929688e-01,2.056787163019180298e-01,2.247220575809478760e-01,1.485697329044342041e-01,2.933910787105560303e-01,-8.692502975463867188e-02,-1.633834838867187500e-02,-8.737077564001083374e-02,-1.054408773779869080e-01,-7.479622215032577515e-02,-1.578334160149097443e-02,-6.954950839281082153e-02,-1.843210607767105103e-01,-2.707763016223907471e-01,-8.024545758962631226e-02,1.030373349785804749e-01,0.000000000000000000e+00,-5.849138274788856506e-02,-1.402840167284011841e-01,2.929070033133029938e-02,1.114223822951316833e-01,1.807937771081924438e-02,1.736861318349838257e-01,1.656161695718765259e-01,1.314453333616256714e-01,-5.067682638764381409e-02,0.000000000000000000e+00,1.971881091594696045e-01,9.178018569946289062e-02,1.933626979589462280e-01,2.250793874263763428e-01,-1.768993288278579712e-01,7.746652513742446899e-02,2.344203442335128784e-01,-1.531960070133209229e-01,6.471716165542602539e-01,4.724949300289154053e-01,-9.731907397508621216e-03,4.322662651538848877e-01,2.387218475341796875e-01,2.283121198415756226e-01,-1.567726880311965942e-01,0.000000000000000000e+00
4.120310246944427490e-01,3.337025940418243408e-01,1.673646643757820129e-02,5.767364501953125000e-01,6.254529953002929688e-01,1.000000000000000000e+00,2.947894930839538574e-01,2.716875672340393066e-01,2.518626749515533447e-01,2.317155301570892334e-01,-1.918453872203826904e-01,-5.642307549715042114e-02,-1.023713685572147369e-02,-3.237525820732116699e-01,-5.653541907668113708e-02,-1.716118156909942627e-01,-1.017091274261474609e-01,-4.473694562911987305e-01,-3.641774952411651611e-01,-7.183606177568435669e-02,1.373221576213836670e-01,0.000000000000000000e+00,-1.209539473056793213e-01,-3.175961598753929138e-02,-3.872016370296478271e-01,2.001964747905731201e-01,-3.273903727531433105e-01,2.023515999317169189e-01,2.720076739788055420e-01,4.248125553131103516e-01,-2.371288090944290161e-01,0.000000000000000000e+00,1.822436973452568054e-02,2.004235386848449707e-01,5.618084669113159180e-01,4.021585285663604736e-01,-3.226912319660186768e-01,1.587614184245467186e-03,4.214183092117309570e-01,-2.261472940444946289e-01,5.727744102478027344e-01,4.977743923664093018e-01,-1.323311869055032730e-02,2.759039998054504395e-01,3.117346763610839844e-01,3.328838944435119629e-01,-4.334295541048049927e-02,0.000000000000000000e+00
-2.762571275234222412e-01,-3.732272684574127197e-01,6.312037110328674316e-01,3.763443529605865479e-01,2.056787163019180298e-01,2.947894930839538574e-01,1.000000000000000000e+00,-1.748690158128738403e-01,4.348800182342529297e-01,2.458498626947402954e-01,1.334742903709411621e-01,2.263974547386169434e-01,-2.667875289916992188e-01,-1.906578242778778076e-01,2.349395751953125000e-01,-1.257954239845275879e-01,5.383309721946716309e-01,-4.248800873756408691e-02,-2.967617474496364594e-02,-2.969986293464899063e-03,-9.768318384885787964e-02,0.000000000000000000e+00,-1.464774608612060547e-01,8.879273198544979095e-03,-3.551259040832519531e-01,7.370534539222717285e-01,-3.664394021034240723e-01,-2.831120491027832031e-01,-2.565168738365173340e-01,5.605191588401794434e-01,4.149689674377441406e-01,0.000000000000000000e+00,-3.487835824489593506e-01,-1.953149884939193726e-01,7.119680196046829224e-02,-6.873790919780731201e-02,-1.446417868137359619e-01,3.335856199264526367e-01,1.145786643028259277e-01,-4.213171005249023438e-01,-1.488482952117919922e-01,7.499010860919952393e-02,2.831258475780487061e-01,-1.364298164844512939e-01,-1.601676046848297119e-01,1.426289826631546021e-01,3.700607120990753174e-01,0.000000000000000000e+00
3.633406162261962891e-01,2.865530550479888916e-01,-2.008085250854492188e-01,-1.408195309340953827e-02,2.247220724821090698e-01,2.716875672340393066e-01,-1.748690307140350342e-01,1.000000000000000000e+00,1.826277375221252441e-01,2.789900265634059906e-02,2.437878102064132690e-01,4.640555754303932190e-02,-9.505406022071838379e-02,1.142197251319885254e-01,1.402536928653717041e-01,3.622988983988761902e-02,-3.382023572921752930e-01,-2.370409667491912842e-01,-3.296242356300354004e-01,-2.886316478252410889e-01,-1.084053218364715576e-01,0.000000000000000000e+00,1.597764194011688232e-01,-1.910247802734375000e-01,1.129200775176286697e-02,-1.843207776546478271e-01,-1.444407254457473755e-01,5.268326401710510254e-02,-6.161068379878997803e-02,-8.468239754438400269e-02,-2.092728465795516968e-01,0.000000000000000000e+00,2.330081313848495483e-01,1.712475419044494629e-01,3.018523752689361572e-01,1.870072335004806519e-01,1.659170985221862793e-01,1.764531284570693970e-01,2.640478909015655518e-01,-6.231276318430900574e-02,2.295754849910736084e-01,2.286325842142105103e-01,-1.583005785942077637e-01,4.116644561290740967e-01,2.758629918098449707e-01,4.127650707960128784e-02,-2.085268199443817139e-01,0.000000000000000000e+00
-1.565586179494857788e-01,-1.042386144399642944e-01,1.006037965416908264e-01,1.148295029997825623e-01,1.485697329044342041e-01,2.518626749515533447e-01,4.348800182342529297e-01,1.826277375221252441e-01,1.000000000000000000e+00,1.507850587368011475e-01,3.013185858726501465e-01,2.486484050750732422e-01,-2.196194231510162354e-01,1.795957535505294800e-01,3.873963356018066406e-01,-3.158202469348907471e-01,9.956791251897811890e-02,-4.299446344375610352e-01,-2.865825891494750977e-01,-2.315786480903625488e-01,-3.663814440369606018e-02,0.000000000000000000e+00,-2.395373433828353882e-01,-2.345816642045974731e-01,-2.751509547233581543e-01,3.757265508174896240e-01,-2.128606587648391724e-01,-4.538318812847137451e-01,-3.381589949131011963e-01,4.062757194042205811e-01,2.479103654623031616e-01,0.000000000000000000e+00,5.078991502523422241e-02,6.584064662456512451e-02,1.228409409523010254e-01,-1.851920187473297119e-01,7.584230601787567139e-02,4.897680580615997314e-01,-1.925422437489032745e-02,-4.048706889152526855e-01,6.358309835195541382e-02,8.856587111949920654e-02,1.539183408021926880e-01,2.576722800731658936e-01,8.338791131973266602e-02,5.729733407497406006e-02,1.411016583442687988e-01,0.000000000000000000e+00
-4.714646842330694199e-03,2.978398092091083527e-02,7.061617076396942139e-02,-6.483828648924827576e-03,2.933910787105560303e-01,2.317155301570892334e-01,2.458498626947402954e-01,2.789900451898574829e-02,1.507850587368011475e-01,1.000000000000000000e+00,9.817735105752944946e-02,4.624194800853729248e-01,1.890311986207962036e-01,-1.123040765523910522e-01,2.425467073917388916e-01,3.010972142219543457e-01,1.127226427197456360e-01,-2.528560161590576172e-02,2.743515670299530029e-01,2.214234471321105957e-01,-1.576861143112182617e-01,0.000000000000000000e+00,1.049343571066856384e-01,3.015735000371932983e-02,-4.414880275726318359e-02,2.626381516456604004e-01,-6.111365184187889099e-02,-4.967857152223587036e-02,-1.582700461149215698e-01,1.751758754253387451e-01,2.319334633648395538e-02,0.000000000000000000e+00,-9.179211407899856567e-02,-1.799338869750499725e-02,5.281709134578704834e-02,5.273882299661636353e-02,-9.309609979391098022e-02,7.501893490552902222e-02,1.579985022544860840e-01,-5.351189896464347839e-02,2.576104402542114258e-01,2.491377443075180054e-01,2.603661119937896729e-01,8.278316259384155273e-02,1.170608960092067719e-02,4.575530588626861572e-01,1.279530376195907593e-01,0.000000000000000000e+00
-5.178108215332031250e-01,-5.226099491119384766e-01,8.743793517351150513e-02,-5.428115129470825195e-01,-8.692502975463867188e-02,-1.918453872203826904e-01,1.334742903709411621e-01,2.437878102064132690e-01,3.013185858726501465e-01,9.817735105752944946e-02,1.000000000000000000e+00,5.962797999382019043e-01,-4.513261616230010986e-01,3.646382689476013184e-01,6.865229010581970215e-01,2.597161233425140381e-01,-1.490020453929901123e-01,-8.644831180572509766e-02,-1.474158465862274170e-01,-4.916229546070098877e-01,-5.354635715484619141e-01,0.000000000000000000e+00,1.811598092317581177e-01,-1.154845803976058960e-01,1.376597583293914795e-01,1.280338466167449951e-01,-1.803432591259479523e-02,-4.077500402927398682e-01,-5.401936769485473633e-01,1.789971813559532166e-02,3.912306427955627441e-01,0.000000000000000000e+00,-1.715313047170639038e-01,-1.418139636516571045e-01,-3.464953005313873291e-01,-4.286792576313018799e-01,4.180840253829956055e-01,6.288651227951049805e-01,-8.319091051816940308e-02,-2.102860808372497559e-01,-2.836053669452667236e-01,-1.624420583248138428e-01,3.692072117701172829e-03,-1.286572813987731934e-01,-3.743264377117156982e-01,-2.793382704257965088e-01,3.116480410099029541e-01,0.000000000000000000e+00
-4.429250061511993408e-01,-4.266127645969390869e-01,5.809743702411651611e-02,-3.847108185291290283e-01,-1.633834838867187500e-02,-5.642307549715042114e-02,2.263974547386169434e-01,4.640555754303932190e-02,2.486484050750732422e-01,4.624194800853729248e-01,5.962797999382019043e-01,1.000000000000000000e+00,-1.166067868471145630e-01,2.032159566879272461e-01,7.457870841026306152e-01,5.140215158462524414e-01,8.725443854928016663e-03,-2.062126696109771729e-01,7.748934626579284668e-02,-3.145594298839569092e-01,-4.674938321113586426e-01,0.000000000000000000e+00,1.754044741392135620e-01,7.916224002838134766e-02,3.065470419824123383e-02,2.507141232490539551e-01,-6.911177933216094971e-02,-3.978635668754577637e-01,-4.897447824478149414e-01,2.736662328243255615e-01,3.512034416198730469e-01,0.000000000000000000e+00,-2.064457386732101440e-01,-4.487298801541328430e-02,-1.212949827313423157e-01,-1.269646137952804565e-01,2.386135160923004150e-01,5.541573166847229004e-01,1.887246072292327881e-01,-3.703101351857185364e-02,-4.429995641112327576e-02,-7.220114767551422119e-02,-2.694183215498924255e-02,-1.999801546335220337e-01,-3.789288699626922607e-01,-1.655920743942260742e-01,4.311580359935760498e-01,0.000000000000000000e+00
3.359910845756530762e-01,3.617716431617736816e-01,-2.781509160995483398e-01,1.853391528129577637e-01,-8.737077564001083374e-02,-1.023713685572147369e-02,-2.667875289916992188e-01,-9.505406022071838379e-02,-2.196194231510162354e-01,1.890311986207962036e-01,-4.513261616230010986e-01,-1.166067868471145630e-01,1.000000000000000000e+00,-3.439012914896011353e-03,-1.928344070911407471e-01,1.355515718460083008e-01,1.849088072776794434e-01,1.061651185154914856e-01,4.640067219734191895e-01,5.841488838195800781e-01,4.288830757141113281e-01,0.000000000000000000e+00,-6.678640842437744141e-02,3.568605780601501465e-01,9.957684203982353210e-03,-1.652415841817855835e-01,2.590476348996162415e-02,1.011511683464050293e-01,2.676438093185424805e-01,9.301546961069107056e-03,-8.280115574598312378e-02,0.000000000000000000e+00,2.533931434154510498e-01,2.919364571571350098e-01,1.709990203380584717e-01,4.578073918819427490e-01,-1.483269482851028442e-01,-3.382702171802520752e-01,1.907253563404083252e-01,5.315815806388854980e-01,1.847405880689620972e-01,2.996815182268619537e-02,1.326104849576950073e-01,1.238891631364822388e-01,2.931470572948455811e-01,3.030572533607482910e-01,-1.899214684963226318e-01,0.000000000000000000e+00
-3.268586099147796631e-01,-1.019457131624221802e-01,-7.354933768510818481e-02,-4.168193042278289795e-01,-1.054408848285675049e-01,-3.237525522708892822e-01,-1.906578242778778076e-01,1.142197325825691223e-01,1.795957535505294800e-01,-1.123040691018104553e-01,3.646382391452789307e-01,2.032159417867660522e-01,-3.439012682065367699e-03,1.000000000000000000e+00,3.989745974540710449e-01,-4.602905362844467163e-02,-4.307234659790992737e-02,-2.556356042623519897e-02,1.080111227929592133e-02,-1.781459003686904907e-01,-8.715452253818511963e-02,0.000000000000000000e+00,-3.800776600837707520e-02,-2.057613879442214966e-01,2.037737369537353516e-01,-8.635772019624710083e-02,3.245120644569396973e-01,-4.569029808044433594e-01,-3.304442465305328369e-01,-9.762872010469436646e-02,2.666315138339996338e-01,0.000000000000000000e+00,3.124850094318389893e-01,3.620344698429107666e-01,-3.581843674182891846e-01,-3.788381516933441162e-01,6.286497712135314941e-01,3.966067135334014893e-01,-3.013145625591278076e-01,-4.213348776102066040e-02,-9.592676907777786255e-02,-1.895989179611206055e-01,3.526691813021898270e-03,7.198160141706466675e-02,-3.510665521025657654e-02,-1.918211579322814941e-01,-1.181336864829063416e-01,0.000000000000000000e+00
-4.728587567806243896e-01,-4.475041925907135010e-01,7.878632098436355591e-02,-4.163915812969207764e-01,-7.479622215032577515e-02,-5.653541907668113708e-02,2.349395751953125000e-01,1.402536928653717041e-01,3.873963356018066406e-01,2.425467073917388916e-01,6.865229010581970215e-01,7.457870841026306152e-01,-1.928344070911407471e-01,3.989745974540710449e-01,1.000000000000000000e+00,3.069554269313812256e-01,-5.095704644918441772e-02,-2.747199833393096924e-01,-6.820835918188095093e-02,-4.338259100914001465e-01,-5.286175012588500977e-01,0.000000000000000000e+00,6.498842686414718628e-02,-1.757306046783924103e-02,-2.258132770657539368e-02,2.286624163389205933e-01,-5.961172282695770264e-02,-5.556494593620300293e-01,-5.499393939971923828e-01,3.090445399284362793e-01,4.017747044563293457e-01,0.000000000000000000e+00,-4.314303398132324219e-02,1.082824096083641052e-01,-1.270338445901870728e-01,-2.623001039028167725e-01,3.336345851421356201e-01,6.991387605667114258e-01,9.537327289581298828e-02,-1.815399825572967529e-01,-1.250532567501068115e-01,-1.763859838247299194e-01,-3.140545636415481567e-02,-1.669707298278808594e-01,-3.586046099662780762e-01,-2.603999078273773193e-01,3.950967192649841309e-01,0.000000000000000000e+00
-7.009717077016830444e-02,-1.927766352891921997e-01,-4.202425107359886169e-02,-3.796259164810180664e-01,-1.578334160149097443e-02,-1.716118156909942627e-01,-1.257954239845275879e-01,3.622989356517791748e-02,-3.158202469348907471e-01,3.010972142219543457e-01,2.597161233425140381e-01,5.140215158462524414e-01,1.355515718460083008e-01,-4.602905362844467163e-02,3.069554269313812256e-01,1.000000000000000000e+00,-1.081791967153549194e-01,2.151217758655548096e-01,2.607765495777130127e-01,-4.540667310357093811e-02,-3.549658954143524170e-01,0.000000000000000000e+00,4.157746732234954834e-01,3.313677906990051270e-01,2.018040269613265991e-01,-1.323335319757461548e-01,-7.177662849426269531e-02,1.093211546540260315e-01,-1.340996772050857544e-01,-1.693127304315567017e-01,1.239018663763999939e-01,0.000000000000000000e+00,-2.158319354057312012e-01,-1.685022562742233276e-01,-1.374352574348449707e-01,2.337486743927001953e-01,4.597519873641431332e-04,1.485816091299057007e-01,4.053392708301544189e-01,4.616765677928924561e-01,-2.480456791818141937e-02,-5.794811621308326721e-02,-8.832940459251403809e-02,-1.676399856805801392e-01,-2.830612361431121826e-01,-9.847471863031387329e-02,1.298140436410903931e-01,0.000000000000000000e+00
-1.707537919282913208e-01,-1.760336756706237793e-01,4.858804643154144287e-01,3.272621333599090576e-01,-6.954950839281082153e-02,-1.017091274261474609e-01,5.383309721946716309e-01,-3.382023274898529053e-01,9.956791251897811890e-02,1.127226427197456360e-01,-1.490020453929901123e-01,8.725443854928016663e-03,1.849088072776794434e-01,-4.307234659790992737e-02,-5.095704644918441772e-02,-1.081791967153549194e-01,1.000000000000000000e+00,2.866977155208587646e-01,5.158576369285583496e-01,3.699998259544372559e-01,1.877206861972808838e-01,0.000000000000000000e+00,-1.907278001308441162e-01,1.635755151510238647e-01,-1.615526378154754639e-01,4.283097684383392334e-01,-1.250621229410171509e-01,-1.685609966516494751e-01,-6.914626061916351318e-02,3.442626297473907471e-01,3.740729987621307373e-01,0.000000000000000000e+00,-2.087200880050659180e-01,-9.864366799592971802e-02,-9.580041468143463135e-02,-1.024956721812486649e-02,-1.136404275894165039e-02,-8.682986721396446228e-03,-7.684057205915451050e-02,-9.469905495643615723e-02,-2.753243744373321533e-01,3.546044975519180298e-02,4.496426284313201904e-01,-1.276905685663223267e-01,7.169723510742187500e-02,2.489801645278930664e-01,1.651733815670013428e-01,0.000000000000000000e+00
-7.979714870452880859e-02,-1.492851376533508301e-01,2.987091243267059326e-01,-1.873729377985000610e-01,-1.843210607767105103e-01,-4.473694562911987305e-01,-4.248800873756408691e-02,-2.370409667491912842e-01,-4.299446344375610352e-01,-2.528560161590576172e-02,-8.644831180572509766e-02,-2.062126696109771729e-01,1.061651185154914856e-01,-2.556355856359004974e-02,-2.747199833393096924e-01,2.151217758655548096e-01,2.866977155208587646e-01,1.000000000000000000e+00,5.122712850570678711e-01,3.888086676597595215e-01,-8.167584240436553955e-02,0.000000000000000000e+00,2.729748785495758057e-01,2.579779028892517090e-01,2.833780348300933838e-01,-1.497214585542678833e-01,1.369326561689376831e-01,2.078875899314880371e-01,1.759641431272029877e-02,-4.837715327739715576e-01,1.655188053846359253e-01,0.000000000000000000e+00,-4.719441011548042297e-02,-2.172835916280746460e-01,-4.547293186187744141e-01,-1.221826970577239990e-01,6.934771686792373657e-02,-2.968200743198394775e-01,-2.507236003875732422e-01,2.324656844139099121e-01,-3.793699145317077637e-01,-2.437769025564193726e-01,2.341004014015197754e-01,-1.689889281988143921e-01,-1.641572266817092896e-01,-4.013384692370891571e-03,-1.742030121386051178e-02,0.000000000000000000e+00
-5.322826653718948364e-02,-8.801137655973434448e-02,1.576427370309829712e-01,-6.194318830966949463e-02,-2.707763016223907471e-01,-3.641774952411651611e-01,-2.967617474496364594e-02,-3.296242356300354004e-01,-2.865825891494750977e-01,2.743515670299530029e-01,-1.474158465862274170e-01,7.748934626579284668e-02,4.640067219734191895e-01,1.080111227929592133e-02,-6.820835918188095093e-02,2.607765495777130127e-01,5.158576369285583496e-01,5.122712850570678711e-01,1.000000000000000000e+00,5.333632826805114746e-01,6.071572657674551010e-03,0.000000000000000000e+00,8.958651125431060791e-02,3.328293859958648682e-01,1.148944199085235596e-01,-7.899665273725986481e-03,1.420414447784423828e-01,2.237657457590103149e-02,4.526143893599510193e-02,-8.346328884363174438e-02,8.920374512672424316e-02,0.000000000000000000e+00,-2.497486211359500885e-02,-3.414687886834144592e-02,-2.772495448589324951e-01,-3.848965466022491455e-02,4.211070761084556580e-02,-3.008433878421783447e-01,-2.139267921447753906e-01,2.870364487171173096e-01,-2.497495114803314209e-01,-9.379881620407104492e-02,4.316809177398681641e-01,-2.030930817127227783e-01,-1.057239063084125519e-02,2.610216140747070312e-01,1.172917708754539490e-01,0.000000000000000000e+00
1.751315593719482422e-01,1.895673125982284546e-01,1.398119144141674042e-02,2.680259048938751221e-01,-8.024545758962631226e-02,-7.183606177568435669e-02,-2.969986293464899063e-03,-2.886316478252410889e-01,-2.315786480903625488e-01,2.214234471321105957e-01,-4.916229546070098877e-01,-3.145594298839569092e-01,5.841488838195800781e-01,-1.781459152698516846e-01,-4.338259100914001465e-01,-4.540667310357093811e-02,3.699998259544372559e-01,3.888086676597595215e-01,5.333632826805114746e-01,1.000000000000000000e+00,4.885632097721099854e-01,0.000000000000000000e+00,-9.512583166360855103e-02,2.469836771488189697e-01,1.502195838838815689e-02,4.238290712237358093e-02,4.743224754929542542e-02,1.918318420648574829e-01,2.509371638298034668e-01,-1.177068576216697693e-01,-6.998046301305294037e-03,0.000000000000000000e+00,6.389522552490234375e-02,2.676697820425033569e-02,1.577455922961235046e-02,2.291658371686935425e-01,-1.892099976539611816e-01,-4.424974322319030762e-01,-5.777866113930940628e-03,3.257229030132293701e-01,-1.828223839402198792e-02,-8.969510346651077271e-02,3.200459480285644531e-01,-5.554545670747756958e-03,1.310869902372360229e-01,3.848004937171936035e-01,-1.720158457756042480e-01,0.000000000000000000e+00
3.038266599178314209e-01,4.494035542011260986e-01,-2.381520718336105347e-01,4.199939966201782227e-01,1.030373349785804749e-01,1.373221576213836670e-01,-9.768318384885787964e-02,-1.084053292870521545e-01,-3.663814440369606018e-02,-1.576861143112182617e-01,-5.354635715484619141e-01,-4.674938321113586426e-01,4.288830757141113281e-01,-8.715452253818511963e-02,-5.286175012588500977e-01,-3.549658954143524170e-01,1.877206861972808838e-01,-8.167584240436553955e-02,6.071572657674551010e-03,4.885632097721099854e-01,1.000000000000000000e+00,0.000000000000000000e+00,-3.292324841022491455e-01,3.177152946591377258e-02,-8.100596070289611816e-02,-2.828851342201232910e-02,1.545973308384418488e-02,1.858187019824981689e-01,3.681527674198150635e-01,-1.177820842713117599e-02,-2.661543525755405426e-02,0.000000000000000000e+00,1.629730761051177979e-01,1.451956629753112793e-01,1.817761212587356567e-01,3.452760279178619385e-01,-1.744813919067382812e-01,-3.121093213558197021e-01,8.876051753759384155e-02,2.530685961246490479e-01,2.506636381149291992e-01,9.225890785455703735e-02,5.405415594577789307e-02,2.826410830020904541e-01,3.972868621349334717e-01,2.555424273014068604e-01,-3.969995081424713135e-01,0.000000000000000000e+00
0.000000000000000000e+00,0.000000000000000000e+00,0.000000000000000000e+00,0.000000000000000000e+00,0.000000000000000000e+00,0.000000000000000000e+00,0.000000000000000000e+00,0.000000000000000000e+00,0.000000000000000000e+00,0.000000000000000000e+00,0.000000000000000000e+00,0.000000000000000000e+00,0.000000000000000000e+00,0.000000000000000000e+00,0.000000000000000000e+00,0.000000000000000000e+00,0.000000000000000000e+00,0.000000000000000000e+00,0.000000000000000000e+00,0.000000000000000000e+00,0.000000000000000000e+00,1.000000000000000000e+00,0.000000000000000000e+00,0.000000000000000000e+00,0.000000000000000000e+00,0.000000000000000000e+00,0.000000000000000000e+00,0.000000000000000000e+00,0.000000000000000000e+00,0.000000000000000000e+00,0.000000000000000000e+00,0.000000000000000000e+00,0.000000000000000000e+00,0.000000000000000000e+00,0.000000000000000000e+00,0.000000000000000000e+00,0.000000000000000000e+00,0.000000000000000000e+00,0.000000000000000000e+00,0.000000000000000000e+00,0.000000000000000000e+00,0.000000000000000000e+00,0.000000000000000000e+00,0.000000000000000000e+00,0.000000000000000000e+00,0.000000000000000000e+00,0.000000000000000000e+00,0.000000000000000000e+00
-1.387146860361099243e-02,-1.253719776868820190e-01,2.193375304341316223e-02,-2.658382952213287354e-01,-5.849138274788856506e-02,-1.209539473056793213e-01,-1.464774757623672485e-01,1.597764194011688232e-01,-2.395373433828353882e-01,1.049343571066856384e-01,1.811598092317581177e-01,1.754044741392135620e-01,-6.678640842437744141e-02,-3.800776600837707520e-02,6.498842686414718628e-02,4.157746732234954834e-01,-1.907278001308441162e-01,2.729748785495758057e-01,8.958651125431060791e-02,-9.512583166360855103e-02,-3.292324841022491455e-01,0.000000000000000000e+00,1.000000000000000000e+00,1.119303926825523376e-01,1.092870682477951050e-01,-1.975535899400711060e-01,-2.179537899792194366e-02,1.521590352058410645e-01,-6.717164814472198486e-02,-3.259831368923187256e-01,-6.605391204357147217e-02,0.000000000000000000e+00,-1.603355109691619873e-01,-2.146094888448715210e-01,-1.783955991268157959e-01,2.217098325490951538e-02,5.136673152446746826e-02,-3.634054213762283325e-02,1.298134177923202515e-01,2.002639174461364746e-01,-7.643473148345947266e-02,1.749988086521625519e-02,-1.720563136041164398e-02,-1.483357548713684082e-01,-1.162770763039588928e-01,-6.025179475545883179e-02,2.601847797632217407e-02,0.000000000000000000e+00
5.640448536723852158e-03,-1.322160661220550537e-01,-3.782323747873306274e-02,4.051351547241210938e-02,-1.402840167284011841e-01,-3.175961598753929138e-02,8.879272267222404480e-03,-1.910247802734375000e-01,-2.345816642045974731e-01,3.015735000371932983e-02,-1.154845803976058960e-01,7.916224002838134766e-02,3.568605780601501465e-01,-2.057613879442214966e-01,-1.757306046783924103e-02,3.313677906990051270e-01,1.635755151510238647e-01,2.579779028892517090e-01,3.328294157981872559e-01,2.469836920499801636e-01,3.177152946591377258e-02,0.000000000000000000e+00,1.119304001331329346e-01,1.000000000000000000e+00,-2.169376797974109650e-02,-5.509505048394203186e-02,-1.547292619943618774e-01,1.933840811252593994e-01,1.734718978404998779e-01,5.716245621442794800e-02,2.308677583932876587e-01,0.000000000000000000e+00,-1.399914622306823730e-01,6.991254049353301525e-04,-6.364986300468444824e-02,3.607689440250396729e-01,-1.544820070266723633e-01,-1.678525358438491821e-01,2.006810307502746582e-01,4.755639433860778809e-01,-1.483694612979888916e-01,-1.251034885644912720e-01,1.020342484116554260e-01,-2.832224667072296143e-01,-1.234691217541694641e-01,3.444723784923553467e-02,2.951168119907379150e-01,0.000000000000000000e+00
1.781680621206760406e-02,7.983091473579406738e-02,-2.572506070137023926e-01,-4.593975841999053955e-01,2.929070033133029938e-02,-3.872016370296478271e-01,-3.551259040832519531e-01,1.129200868308544159e-02,-2.751509547233581543e-01,-4.414880275726318359e-02,1.376597583293914795e-01,3.065470419824123383e-02,9.957684203982353210e-03,2.037737369537353516e-01,-2.258132770657539368e-02,2.018040269613265991e-01,-1.615526378154754639e-01,2.833780348300933838e-01,1.148944199085235596e-01,1.502195838838815689e-02,-8.100596070289611816e-02,0.000000000000000000e+00,1.092870682477951050e-01,-2.169376984238624573e-02,1.000000000000000000e+00,-2.181117534637451172e-01,5.400969386100769043e-01,1.931007602252066135e-03,-8.257743716239929199e-02,-4.241905212402343750e-01,1.252610236406326294e-01,0.000000000000000000e+00,3.326764106750488281e-01,-6.515780091285705566e-02,-4.080070555210113525e-01,-1.512449383735656738e-01,3.212767839431762695e-01,9.153559803962707520e-03,-1.699585169553756714e-01,2.677684128284454346e-01,1.908181048929691315e-02,-1.450433880090713501e-01,-1.002494618296623230e-01,1.142349913716316223e-01,-9.919340163469314575e-02,-2.208695560693740845e-01,-1.396621167659759521e-01,0.000000000000000000e+00
-3.120435178279876709e-01,-3.170357048511505127e-01,5.129861831665039062e-01,3.380971848964691162e-01,1.114223822951316833e-01,2.001964747905731201e-01,7.370534539222717285e-01,-1.843207776546478271e-01,3.757265508174896240e-01,2.626381516456604004e-01,1.280338466167449951e-01,2.507141232490539551e-01,-1.652415841817855835e-01,-8.635771274566650391e-02,2.286624163389205933e-01,-1.323335319757461548e-01,4.283097684383392334e-01,-1.497214585542678833e-01,-7.899665273725986481e-03,4.238290712237358093e-02,-2.828851342201232910e-02,0.000000000000000000e+00,-1.975535750389099121e-01,-5.509504675865173340e-02,-2.181117534637451172e-01,1.000000000000000000e+00,-1.840711981058120728e-01,-3.736248612403869629e-01,-2.714315652847290039e-01,5.712475776672363281e-01,3.533856570720672607e-01,0.000000000000000000e+00,-2.389961034059524536e-01,-8.085092902183532715e-02,1.035553365945816040e-01,-8.605778962373733521e-02,-3.150459006428718567e-02,3.030980527400970459e-01,6.826792657375335693e-02,-3.586831390857696533e-01,-1.014257073402404785e-01,2.974240668118000031e-02,1.759544909000396729e-01,-1.162050291895866394e-01,-1.468850225210189819e-01,1.322277337312698364e-01,3.837274610996246338e-01,0.000000000000000000e+00
-7.536507397890090942e-02,1.546355783939361572e-01,-2.370068132877349854e-01,-3.675519526004791260e-01,1.807937771081924438e-02,-3.273903727531433105e-01,-3.664394021034240723e-01,-1.444407254457473755e-01,-2.128606587648391724e-01,-6.111365184187889099e-02,-1.803432591259479523e-02,-6.911177933216094971e-02,2.590476348996162415e-02,3.245120644569396973e-01,-5.961172282695770264e-02,-7.177662849426269531e-02,-1.250621229410171509e-01,1.369326561689376831e-01,1.420414447784423828e-01,4.743224754929542542e-02,1.545973308384418488e-02,0.000000000000000000e+00,-2.179537899792194366e-02,-1.547292619943618774e-01,5.400969386100769043e-01,-1.840711981058120728e-01,1.000000000000000000e+00,-8.297313004732131958e-02,1.185553148388862610e-02,-2.767542004585266113e-01,-7.876777090132236481e-03,0.000000000000000000e+00,4.949888885021209717e-01,2.967475652694702148e-01,-2.651445865631103516e-01,-2.918704152107238770e-01,3.145892322063446045e-01,-6.871640682220458984e-02,-4.074665904045104980e-01,1.460709702223539352e-02,7.495156675577163696e-02,-1.703393757343292236e-01,-1.064165681600570679e-01,7.431650906801223755e-02,-8.360271900892257690e-02,-1.939483135938644409e-01,-6.201555207371711731e-02,0.000000000000000000e+00
4.785871505737304688e-01,3.569922447204589844e-01,-2.455160915851593018e-01,1.781444847583770752e-01,1.736861318349838257e-01,2.023515999317169189e-01,-2.831120491027832031e-01,5.268326774239540100e-02,-4.538318812847137451e-01,-4.967857152223587036e-02,-4.077500402927398682e-01,-3.978635668754577637e-01,1.011511683464050293e-01,-4.569029808044433594e-01,-5.556494593620300293e-01,1.093211546540260315e-01,-1.685609966516494751e-01,2.078875899314880371e-01,2.237657457590103149e-02,1.918318420648574829e-01,1.858187019824981689e-01,0.000000000000000000e+00,1.521590352058410645e-01,1.933840811252593994e-01,1.931007602252066135e-03,-3.736248612403869629e-01,-8.297313004732131958e-02,1.000000000000000000e+00,7.291780710220336914e-01,-3.088726401329040527e-01,-3.521723449230194092e-01,0.000000000000000000e+00,-1.002277806401252747e-01,-8.572598546743392944e-02,1.225137040019035339e-01,3.833264410495758057e-01,-3.674824237823486328e-01,-5.389961600303649902e-01,1.962068378925323486e-01,2.763543426990509033e-01,2.278774231672286987e-01,2.009879350662231445e-01,-1.461870819330215454e-01,1.004235073924064636e-01,1.639205366373062134e-01,1.752369403839111328e-01,-2.479433566331863403e-01,0.000000000000000000e+00
5.082731246948242188e-01,4.221552014350891113e-01,-3.145218789577484131e-01,3.470624387264251709e-01,1.656161695718765259e-01,2.720076739788055420e-01,-2.565168738365173340e-01,-6.161068379878997803e-02,-3.381589949131011963e-01,-1.582700461149215698e-01,-5.401936769485473633e-01,-4.897447824478149414e-01,2.676438093185424805e-01,-3.304442465305328369e-01,-5.499393939971923828e-01,-1.340996772050857544e-01,-6.914626061916351318e-02,1.759641431272029877e-02,4.526143893599510193e-02,2.509371638298034668e-01,3.681527674198150635e-01,0.000000000000000000e+00,-6.717164814472198486e-02,1.734718829393386841e-01,-8.257743716239929199e-02,-2.714315652847290039e-01,1.185553148388862610e-02,7.291780710220336914e-01,1.000000000000000000e+00,-9.365820139646530151e-02,-3.377926349639892578e-01,0.000000000000000000e+00,7.912522554397583008e-02,1.023569703102111816e-01,2.115507274866104126e-01,3.514046072959899902e-01,-4.132658541202545166e-01,-5.470517873764038086e-01,9.252753853797912598e-02,2.450024932622909546e-01,2.961086928844451904e-01,1.947249174118041992e-01,-8.782749623060226440e-02,1.221512705087661743e-01,2.896438241004943848e-01,2.362306118011474609e-01,-2.308219820261001587e-01,0.000000000000000000e+00
-1.252024918794631958e-01,-1.622865796089172363e-01,2.616955637931823730e-01,4.699167609214782715e-01,1.314453333616256714e-01,4.248125553131103516e-01,5.605191588401794434e-01,-8.468239009380340576e-02,4.062757194042205811e-01,1.751758754253387451e-01,1.789971813559532166e-02,2.736662328243255615e-01,9.301546961069107056e-03,-9.762872755527496338e-02,3.090445399284362793e-01,-1.693127304315567017e-01,3.442626297473907471e-01,-4.837715327739715576e-01,-8.346328884363174438e-02,-1.177068576216697693e-01,-1.177820842713117599e-02,0.000000000000000000e+00,-3.259831368923187256e-01,5.716245621442794800e-02,-4.241905212402343750e-01,5.712475776672363281e-01,-2.767542004585266113e-01,-3.088726401329040527e-01,-9.365820139646530151e-02,1.000000000000000000e+00,2.160842269659042358e-01,0.000000000000000000e+00,-2.130198180675506592e-01,1.487129181623458862e-01,3.964685201644897461e-01,2.102072536945343018e-01,-9.376290440559387207e-02,2.967616915702819824e-01,2.431934326887130737e-01,-3.238630890846252441e-01,7.828451693058013916e-02,1.990379095077514648e-01,1.333575397729873657e-01,-1.104059666395187378e-01,5.022301897406578064e-02,1.555862277746200562e-01,3.424706161022186279e-01,0.000000000000000000e+00
-5.204918980598449707e-01,-4.751563668251037598e-01,1.758066713809967041e-01,-2.193226963281631470e-01,-5.067682638764381409e-02,-2.371288090944290161e-01,4.149689674377441406e-01,-2.092728316783905029e-01,2.479103654623031616e-01,2.319334633648395538e-02,3.912306427955627441e-01,3.512034416198730469e-01,-8.280115574598312378e-02,2.666315138339996338e-01,4.017747044563293457e-01,1.239018663763999939e-01,3.740729987621307373e-01,1.655188053846359253e-01,8.920374512672424316e-02,-6.998046301305294037e-03,-2.661543525755405426e-02,0.000000000000000000e+00,-6.605391204357147217e-02,2.308677583932876587e-01,1.252610236406326294e-01,3.533856570720672607e-01,-7.876777090132236481e-03,-3.521723449230194092e-01,-3.377926349639892578e-01,2.160842269659042358e-01,1.000000000000000000e+00,0.000000000000000000e+00,-1.708092391490936279e-01,-9.111206978559494019e-02,-4.113260209560394287e-01,-1.324869692325592041e-01,2.809114158153533936e-01,5.118311047554016113e-01,-2.510628290474414825e-02,-3.769970964640378952e-03,-3.038741648197174072e-01,-3.559391498565673828e-01,1.312502026557922363e-01,-1.964586675167083740e-01,-3.697150945663452148e-01,-1.914913952350616455e-01,2.468536347150802612e-01,0.000000000000000000e+00
0.000000000000000000e+00,0.000000000000000000e+00,0.000000000000000000e+00,0.000000000000000000e+00,0.000000000000000000e+00,0.000000000000000000e+00,0.000000000000000000e+00,0.000000000000000000e+00,0.000000000000000000e+00,0.000000000000000000e+00,0.000000000000000000e+00,0.000000000000000000e+00,0.000000000000000000e+00,0.000000000000000000e+00,0.000000000000000000e+00,0.000000000000000000e+00,0.000000000000000000e+00,0.000000000000000000e+00,0.000000000000000000e+00,0.000000000000000000e+00,0.000000000000000000e+00,0.000000000000000000e+00,0.000000000000000000e+00,0.000000000000000000e+00,0.000000000000000000e+00,0.000000000000000000e+00,0.000000000000000000e+00,0.000000000000000000e+00,0.000000000000000000e+00,0.000000000000000000e+00,0.000000000000000000e+00,1.000000000000000000e+00,0.000000000000000000e+00,0.000000000000000000e+00,0.000000000000000000e+00,0.000000000000000000e+00,0.000000000000000000e+00,0.000000000000000000e+00,0.000000000000000000e+00,0.000000000000000000e+00,0.000000000000000000e+00,0.000000000000000000e+00,0.000000000000000000e+00,0.000000000000000000e+00,0.000000000000000000e+00,0.000000000000000000e+00,0.000000000000000000e+00,0.000000000000000000e+00
