1.000000000000000000e+00,6.378595829010009766e-01,4.337596520781517029e-02,3.903760612010955811e-01,4.335773885250091553e-01,4.253545403480529785e-01,-1.434586495161056519e-01,5.762697458267211914e-01,1.686997115612030029e-01,-7.383497059345245361e-02,-4.095457792282104492e-01,-4.355028271675109863e-01,-4.017588794231414795e-01,4.336306080222129822e-02,-4.139678180217742920e-01,-4.014402627944946289e-01,-3.839002251625061035e-01,0.000000000000000000e+00,-1.951410323381423950e-01,-2.862487137317657471e-01,-9.385187178850173950e-02,0.000000000000000000e+00,0.000000000000000000e+00,-1.987981498241424561e-01,-2.531983191147446632e-03,-6.288500130176544189e-02,4.782130196690559387e-02,3.422928154468536377e-01,4.398967027664184570e-01,-1.426343172788619995e-01,-6.050804853439331055e-01,0.000000000000000000e+00,2.445601969957351685e-01,5.447653681039810181e-02,3.006820082664489746e-01,-4.551228582859039307e-01,1.509361267089843750e-01,-3.566897213459014893e-01,-3.701444864273071289e-01,-2.710948288440704346e-01,4.647986292839050293e-01,4.492941796779632568e-01,-1.154054403305053711e-01,6.063155531883239746e-01,2.571737468242645264e-01,-6.203662231564521790e-02,4.324468225240707397e-02,0.000000000000000000e+00
6.378595829010009766e-01,1.000000000000000000e+00,-3.113664388656616211e-01,1.934816539287567139e-01,5.739867687225341797e-01,5.808226466178894043e-01,-2.222273647785186768e-01,3.198589086532592773e-01,1.712590157985687256e-01,1.940824240446090698e-01,-4.104681909084320068e-01,-2.042673528194427490e-01,-1.711374074220657349e-01,8.560594171285629272e-02,-3.354223072528839111e-01,-1.786495447158813477e-01,-2.244940400123596191e-01,0.000000000000000000e+00,5.593949928879737854e-02,6.475925445556640625e-03,5.254042521119117737e-02,0.000000000000000000e+00,0.000000000000000000e+00,-1.819018274545669556e-01,5.927467718720436096e-02,-2.474550008773803711e-01,2.542713284492492676e-01,1.032002791762351990e-01,4.339475929737091064e-01,-9.911884367465972900e-02,-5.633195638656616211e-01,0.000000000000000000e+00,4.782108366489410400e-01,3.486683964729309082e-01,3.614500164985656738e-01,-3.697821795940399170e-01,5.344625711441040039e-01,-1.369065344333648682e-01,-2.636048197746276855e-01,-2.152784913778305054e-01,6.319244503974914551e-01,6.012259721755981445e-01,1.114707589149475098e-01,5.437705516815185547e-01,4.021660089492797852e-01,2.405852377414703369e-01,-2.485040575265884399e-02,0.000000000000000000e+00
4.337596520781517029e-02,-3.113664686679840088e-01,1.000000000000000000e+00,4.886560738086700439e-01,-5.830388516187667847e-02,-8.255636692047119141e-02,4.311382770538330078e-01,2.584232389926910400e-01,-1.246843021363019943e-02,-1.542680114507675171e-01,2.154077775776386261e-02,-5.791014432907104492e-02,-3.179614841938018799e-01,-2.826288640499114990e-01,-5.138991773128509521e-02,-1.561437994241714478e-01,-2.641748487949371338e-01,0.000000000000000000e+00,-2.549991607666015625e-01,-2.893823087215423584e-01,-2.364204525947570801e-01,0.000000000000000000e+00,0.000000000000000000e+00,-7.924988120794296265e-02,-8.928003162145614624e-02,5.470617413520812988e-01,-3.249854147434234619e-01,4.071809947490692139e-01,1.651666164398193359e-01,-3.993248194456100464e-02,-9.687189757823944092e-02,0.000000000000000000e+00,-3.721393048763275146e-01,-6.796465069055557251e-02,-4.687046632170677185e-02,-1.832486391067504883e-01,-5.123812556266784668e-01,-1.880412548780441284e-01,-1.086864769458770752e-01,-2.407967597246170044e-01,-2.112050503492355347e-01,-2.628967761993408203e-01,-4.343194365501403809e-01,5.662844330072402954e-02,-7.428823411464691162e-02,-4.378689825534820557e-01,3.929189965128898621e-02,0.000000000000000000e+00
3.903760612010955811e-01,1.934816539287567139e-01,4.886560738086700439e-01,1.000000000000000000e+00,2.058501541614532471e-01,3.368259966373443604e-01,4.920360445976257324e-01,4.668490886688232422e-01,2.130001932382583618e-01,-1.088231578469276428e-01,-2.705490887165069580e-01,-1.725501120090484619e-01,-3.445630669593811035e-01,-1.340769231319427490e-01,-3.511187732219696045e-01,-2.884761989116668701e-01,-2.000096142292022705e-01,0.000000000000000000e+00,-2.097628563642501831e-01,-2.287791073322296143e-01,-4.064491763710975647e-02,0.000000000000000000e+00,0.000000000000000000e+00,-8.134014904499053955e-02,5.303443595767021179e-02,3.121187686920166016e-01,-5.678145214915275574e-02,4.821100234985351562e-01,3.460205793380737305e-01,-1.836727857589721680e-01,-2.433331161737442017e-01,0.000000000000000000e+00,-2.663564682006835938e-01,1.563620269298553467e-01,3.889576196670532227e-01,-1.653389036655426025e-01,-1.690592169761657715e-01,-1.335387825965881348e-01,-2.175462692975997925e-01,-2.680949568748474121e-01,1.116223558783531189e-01,8.509331196546554565e-02,-3.490290045738220215e-01,4.319018721580505371e-01,1.530867815017700195e-01,-3.042722642421722412e-01,-2.393220551311969757e-02,0.000000000000000000e+00
4.335773885250091553e-01,5.739867687225341797e-01,-5.830388516187667847e-02,2.058501541614532471e-01,1.000000000000000000e+00,7.990739345550537109e-01,-4.359922185540199280e-02,2.219500839710235596e-01,1.981104016304016113e-01,3.025349080562591553e-01,-1.876335144042968750e-01,3.507618978619575500e-02,-1.486957222223281860e-01,-1.630244106054306030e-01,-2.826429605484008789e-01,-9.589730948209762573e-02,-2.318709194660186768e-01,0.000000000000000000e+00,-5.870369449257850647e-02,-2.126507833600044250e-02,-9.040799736976623535e-02,0.000000000000000000e+00,0.000000000000000000e+00,-1.723092645406723022e-01,1.818403601646423340e-01,1.787425763905048370e-02,1.843411028385162354e-01,1.680623292922973633e-01,2.671164274215698242e-01,-1.439002007246017456e-01,-5.101115107536315918e-01,0.000000000000000000e+00,3.119354844093322754e-01,2.787025272846221924e-01,1.689105480909347534e-02,-4.168778061866760254e-01,1.991169601678848267e-01,-2.257084995508193970e-01,-2.330476790666580200e-01,-2.753301858901977539e-01,6.540371775627136230e-01,4.618688523769378662e-01,-7.637831568717956543e-02,3.672492206096649170e-01,2.215659618377685547e-01,2.293816357851028442e-01,1.731189526617527008e-02,0.000000000000000000e+00
4.253545403480529785e-01,5.808226466178894043e-01,-8.255637437105178833e-02,3.368259966373443604e-01,7.990739345550537109e-01,1.000000000000000000e+00,5.880279466509819031e-02,2.214107215404510498e-01,2.889995574951171875e-01,2.587158083915710449e-01,-2.753610312938690186e-01,2.949838899075984955e-02,-1.309421211481094360e-01,-9.060211479663848877e-02,-3.954915106296539307e-01,-1.144451573491096497e-01,-2.665770947933197021e-01,0.000000000000000000e+00,-1.493995934724807739e-01,4.496741667389869690e-02,-3.524844348430633545e-02,0.000000000000000000e+00,0.000000000000000000e+00,-6.973195075988769531e-02,3.153547644615173340e-01,-6.408786773681640625e-02,2.431736290454864502e-01,2.615419626235961914e-01,2.908345162868499756e-01,-2.536699473857879639e-01,-4.332654178142547607e-01,0.000000000000000000e+00,2.371611148118972778e-01,2.946518361568450928e-01,1.867397576570510864e-01,-2.622799575328826904e-01,2.163883149623870850e-01,-1.633518189191818237e-01,-1.213444024324417114e-01,-1.324102133512496948e-01,5.987109541893005371e-01,4.828292727470397949e-01,-1.025053858757019043e-01,3.978487551212310791e-01,3.071697056293487549e-01,2.178868502378463745e-01,-5.505236797034740448e-03,0.000000000000000000e+00
-1.434586495161056519e-01,-2.222273647785186768e-01,4.311382770538330078e-01,4.920360445976257324e-01,-4.359922185540199280e-02,5.880279466509819031e-02,1.000000000000000000e+00,5.332795158028602600e-02,8.341945707798004150e-02,-7.773866504430770874e-02,-4.034654051065444946e-02,7.680608332157135010e-02,-1.071046106517314911e-02,-2.303501963615417480e-01,-4.160516709089279175e-02,-4.788697883486747742e-02,2.456254512071609497e-01,0.000000000000000000e+00,-1.162105128169059753e-01,6.739987432956695557e-02,6.255827099084854126e-02,0.000000000000000000e+00,0.000000000000000000e+00,1.497484743595123291e-02,-3.232088312506675720e-02,2.587967216968536377e-01,-6.912194937467575073e-02,1.228675171732902527e-01,3.505016863346099854e-02,1.462231427431106567e-01,3.205016851425170898e-01,0.000000000000000000e+00,-2.785735726356506348e-01,6.918710470199584961e-02,1.231425479054450989e-01,2.121838927268981934e-01,-3.080656826496124268e-01,7.503254804760217667e-03,-1.391289383172988892e-02,-5.165192857384681702e-02,-1.240995153784751892e-01,-1.175970733165740967e-01,-1.991667449474334717e-01,-4.740426689386367798e-02,-5.645089317113161087e-03,-3.229006230831146240e-01,2.972192876040935516e-02,0.000000000000000000e+00
5.762697458267211914e-01,3.198589086532592773e-01,2.584232389926910400e-01,4.668490886688232422e-01,2.219500839710235596e-01,2.214107215404510498e-01,5.332795158028602600e-02,1.000000000000000000e+00,1.558118313550949097e-01,-1.980811655521392822e-01,-7.242321223020553589e-02,-2.718856930732727051e-01,-6.813652515411376953e-01,8.529067784547805786e-02,-1.138663440942764282e-01,-3.457863032817840576e-01,-3.368402719497680664e-01,0.000000000000000000e+00,-2.314890176057815552e-01,-5.961914658546447754e-01,-3.153648376464843750e-01,0.000000000000000000e+00,0.000000000000000000e+00,-4.212527573108673096e-01,-2.803571522235870361e-01,3.655150234699249268e-01,2.622557431459426880e-02,3.200728893280029297e-01,4.279416799545288086e-01,1.745064109563827515e-01,-4.787597656250000000e-01,0.000000000000000000e+00,-2.201244235038757324e-02,1.204519644379615784e-01,2.425613254308700562e-01,-4.507192373275756836e-01,-6.153956428170204163e-02,-3.312284052371978760e-01,-3.713763058185577393e-01,-4.626936912536621094e-01,1.040181964635848999e-01,1.746257543563842773e-01,-3.002975583076477051e-01,4.898915588855743408e-01,1.285825967788696289e-01,-2.586709260940551758e-01,1.064621582627296448e-01,0.000000000000000000e+00
1.686997115612030029e-01,1.712590157985687256e-01,-1.246842928230762482e-02,2.130001932382583618e-01,1.981104016304016113e-01,2.889995574951171875e-01,8.341945707798004150e-02,1.558118313550949097e-01,1.000000000000000000e+00,2.374625951051712036e-01,1.630701720714569092e-01,2.378351390361785889e-01,-1.299142837524414062e-01,-3.196144849061965942e-02,-6.232225522398948669e-02,-9.233614057302474976e-02,-1.629068404436111450e-01,0.000000000000000000e+00,-2.563434541225433350e-01,-8.882221579551696777e-02,1.155794113874435425e-01,0.000000000000000000e+00,0.000000000000000000e+00,3.221232444047927856e-02,1.301028877496719360e-01,-1.455558743327856064e-02,-1.028261557221412659e-01,9.041623212397098541e-03,-1.083583384752273560e-01,-1.771786510944366455e-01,-1.086305752396583557e-01,0.000000000000000000e+00,-4.276264831423759460e-02,-3.771793795749545097e-03,1.137163788080215454e-01,1.982839033007621765e-02,6.887798663228750229e-04,1.807050555944442749e-01,6.087614968419075012e-02,2.871248498558998108e-02,1.306492686271667480e-01,3.213372230529785156e-01,-3.514342010021209717e-02,5.019718408584594727e-01,4.865164756774902344e-01,2.617962844669818878e-02,-1.197250708937644958e-01,0.000000000000000000e+00
-7.383497059345245361e-02,1.940824240446090698e-01,-1.542680114507675171e-01,-1.088231578469276428e-01,3.025349080562591553e-01,2.587158083915710449e-01,-7.773866504430770874e-02,-1.980811655521392822e-01,2.374625951051712036e-01,1.000000000000000000e+00,1.308449357748031616e-01,6.301838159561157227e-01,3.966676592826843262e-01,-2.926112115383148193e-01,2.610694766044616699e-01,5.145170688629150391e-01,4.781815782189369202e-02,0.000000000000000000e+00,2.611215412616729736e-01,3.467865586280822754e-01,1.217637136578559875e-01,0.000000000000000000e+00,0.000000000000000000e+00,-5.227268859744071960e-02,1.543252021074295044e-01,-9.024412930011749268e-02,-3.556594252586364746e-02,-1.935180127620697021e-01,-1.736850589513778687e-01,7.968011498451232910e-02,-3.776165843009948730e-02,0.000000000000000000e+00,5.384158343076705933e-02,2.848864495754241943e-01,1.064711585640907288e-01,-2.010493353009223938e-02,2.666920423507690430e-01,2.889790236949920654e-01,3.654958605766296387e-01,-1.417455077171325684e-01,1.651733368635177612e-01,1.871078461408615112e-01,2.942896783351898193e-01,1.758660376071929932e-01,3.596359193325042725e-01,4.904416501522064209e-01,-1.114528179168701172e-01,0.000000000000000000e+00
-4.095457792282104492e-01,-4.104681909084320068e-01,2.154077775776386261e-02,-2.705490887165069580e-01,-1.876335144042968750e-01,-2.753610312938690186e-01,-4.034654051065444946e-02,-7.242321223020553589e-02,1.630701720714569092e-01,1.308449357748031616e-01,1.000000000000000000e+00,5.603141784667968750e-01,4.070730507373809814e-02,7.717204745858907700e-03,6.685502529144287109e-01,2.711186707019805908e-01,2.661163173615932465e-02,0.000000000000000000e+00,-1.437331363558769226e-02,-1.765376180410385132e-01,-6.240615621209144592e-02,0.000000000000000000e+00,0.000000000000000000e+00,-6.567005068063735962e-02,-1.035749986767768860e-01,3.924668133258819580e-01,-3.081976175308227539e-01,-3.699756264686584473e-01,-4.981742799282073975e-01,1.112957671284675598e-01,3.065862953662872314e-01,0.000000000000000000e+00,-2.554485760629177094e-02,-3.103764913976192474e-02,-3.119244277477264404e-01,1.507294327020645142e-01,-2.275030463933944702e-01,3.320372402667999268e-01,1.626299470663070679e-01,3.996995463967323303e-02,-2.461240738630294800e-01,-4.542845487594604492e-01,-1.919024586677551270e-01,-1.752532273530960083e-01,-2.661163508892059326e-01,-1.301714479923248291e-01,-3.311860933899879456e-02,0.000000000000000000e+00
-4.355028271675109863e-01,-2.042673528194427490e-01,-5.791014432907104492e-02,-1.725501120090484619e-01,3.507618978619575500e-02,2.949838899075984955e-02,7.680608332157135010e-02,-2.718856930732727051e-01,2.378351390361785889e-01,6.301838159561157227e-01,5.603141784667968750e-01,1.000000000000000000e+00,3.498851656913757324e-01,-2.269846200942993164e-01,4.987916946411132812e-01,5.446209311485290527e-01,1.694741398096084595e-01,0.000000000000000000e+00,1.662088632583618164e-01,1.484818756580352783e-01,1.631081849336624146e-02,0.000000000000000000e+00,0.000000000000000000e+00,1.242392882704734802e-02,1.313695013523101807e-01,1.580115854740142822e-01,-1.823845803737640381e-01,-2.838121950626373291e-01,-4.456445872783660889e-01,5.922635644674301147e-02,2.815155386924743652e-01,0.000000000000000000e+00,-6.924457848072052002e-02,1.385172307491302490e-01,-1.412431597709655762e-01,1.830616742372512817e-01,-1.603213697671890259e-02,3.899559676647186279e-01,4.643247723579406738e-01,3.866465762257575989e-02,-9.830840677022933960e-02,-2.141697555780410767e-01,6.336639821529388428e-02,-5.922925472259521484e-02,5.022527277469635010e-02,2.868807911872863770e-01,-4.113272950053215027e-02,0.000000000000000000e+00
-4.017588794231414795e-01,-1.711374074220657349e-01,-3.179614841938018799e-01,-3.445630669593811035e-01,-1.486957222223281860e-01,-1.309421211481094360e-01,-1.071046106517314911e-02,-6.813652515411376953e-01,-1.299142837524414062e-01,3.966676592826843262e-01,4.070730507373809814e-02,3.498851656913757324e-01,1.000000000000000000e+00,-1.362416744232177734e-01,1.575720012187957764e-01,5.126178860664367676e-01,4.235193133354187012e-01,0.000000000000000000e+00,3.179409503936767578e-01,5.695575475692749023e-01,2.452408224344253540e-01,0.000000000000000000e+00,0.000000000000000000e+00,3.573217689990997314e-01,2.523973286151885986e-01,-3.478886485099792480e-01,2.521329745650291443e-02,-2.590629458427429199e-01,-3.860006332397460938e-01,-2.765167318284511566e-02,4.728864133358001709e-01,0.000000000000000000e+00,-1.136495098471641541e-01,-6.009821221232414246e-02,-2.866664342582225800e-02,4.469893574714660645e-01,1.556189209222793579e-01,3.049018979072570801e-01,5.139274597167968750e-01,3.271851837635040283e-01,-1.022103950381278992e-01,-3.326417133212089539e-02,4.247199594974517822e-01,-2.566531002521514893e-01,-1.826458983123302460e-02,3.820054829120635986e-01,-6.324727833271026611e-02,0.000000000000000000e+00
4.336306080222129822e-02,8.560594171285629272e-02,-2.826288640499114990e-01,-1.340769231319427490e-01,-1.630244106054306030e-01,-9.060211479663848877e-02,-2.303501963615417480e-01,8.529067784547805786e-02,-3.196144849061965942e-02,-2.926112115383148193e-01,7.717204745858907700e-03,-2.269846200942993164e-01,-1.362416744232177734e-01,1.000000000000000000e+00,-7.674288004636764526e-03,-1.839536130428314209e-01,-4.048525542020797729e-02,0.000000000000000000e+00,-9.115818142890930176e-02,-2.913285605609416962e-02,1.274460703134536743e-01,0.000000000000000000e+00,0.000000000000000000e+00,9.617729485034942627e-02,8.803407102823257446e-02,-6.705901026725769043e-02,2.039223164319992065e-01,-7.457438111305236816e-02,-2.911700122058391571e-02,-2.833966538310050964e-02,9.738738089799880981e-02,0.000000000000000000e+00,7.036691159009933472e-02,-5.306696519255638123e-02,1.065728515386581421e-01,1.528728455305099487e-01,2.081997394561767578e-01,1.700027287006378174e-01,-4.587357118725776672e-02,3.035969138145446777e-01,-9.827996045351028442e-02,-4.567410051822662354e-02,-5.213585495948791504e-02,-3.808436682447791100e-03,-5.484117940068244934e-02,-2.770689874887466431e-02,-1.024086102843284607e-01,0.000000000000000000e+00
-4.139678180217742920e-01,-3.354223072528839111e-01,-5.138992145657539368e-02,-3.511187732219696045e-01,-2.826429605484008789e-01,-3.954915106296539307e-01,-4.160516709089279175e-02,-1.138663440942764282e-01,-6.232225522398948669e-02,2.610694766044616699e-01,6.685502529144287109e-01,4.987916946411132812e-01,1.575720012187957764e-01,-7.674288004636764526e-03,1.000000000000000000e+00,4.638248682022094727e-01,8.881840109825134277e-02,0.000000000000000000e+00,1.920621842145919800e-01,9.967016056180000305e-03,8.945796638727188110e-02,0.000000000000000000e+00,0.000000000000000000e+00,-2.070240378379821777e-01,-2.931118309497833252e-01,3.090292215347290039e-01,-2.882028818130493164e-01,-5.250653624534606934e-01,-4.565669894218444824e-01,3.067409992218017578e-01,3.671014010906219482e-01,0.000000000000000000e+00,2.729870937764644623e-02,2.345201820135116577e-01,-1.162946671247482300e-01,1.987544000148773193e-01,4.920435696840286255e-02,4.623882770538330078e-01,2.672185897827148438e-01,-6.727129220962524414e-02,-2.589114308357238770e-01,-3.946911394596099854e-01,-2.492194436490535736e-02,-2.309370785951614380e-01,-2.257791012525558472e-01,-1.080732494592666626e-01,-7.034509629011154175e-02,0.000000000000000000e+00
-4.014402627944946289e-01,-1.786495447158813477e-01,-1.561437994241714478e-01,-2.884761989116668701e-01,-9.589730948209762573e-02,-1.144451573491096497e-01,-4.788697510957717896e-02,-3.457863032817840576e-01,-9.233614057302474976e-02,5.145170688629150391e-01,2.711186707019805908e-01,5.446209311485290527e-01,5.126178860664367676e-01,-1.839535981416702271e-01,4.638248383998870850e-01,1.000000000000000000e+00,2.031509578227996826e-01,0.000000000000000000e+00,3.739250302314758301e-01,3.080748021602630615e-01,8.524229377508163452e-02,0.000000000000000000e+00,0.000000000000000000e+00,2.288308925926685333e-02,2.590797655284404755e-02,-3.810061141848564148e-02,-1.478370428085327148e-01,-3.183791041374206543e-01,-3.212623596191406250e-01,1.293048262596130371e-01,2.965235114097595215e-01,0.000000000000000000e+00,-7.407272607088088989e-02,1.398078203201293945e-01,2.020489238202571869e-02,2.748586833477020264e-01,1.367450505495071411e-01,2.691346704959869385e-01,5.806088447570800781e-01,5.307826772332191467e-02,-1.512126326560974121e-01,-1.522983461618423462e-01,2.363267838954925537e-01,-2.105035483837127686e-01,-6.079532671719789505e-03,3.036244809627532959e-01,-2.746156603097915649e-02,0.000000000000000000e+00
-3.839002251625061035e-01,-2.244940400123596191e-01,-2.641748487949371338e-01,-2.000096142292022705e-01,-2.318709194660186768e-01,-2.665770947933197021e-01,2.456254512071609497e-01,-3.368402719497680664e-01,-1.629068404436111450e-01,4.781815782189369202e-02,2.661163173615932465e-02,1.694741398096084595e-01,4.235193133354187012e-01,-4.048525542020797729e-02,8.881840109825134277e-02,2.031509429216384888e-01,1.000000000000000000e+00,0.000000000000000000e+00,4.334548711776733398e-01,1.598698198795318604e-01,-8.074273914098739624e-02,0.000000000000000000e+00,0.000000000000000000e+00,2.396427989006042480e-01,-1.898330152034759521e-01,-1.388259828090667725e-01,2.341477274894714355e-01,-2.544303238391876221e-01,-1.621374189853668213e-01,4.104882180690765381e-01,4.400257170200347900e-01,0.000000000000000000e+00,-1.008289009332656860e-01,-1.785798072814941406e-01,-2.447824627161026001e-01,2.342883348464965820e-01,3.514142706990242004e-02,4.645952209830284119e-02,1.029160395264625549e-01,1.198113039135932922e-01,-2.133795320987701416e-01,-9.652142971754074097e-02,5.631870627403259277e-01,-2.270159721374511719e-01,-1.607706993818283081e-01,3.634293675422668457e-01,1.259915083646774292e-01,0.000000000000000000e+00
0.000000000000000000e+00,0.000000000000000000e+00,0.000000000000000000e+00,0.000000000000000000e+00,0.000000000000000000e+00,0.000000000000000000e+00,0.000000000000000000e+00,0.000000000000000000e+00,0.000000000000000000e+00,0.000000000000000000e+00,0.000000000000000000e+00,0.000000000000000000e+00,0.000000000000000000e+00,0.000000000000000000e+00,0.000000000000000000e+00,0.000000000000000000e+00,0.000000000000000000e+00,1.000000000000000000e+00,0.000000000000000000e+00,0.000000000000000000e+00,0.000000000000000000e+00,0.000000000000000000e+00,0.000000000000000000e+00,0.000000000000000000e+00,0.000000000000000000e+00,0.000000000000000000e+00,0.000000000000000000e+00,0.000000000000000000e+00,0.000000000000000000e+00,0.000000000000000000e+00,0.000000000000000000e+00,0.000000000000000000e+00,0.000000000000000000e+00,0.000000000000000000e+00,0.000000000000000000e+00,0.000000000000000000e+00,0.000000000000000000e+00,0.000000000000000000e+00,0.000000000000000000e+00,0.000000000000000000e+00,0.000000000000000000e+00,0.000000000000000000e+00,0.000000000000000000e+00,0.000000000000000000e+00,0.000000000000000000e+00,0.000000000000000000e+00,0.000000000000000000e+00,0.000000000000000000e+00
-1.951410323381423950e-01,5.593949928879737854e-02,-2.549991607666015625e-01,-2.097628563642501831e-01,-5.870369449257850647e-02,-1.493995934724807739e-01,-1.162105128169059753e-01,-2.314890176057815552e-01,-2.563434541225433350e-01,2.611215412616729736e-01,-1.437331363558769226e-02,1.662088632583618164e-01,3.179409503936767578e-01,-9.115818142890930176e-02,1.920621842145919800e-01,3.739250302314758301e-01,4.334548711776733398e-01,0.000000000000000000e+00,1.000000000000000000e+00,1.616828739643096924e-01,-2.283093519508838654e-02,0.000000000000000000e+00,0.000000000000000000e+00,1.822008192539215088e-02,-2.079848796129226685e-01,-1.113705858588218689e-01,1.380926836282014847e-02,-3.036428093910217285e-01,2.100786194205284119e-02,3.997713327407836914e-01,8.238919824361801147e-02,0.000000000000000000e+00,1.018300503492355347e-01,1.536786109209060669e-01,-1.264817714691162109e-01,-3.526351973414421082e-02,2.519619464874267578e-01,4.362803325057029724e-02,3.582286089658737183e-02,-9.999030828475952148e-02,-2.171486557926982641e-04,-5.522989667952060699e-03,4.977562129497528076e-01,-1.187371313571929932e-01,-5.468519032001495361e-02,3.590144515037536621e-01,1.101410537958145142e-01,0.000000000000000000e+00
-2.862487137317657471e-01,6.475925445556640625e-03,-2.893822789192199707e-01,-2.287791073322296143e-01,-2.126507647335529327e-02,4.496741667389869690e-02,6.739987432956695557e-02,-5.961914658546447754e-01,-8.882220834493637085e-02,3.467865288257598877e-01,-1.765376180410385132e-01,1.484818905591964722e-01,5.695575475692749023e-01,-2.913285419344902039e-02,9.967015124857425690e-03,3.080748021602630615e-01,1.598698198795318604e-01,0.000000000000000000e+00,1.616828739643096924e-01,1.000000000000000000e+00,5.322735309600830078e-01,0.000000000000000000e+00,0.000000000000000000e+00,2.684635818004608154e-01,3.197176158428192139e-01,-4.256418943405151367e-01,1.298287510871887207e-01,-2.238288670778274536e-01,-2.132298201322555542e-01,-1.005365923047065735e-01,3.265824019908905029e-01,0.000000000000000000e+00,1.050973683595657349e-01,1.813711076974868774e-01,1.268610209226608276e-01,3.812983930110931396e-01,2.583028972148895264e-01,2.815186381340026855e-01,2.897818982601165771e-01,3.011022210121154785e-01,9.351442754268646240e-02,1.002409309148788452e-01,2.892805337905883789e-01,-2.671152651309967041e-01,1.556519865989685059e-01,2.183161675930023193e-01,-2.071855068206787109e-01,0.000000000000000000e+00
-9.385187178850173950e-02,5.254042521119117737e-02,-2.364204525947570801e-01,-4.064491763710975647e-02,-9.040799736976623535e-02,-3.524844348430633545e-02,6.255827099084854126e-02,-3.153648376464843750e-01,1.155794113874435425e-01,1.217637136578559875e-01,-6.240615621209144592e-02,1.631081849336624146e-02,2.452408224344253540e-01,1.274460703134536743e-01,8.945796638727188110e-02,8.524229377508163452e-02,-8.074273914098739624e-02,0.000000000000000000e+00,-2.283093519508838654e-02,5.322735309600830078e-01,1.000000000000000000e+00,0.000000000000000000e+00,0.000000000000000000e+00,5.965694412589073181e-02,1.900102049112319946e-01,-2.251660227775573730e-01,-2.888253889977931976e-02,-2.470309734344482422e-01,-2.855236530303955078e-01,-2.232596278190612793e-01,2.310019135475158691e-01,0.000000000000000000e+00,5.500660464167594910e-02,2.273136228322982788e-01,2.753311097621917725e-01,3.242121040821075439e-01,2.776168584823608398e-01,4.077442884445190430e-01,1.091144382953643799e-01,1.514299064874649048e-01,6.878393143415451050e-02,5.337556079030036926e-02,6.151656154543161392e-03,-7.277769595384597778e-02,1.687450557947158813e-01,-1.764838695526123047e-01,-1.707354485988616943e-01,0.000000000000000000e+00
0.000000000000000000e+00,0.000000000000000000e+00,0.000000000000000000e+00,0.000000000000000000e+00,0.000000000000000000e+00,0.000000000000000000e+00,0.000000000000000000e+00,0.000000000000000000e+00,0.000000000000000000e+00,0.000000000000000000e+00,0.000000000000000000e+00,0.000000000000000000e+00,0.000000000000000000e+00,0.000000000000000000e+00,0.000000000000000000e+00,0.000000000000000000e+00,0.000000000000000000e+00,0.000000000000000000e+00,0.000000000000000000e+00,0.000000000000000000e+00,0.000000000000000000e+00,1.000000000000000000e+00,0.000000000000000000e+00,0.000000000000000000e+00,0.000000000000000000e+00,0.000000000000000000e+00,0.000000000000000000e+00,0.000000000000000000e+00,0.000000000000000000e+00,0.000000000000000000e+00,0.000000000000000000e+00,0.000000000000000000e+00,0.000000000000000000e+00,0.000000000000000000e+00,0.000000000000000000e+00,0.000000000000000000e+00,0.000000000000000000e+00,0.000000000000000000e+00,0.000000000000000000e+00,0.000000000000000000e+00,0.000000000000000000e+00,0.000000000000000000e+00,0.000000000000000000e+00,0.000000000000000000e+00,0.000000000000000000e+00,0.000000000000000000e+00,0.000000000000000000e+00,0.000000000000000000e+00
0.000000000000000000e+00,0.000000000000000000e+00,0.000000000000000000e+00,0.000000000000000000e+00,0.000000000000000000e+00,0.000000000000000000e+00,0.000000000000000000e+00,0.000000000000000000e+00,0.000000000000000000e+00,0.000000000000000000e+00,0.000000000000000000e+00,0.000000000000000000e+00,0.000000000000000000e+00,0.000000000000000000e+00,0.000000000000000000e+00,0.000000000000000000e+00,0.000000000000000000e+00,0.000000000000000000e+00,0.000000000000000000e+00,0.000000000000000000e+00,0.000000000000000000e+00,0.000000000000000000e+00,1.000000000000000000e+00,0.000000000000000000e+00,0.000000000000000000e+00,0.000000000000000000e+00,0.000000000000000000e+00,0.000000000000000000e+00,0.000000000000000000e+00,0.000000000000000000e+00,0.000000000000000000e+00,0.000000000000000000e+00,0.000000000000000000e+00,0.000000000000000000e+00,0.000000000000000000e+00,0.000000000000000000e+00,0.000000000000000000e+00,0.000000000000000000e+00,0.000000000000000000e+00,0.000000000000000000e+00,0.000000000000000000e+00,0.000000000000000000e+00,0.000000000000000000e+00,0.000000000000000000e+00,0.000000000000000000e+00,0.000000000000000000e+00,0.000000000000000000e+00,0.000000000000000000e+00
-1.987981498241424561e-01,-1.819018274545669556e-01,-7.924988120794296265e-02,-8.134014904499053955e-02,-1.723092645406723022e-01,-6.973195075988769531e-02,1.497484743595123291e-02,-4.212527573108673096e-01,3.221232444047927856e-02,-5.227268859744071960e-02,-6.567005068063735962e-02,1.242392882704734802e-02,3.573217689990997314e-01,9.617729485034942627e-02,-2.070240378379821777e-01,2.288309112191200256e-02,2.396427989006042480e-01,0.000000000000000000e+00,1.822008192539215088e-02,2.684635818004608154e-01,5.965694412589073181e-02,0.000000000000000000e+00,0.000000000000000000e+00,1.000000000000000000e+00,3.207621872425079346e-01,-3.057578802108764648e-01,5.313378572463989258e-02,2.589642629027366638e-02,-1.961004883050918579e-01,-2.829617857933044434e-01,2.683821022510528564e-01,0.000000000000000000e+00,-1.534967720508575439e-01,-3.326485157012939453e-01,-1.671206504106521606e-01,2.348717451095581055e-01,-1.116298288106918335e-01,8.968593925237655640e-02,2.040359228849411011e-01,4.541815221309661865e-01,-1.367759704589843750e-01,-9.415987879037857056e-02,1.580895185470581055e-01,-1.535900980234146118e-01,-4.694401100277900696e-02,1.994396299123764038e-01,-8.799158781766891479e-02,0.000000000000000000e+00
-2.531982958316802979e-03,5.927467718720436096e-02,-8.928003162145614624e-02,5.303443968296051025e-02,1.818403750658035278e-01,3.153547644615173340e-01,-3.232088312506675720e-02,-2.803571522235870361e-01,1.301028877496719360e-01,1.543252021074295044e-01,-1.035749986767768860e-01,1.313695013523101807e-01,2.523973286151885986e-01,8.803407102823257446e-02,-2.931118309497833252e-01,2.590797655284404755e-02,-1.898330152034759521e-01,0.000000000000000000e+00,-2.079848796129226685e-01,3.197176158428192139e-01,1.900101900100708008e-01,0.000000000000000000e+00,0.000000000000000000e+00,3.207621872425079346e-01,1.000000000000000000e+00,-1.701211333274841309e-01,1.408470720052719116e-01,2.391784787178039551e-01,-2.159597426652908325e-01,-4.674664437770843506e-01,5.832580476999282837e-02,0.000000000000000000e+00,-7.473807781934738159e-02,-6.161406263709068298e-02,1.247506588697433472e-01,2.106180787086486816e-01,-5.650105327367782593e-02,1.083546578884124756e-01,2.863872647285461426e-01,4.364216625690460205e-01,1.214074715971946716e-01,7.731623947620391846e-02,-1.544295847415924072e-01,1.475911587476730347e-03,8.438450098037719727e-02,1.675463616847991943e-01,-2.137650251388549805e-01,0.000000000000000000e+00
-6.288500130176544189e-02,-2.474550008773803711e-01,5.470617413520812988e-01,3.121187686920166016e-01,1.787425763905048370e-02,-6.408786773681640625e-02,2.587967216968536377e-01,3.655150234699249268e-01,-1.455558743327856064e-02,-9.024412930011749268e-02,3.924668133258819580e-01,1.580115854740142822e-01,-3.478886485099792480e-01,-6.705901026725769043e-02,3.090292215347290039e-01,-3.810061141848564148e-02,-1.388259828090667725e-01,0.000000000000000000e+00,-1.113705858588218689e-01,-4.256418943405151367e-01,-2.251660227775573730e-01,0.000000000000000000e+00,0.000000000000000000e+00,-3.057578802108764648e-01,-1.701211482286453247e-01,1.000000000000000000e+00,-1.154343038797378540e-01,1.946397274732589722e-01,4.871918261051177979e-02,1.609867364168167114e-01,-3.223473951220512390e-02,0.000000000000000000e+00,-1.927589327096939087e-01,1.295050233602523804e-01,-1.537528336048126221e-01,-1.812964826822280884e-01,-3.066491186618804932e-01,2.597639150917530060e-02,-1.286094337701797485e-01,-3.088790774345397949e-01,-1.103510558605194092e-01,-3.008891940116882324e-01,-4.472897052764892578e-01,5.649470165371894836e-02,-2.262344211339950562e-01,-3.368156552314758301e-01,7.174094766378402710e-02,0.000000000000000000e+00
4.782130196690559387e-02,2.542713284492492676e-01,-3.249854147434234619e-01,-5.678145214915275574e-02,1.843411028385162354e-01,2.431736290454864502e-01,-6.912194937467575073e-02,2.622557431459426880e-02,-1.028261557221412659e-01,-3.556594252586364746e-02,-3.081976175308227539e-01,-1.823845803737640381e-01,2.521329745650291443e-02,2.039223164319992065e-01,-2.882028818130493164e-01,-1.478370428085327148e-01,2.341477274894714355e-01,0.000000000000000000e+00,1.380926836282014847e-02,1.298287510871887207e-01,-2.888253889977931976e-02,0.000000000000000000e+00,0.000000000000000000e+00,5.313378572463989258e-02,1.408470720052719116e-01,-1.154343038797378540e-01,1.000000000000000000e+00,2.160293012857437134e-01,2.499528080224990845e-01,1.009305343031883240e-01,-2.479997649788856506e-02,0.000000000000000000e+00,2.429567873477935791e-01,1.068015024065971375e-01,1.193658728152513504e-02,-1.467810216126963496e-04,2.554689049720764160e-01,-2.040929943323135376e-01,-8.570864796638488770e-02,8.597228676080703735e-02,3.007011413574218750e-01,3.756514191627502441e-01,1.977068185806274414e-01,-8.150557428598403931e-02,8.854172378778457642e-02,3.228988945484161377e-01,3.329959139227867126e-02,0.000000000000000000e+00
3.422928154468536377e-01,1.032002791762351990e-01,4.071809947490692139e-01,4.821100234985351562e-01,1.680623292922973633e-01,2.615419626235961914e-01,1.228675171732902527e-01,3.200728893280029297e-01,9.041623212397098541e-03,-1.935180127620697021e-01,-3.699756264686584473e-01,-2.838121950626373291e-01,-2.590629458427429199e-01,-7.457438111305236816e-02,-5.250653624534606934e-01,-3.183791041374206543e-01,-2.544303238391876221e-01,0.000000000000000000e+00,-3.036428093910217285e-01,-2.238288521766662598e-01,-2.470309734344482422e-01,0.000000000000000000e+00,0.000000000000000000e+00,2.589642629027366638e-02,2.391784787178039551e-01,1.946397274732589722e-01,2.160293012857437134e-01,1.000000000000000000e+00,4.611836969852447510e-01,-2.273987084627151489e-01,-2.874549925327301025e-01,0.000000000000000000e+00,-2.571175098419189453e-01,-1.621094197034835815e-01,1.061317548155784607e-01,-2.426031529903411865e-01,-2.968212664127349854e-01,-4.320592582225799561e-01,-1.347348093986511230e-01,-4.334473609924316406e-02,3.838726505637168884e-02,1.450250744819641113e-01,-2.991612851619720459e-01,2.437215894460678101e-01,8.102839440107345581e-02,-5.271957814693450928e-02,5.860593169927597046e-02,0.000000000000000000e+00
4.398967027664184570e-01,4.339475929737091064e-01,1.651666164398193359e-01,3.460205793380737305e-01,2.671164274215698242e-01,2.908345162868499756e-01,3.505016863346099854e-02,4.279416799545288086e-01,-1.083583384752273560e-01,-1.736850589513778687e-01,-4.981742799282073975e-01,-4.456445872783660889e-01,-3.860006332397460938e-01,-2.911700122058391571e-02,-4.565669894218444824e-01,-3.212623894214630127e-01,-1.621374189853668213e-01,0.000000000000000000e+00,2.100786194205284119e-02,-2.132298052310943604e-01,-2.855236530303955078e-01,0.000000000000000000e+00,0.000000000000000000e+00,-1.961004883050918579e-01,-2.159597426652908325e-01,4.871918261051177979e-02,2.499528080224990845e-01,4.611836969852447510e-01,1.000000000000000000e+00,1.327921301126480103e-01,-4.791769981384277344e-01,0.000000000000000000e+00,1.573159992694854736e-01,1.070345491170883179e-01,1.086809411644935608e-01,-4.462931156158447266e-01,6.405267119407653809e-02,-4.886912107467651367e-01,-4.069909155368804932e-01,-3.231011927127838135e-01,2.991735041141510010e-01,3.426380157470703125e-01,2.312291879206895828e-03,2.334146052598953247e-01,1.959133595228195190e-01,-2.223780564963817596e-02,1.906202137470245361e-01,0.000000000000000000e+00
-1.426343172788619995e-01,-9.911885112524032593e-02,-3.993248566985130310e-02,-1.836727857589721680e-01,-1.439002007246017456e-01,-2.536699473857879639e-01,1.462231427431106567e-01,1.745063960552215576e-01,-1.771786361932754517e-01,7.968012243509292603e-02,1.112957671284675598e-01,5.922636017203330994e-02,-2.765167132019996643e-02,-2.833966538310050964e-02,3.067410290241241455e-01,1.293048262596130371e-01,4.104882180690765381e-01,0.000000000000000000e+00,3.997713327407836914e-01,-1.005365923047065735e-01,-2.232596278190612793e-01,0.000000000000000000e+00,0.000000000000000000e+00,-2.829618155956268311e-01,-4.674664735794067383e-01,1.609867364168167114e-01,1.009305343031883240e-01,-2.273986935615539551e-01,1.327921301126480103e-01,1.000000000000000000e+00,1.577902734279632568e-01,0.000000000000000000e+00,-2.961806394159793854e-02,9.205815196037292480e-02,-5.054398253560066223e-02,-3.453542664647102356e-02,5.507379770278930664e-03,-8.919006586074829102e-02,-1.277464181184768677e-01,-2.872400283813476562e-01,-1.698941886425018311e-01,-1.880495809018611908e-02,3.429499864578247070e-01,-1.483137309551239014e-01,-4.733191803097724915e-02,9.479948133230209351e-02,1.498876214027404785e-01,0.000000000000000000e+00
-6.050804853439331055e-01,-5.633195638656616211e-01,-9.687190502882003784e-02,-2.433331161737442017e-01,-5.101115107536315918e-01,-4.332654178142547607e-01,3.205016851425170898e-01,-4.787597656250000000e-01,-1.086305752396583557e-01,-3.776165843009948730e-02,3.065862953662872314e-01,2.815155386924743652e-01,4.728864133358001709e-01,9.738738089799880981e-02,3.671014010906219482e-01,2.965235114097595215e-01,4.400257170200347900e-01,0.000000000000000000e+00,8.238919824361801147e-02,3.265824317932128906e-01,2.310019135475158691e-01,0.000000000000000000e+00,0.000000000000000000e+00,2.683821022510528564e-01,5.832580476999282837e-02,-3.223473951220512390e-02,-2.479997649788856506e-02,-2.874549925327301025e-01,-4.791769981384277344e-01,1.577902585268020630e-01,1.000000000000000000e+00,0.000000000000000000e+00,-2.560781538486480713e-01,-8.891836553812026978e-02,-5.051763355731964111e-02,6.892737150192260742e-01,-1.503736525774002075e-01,4.074903130531311035e-01,3.801438212394714355e-01,4.122921526432037354e-01,-4.349887371063232422e-01,-3.852043449878692627e-01,8.439288288354873657e-02,-4.780663549900054932e-01,-2.413559854030609131e-01,-8.083181083202362061e-02,-3.203031420707702637e-02,0.000000000000000000e+00
0.000000000000000000e+00,0.000000000000000000e+00,0.000000000000000000e+00,0.000000000000000000e+00,0.000000000000000000e+00,0.000000000000000000e+00,0.000000000000000000e+00,0.000000000000000000e+00,0.000000000000000000e+00,0.000000000000000000e+00,0.000000000000000000e+00,0.000000000000000000e+00,0.000000000000000000e+00,0.000000000000000000e+00,0.000000000000000000e+00,0.000000000000000000e+00,0.000000000000000000e+00,0.000000000000000000e+00,0.000000000000000000e+00,0.000000000000000000e+00,0.000000000000000000e+00,0.000000000000000000e+00,0.000000000000000000e+00,0.000000000000000000e+00,0.000000000000000000e+00,0.000000000000000000e+00,0.000000000000000000e+00,0.000000000000000000e+00,0.000000000000000000e+00,0.000000000000000000e+00,0.000000000000000000e+00,1.000000000000000000e+00,0.000000000000000000e+00,0.000000000000000000e+00,0.000000000000000000e+00,0.000000000000000000e+00,0.000000000000000000e+00,0.000000000000000000e+00,0.000000000000000000e+00,0.000000000000000000e+00,0.000000000000000000e+00,0.000000000000000000e+00,0.000000000000000000e+00,0.000000000000000000e+00,0.000000000000000000e+00,0.000000000000000000e+00,0.000000000000000000e+00,0.000000000000000000e+00
