1.000000000000000000e+00,8.237434923648834229e-02,1.622598804533481598e-02,1.807460635900497437e-01,2.173965573310852051e-01,1.986902952194213867e-01,1.655448973178863525e-01,-2.071761786937713623e-01,-1.451019495725631714e-01,-2.247039526700973511e-01,-1.364407837390899658e-01,-2.953791320323944092e-01,1.239073947072029114e-01,-2.210440188646316528e-01,-2.781684398651123047e-01,-3.252642601728439331e-02,1.279957145452499390e-01,0.000000000000000000e+00,-8.639418333768844604e-02,0.000000000000000000e+00,0.000000000000000000e+00,0.000000000000000000e+00,0.000000000000000000e+00,-1.835245490074157715e-01,6.811001896858215332e-02,2.757110074162483215e-02,-4.149077832698822021e-02,3.372588157653808594e-01,1.635384559631347656e-01,-1.077626422047615051e-01,-1.319036632776260376e-01,0.000000000000000000e+00,1.035923287272453308e-01,-2.485062181949615479e-01,-6.800761818885803223e-02,-1.005435083061456680e-02,-1.942956745624542236e-01,-1.162847056984901428e-01,-1.009680852293968201e-01,4.664806276559829712e-02,2.715326547622680664e-01,1.703031361103057861e-02,4.846794158220291138e-02,-1.233085021376609802e-01,-2.616374380886554718e-02,-4.145463928580284119e-02,0.000000000000000000e+00,0.000000000000000000e+00
8.237434178590774536e-02,1.000000000000000000e+00,-5.409597754478454590e-01,-2.300519794225692749e-01,6.012262105941772461e-01,3.525962829589843750e-01,-1.886389702558517456e-01,2.975350916385650635e-01,2.267927378416061401e-01,1.749328970909118652e-01,2.432979345321655273e-01,3.938832506537437439e-02,-1.952519118785858154e-01,3.395185768604278564e-01,-1.620195209980010986e-01,-8.678042888641357422e-02,2.026000767946243286e-01,0.000000000000000000e+00,-1.968387812376022339e-01,0.000000000000000000e+00,0.000000000000000000e+00,0.000000000000000000e+00,0.000000000000000000e+00,-1.615187078714370728e-01,-1.157666742801666260e-01,-9.297298640012741089e-02,-2.139791697263717651e-01,-1.028665453195571899e-01,4.007106125354766846e-01,-2.832038998603820801e-01,-6.939309835433959961e-02,0.000000000000000000e+00,4.829762279987335205e-01,3.556328117847442627e-01,5.558238029479980469e-01,1.289714574813842773e-01,3.644405901432037354e-01,4.302157759666442871e-01,5.817925184965133667e-02,3.750796616077423096e-01,6.371403336524963379e-01,5.686634778976440430e-01,-1.564967334270477295e-01,5.878364443778991699e-01,5.732639431953430176e-01,2.046186625957489014e-01,0.000000000000000000e+00,0.000000000000000000e+00
1.622598990797996521e-02,-5.409597754478454590e-01,1.000000000000000000e+00,2.583840489387512207e-01,-4.362888634204864502e-01,-6.681005656719207764e-02,4.061985909938812256e-01,-4.648677408695220947e-01,1.292632818222045898e-01,-1.128486543893814087e-01,-3.439496755599975586e-01,-1.492951661348342896e-01,4.233396351337432861e-01,-5.251586437225341797e-01,2.470784932374954224e-01,-1.401459574699401855e-01,-1.071407645940780640e-01,0.000000000000000000e+00,8.076643943786621094e-02,0.000000000000000000e+00,0.000000000000000000e+00,0.000000000000000000e+00,0.000000000000000000e+00,3.420688509941101074e-01,1.904841326177120209e-02,4.961160942912101746e-02,3.289344310760498047e-01,3.430334925651550293e-01,-4.468566179275512695e-01,4.302202463150024414e-01,1.227475330233573914e-02,0.000000000000000000e+00,-5.120960474014282227e-01,-5.278446078300476074e-01,-5.580319166183471680e-01,3.743287548422813416e-02,-5.993240475654602051e-01,-4.736348390579223633e-01,1.595337502658367157e-02,-5.715037584304809570e-01,-2.914731502532958984e-01,-2.132134139537811279e-01,3.861995339393615723e-01,-3.299438953399658203e-01,-2.907817065715789795e-01,-1.963942199945449829e-01,0.000000000000000000e+00,0.000000000000000000e+00
1.807460635900497437e-01,-2.300519794225692749e-01,2.583840489387512207e-01,1.000000000000000000e+00,-6.384257972240447998e-02,1.919930577278137207e-01,4.933519661426544189e-01,-5.197626352310180664e-01,-4.075562655925750732e-01,-3.667480349540710449e-01,-2.850874662399291992e-01,-1.633780151605606079e-01,-9.117533266544342041e-02,-2.983870506286621094e-01,-1.717008650302886963e-01,-7.282210141420364380e-02,3.975776731967926025e-01,0.000000000000000000e+00,2.495316714048385620e-01,0.000000000000000000e+00,0.000000000000000000e+00,0.000000000000000000e+00,0.000000000000000000e+00,-2.268580198287963867e-01,-8.091928064823150635e-02,6.317620277404785156e-01,-3.230142174288630486e-03,2.341561317443847656e-01,1.538221389055252075e-01,4.303260147571563721e-01,3.148683905601501465e-01,0.000000000000000000e+00,-1.948168128728866577e-01,-3.822903633117675781e-01,-3.614443838596343994e-01,5.819821357727050781e-02,-3.031591176986694336e-01,-1.735528111457824707e-01,-4.090547189116477966e-02,9.568905830383300781e-02,-2.092959582805633545e-01,-3.140927851200103760e-01,4.468925297260284424e-01,-2.896934449672698975e-01,-2.632284164428710938e-01,1.013454943895339966e-01,0.000000000000000000e+00,0.000000000000000000e+00
2.173965424299240112e-01,6.012262105941772461e-01,-4.362888634204864502e-01,-6.384257972240447998e-02,1.000000000000000000e+00,6.263580918312072754e-01,7.338549941778182983e-02,1.053159609436988831e-01,8.204682916402816772e-02,-1.733484864234924316e-02,1.463828384876251221e-01,-4.315609857439994812e-02,1.131578162312507629e-02,2.421553581953048706e-01,-1.569656431674957275e-01,-1.585978865623474121e-01,2.184953838586807251e-01,0.000000000000000000e+00,-1.975496262311935425e-01,0.000000000000000000e+00,0.000000000000000000e+00,0.000000000000000000e+00,0.000000000000000000e+00,-2.011752575635910034e-01,-2.851860597729682922e-02,-1.362056285142898560e-01,-1.629523187875747681e-01,1.554307937622070312e-01,4.319835603237152100e-01,-1.748470962047576904e-01,3.237339481711387634e-02,0.000000000000000000e+00,3.962852656841278076e-01,1.975771933794021606e-01,4.296000301837921143e-01,1.894859671592712402e-01,3.075816035270690918e-01,3.475978374481201172e-01,1.295233070850372314e-01,3.364318013191223145e-01,6.340776085853576660e-01,4.833575785160064697e-01,-1.812366992235183716e-01,3.563572466373443604e-01,3.088747859001159668e-01,4.605895653367042542e-02,0.000000000000000000e+00,0.000000000000000000e+00
1.986903101205825806e-01,3.525962829589843750e-01,-6.681005656719207764e-02,1.919930577278137207e-01,6.263580918312072754e-01,1.000000000000000000e+00,5.029559731483459473e-01,-3.411549329757690430e-02,1.847641617059707642e-01,-2.117340117692947388e-01,-1.349992454051971436e-01,-3.191061615943908691e-01,1.028745770454406738e-01,-1.981930062174797058e-02,-1.134258359670639038e-01,-3.630363941192626953e-01,2.914724051952362061e-01,0.000000000000000000e+00,-1.017484366893768311e-01,0.000000000000000000e+00,0.000000000000000000e+00,0.000000000000000000e+00,0.000000000000000000e+00,-1.787899285554885864e-01,-6.703130900859832764e-02,1.709874346852302551e-02,-3.618573769927024841e-02,3.917663693428039551e-01,3.232811689376831055e-01,9.871589392423629761e-02,7.031089067459106445e-02,0.000000000000000000e+00,9.546118229627609253e-02,-5.836646258831024170e-02,1.966162174940109253e-01,4.657752811908721924e-01,-1.657175645232200623e-02,2.418797612190246582e-01,3.595617711544036865e-01,1.195059865713119507e-01,5.634530186653137207e-01,3.257111012935638428e-01,1.106814369559288025e-01,2.779642343521118164e-01,1.135553345084190369e-01,-1.328763514757156372e-01,0.000000000000000000e+00,0.000000000000000000e+00
1.655448824167251587e-01,-1.886389702558517456e-01,4.061985909938812256e-01,4.933519661426544189e-01,7.338549941778182983e-02,5.029559731483459473e-01,1.000000000000000000e+00,-3.446358740329742432e-01,-8.585498668253421783e-03,-2.392489165067672729e-01,-3.946629464626312256e-01,-3.194509446620941162e-01,2.759652733802795410e-01,-3.263560831546783447e-01,5.870060250163078308e-02,-6.836176663637161255e-02,3.733217418193817139e-01,0.000000000000000000e+00,6.068792939186096191e-02,0.000000000000000000e+00,0.000000000000000000e+00,0.000000000000000000e+00,0.000000000000000000e+00,-4.993306100368499756e-02,4.492783918976783752e-02,1.779073178768157959e-01,9.806583821773529053e-02,4.422744512557983398e-01,-2.139960229396820068e-02,3.820644617080688477e-01,2.124147117137908936e-01,0.000000000000000000e+00,-2.641306519508361816e-01,-2.927422821521759033e-01,-1.797603666782379150e-01,4.609343409538269043e-01,-3.129531443119049072e-01,-2.427631802856922150e-02,3.522608876228332520e-01,-9.055951237678527832e-02,1.248761713504791260e-01,-8.172549307346343994e-02,4.156471490859985352e-01,-1.350516974925994873e-01,-1.956030875444412231e-01,-7.069832086563110352e-02,0.000000000000000000e+00,0.000000000000000000e+00
-2.071761786937713623e-01,2.975350916385650635e-01,-4.648677408695220947e-01,-5.197626352310180664e-01,1.053159609436988831e-01,-3.411549329757690430e-02,-3.446358740329742432e-01,1.000000000000000000e+00,3.794743418693542480e-01,1.392295211553573608e-01,4.938059449195861816e-01,1.715523898601531982e-01,-1.877128481864929199e-01,6.272159218788146973e-01,1.864385902881622314e-01,1.180195882916450500e-01,-1.807416379451751709e-01,0.000000000000000000e+00,-2.518637180328369141e-01,0.000000000000000000e+00,0.000000000000000000e+00,0.000000000000000000e+00,0.000000000000000000e+00,-2.987352572381496429e-02,3.023751638829708099e-02,-3.531059622764587402e-01,-2.491160631179809570e-01,-4.263994395732879639e-01,-7.336834073066711426e-02,-5.928968787193298340e-01,-2.386131733655929565e-01,0.000000000000000000e+00,5.363565087318420410e-01,6.548457145690917969e-01,5.407214760780334473e-01,-1.447906158864498138e-02,6.623435020446777344e-01,5.458989739418029785e-01,9.752930700778961182e-02,2.083823680877685547e-01,1.617249101400375366e-01,4.224399477243423462e-02,-5.105516314506530762e-01,3.316773772239685059e-01,6.649938970804214478e-02,-2.634517252445220947e-01,0.000000000000000000e+00,0.000000000000000000e+00
-1.451019495725631714e-01,2.267927378416061401e-01,1.292632818222045898e-01,-4.075562655925750732e-01,8.204682916402816772e-02,1.847641617059707642e-01,-8.585498668253421783e-03,3.794743418693542480e-01,1.000000000000000000e+00,3.596421182155609131e-01,3.371778130531311035e-01,2.112841308116912842e-01,2.922782003879547119e-01,6.330043077468872070e-02,4.898780584335327148e-01,-1.813580095767974854e-01,-2.081026732921600342e-01,0.000000000000000000e+00,-2.715381383895874023e-01,0.000000000000000000e+00,0.000000000000000000e+00,0.000000000000000000e+00,0.000000000000000000e+00,2.756288349628448486e-01,-4.898230731487274170e-02,-3.972507417201995850e-01,1.612173207104206085e-02,-1.798984259366989136e-01,-3.812806308269500732e-01,-2.672283351421356201e-01,-2.744740247726440430e-01,0.000000000000000000e+00,5.193248391151428223e-02,2.226599752902984619e-01,3.376427292823791504e-01,2.753032147884368896e-01,1.963268220424652100e-02,3.359953761100769043e-01,2.407920062541961670e-01,-3.335432410240173340e-01,2.667670845985412598e-01,2.503222525119781494e-01,-1.172529160976409912e-01,5.785369277000427246e-01,1.106622740626335144e-01,-2.458317577838897705e-01,0.000000000000000000e+00,0.000000000000000000e+00
-2.247039675712585449e-01,1.749329119920730591e-01,-1.128486543893814087e-01,-3.667480349540710449e-01,-1.733484864234924316e-02,-2.117339968681335449e-01,-2.392489314079284668e-01,1.392295211553573608e-01,3.596421182155609131e-01,1.000000000000000000e+00,3.082465231418609619e-01,5.792562365531921387e-01,7.672204822301864624e-02,7.199024409055709839e-02,9.668412059545516968e-02,1.880155354738235474e-01,-1.278107613325119019e-01,0.000000000000000000e+00,-9.341171383857727051e-02,0.000000000000000000e+00,0.000000000000000000e+00,0.000000000000000000e+00,0.000000000000000000e+00,1.321092545986175537e-01,-1.127796992659568787e-01,-4.269345104694366455e-01,-2.514728717505931854e-02,-2.424758374691009521e-01,-2.091849595308303833e-01,-8.712179958820343018e-02,1.510294899344444275e-02,0.000000000000000000e+00,2.515860460698604584e-02,6.954020261764526367e-02,2.962628901004791260e-01,7.190842181444168091e-02,1.096527948975563049e-01,1.691099107265472412e-01,8.350422978401184082e-02,2.186780236661434174e-02,1.001216564327478409e-02,2.899860143661499023e-01,4.058586061000823975e-02,5.087081193923950195e-01,4.538786709308624268e-01,4.033658504486083984e-01,0.000000000000000000e+00,0.000000000000000000e+00
-1.364407837390899658e-01,2.432979345321655273e-01,-3.439496755599975586e-01,-2.850874662399291992e-01,1.463828384876251221e-01,-1.349992454051971436e-01,-3.946629464626312256e-01,4.938059449195861816e-01,3.371778130531311035e-01,3.082465231418609619e-01,1.000000000000000000e+00,6.328042745590209961e-01,-1.554673165082931519e-01,5.393944978713989258e-01,1.787716895341873169e-01,1.049413010478019714e-01,-7.026667147874832153e-02,0.000000000000000000e+00,-2.536162137985229492e-01,0.000000000000000000e+00,0.000000000000000000e+00,0.000000000000000000e+00,0.000000000000000000e+00,-6.898369640111923218e-02,-4.515463858842849731e-02,-1.848747581243515015e-01,-3.740668892860412598e-01,-4.510732293128967285e-01,2.696813270449638367e-02,-3.355075716972351074e-01,9.570018947124481201e-02,0.000000000000000000e+00,2.910414934158325195e-01,5.167835950851440430e-01,5.088500380516052246e-01,-1.007974073290824890e-01,4.494051337242126465e-01,4.010402262210845947e-01,-1.198722869157791138e-01,2.959543466567993164e-01,-2.834259904921054840e-02,2.154634147882461548e-01,-2.350533008575439453e-01,2.999049723148345947e-01,2.352490723133087158e-01,5.288959294557571411e-02,0.000000000000000000e+00,0.000000000000000000e+00
-2.953791618347167969e-01,3.938832506537437439e-02,-1.492951661348342896e-01,-1.633780151605606079e-01,-4.315609857439994812e-02,-3.191061615943908691e-01,-3.194509446620941162e-01,1.715523898601531982e-01,2.112841308116912842e-01,5.792562365531921387e-01,6.328042745590209961e-01,1.000000000000000000e+00,-8.759092539548873901e-02,2.412317693233489990e-01,2.548904120922088623e-01,2.585411667823791504e-01,-1.015729531645774841e-01,0.000000000000000000e+00,-3.178096935153007507e-02,0.000000000000000000e+00,0.000000000000000000e+00,0.000000000000000000e+00,0.000000000000000000e+00,3.184479475021362305e-02,-1.864937245845794678e-01,-1.659959703683853149e-01,-2.435177862644195557e-01,-4.198517501354217529e-01,-1.215503886342048645e-01,-2.189676910638809204e-01,1.066891700029373169e-01,0.000000000000000000e+00,7.513464987277984619e-02,1.892649531364440918e-01,2.888866662979125977e-01,-8.781789243221282959e-02,1.731620728969573975e-01,1.820712387561798096e-01,-3.217787668108940125e-02,1.304401606321334839e-01,-1.593206524848937988e-01,7.077942043542861938e-02,-3.002659976482391357e-02,2.536129951477050781e-01,2.017237842082977295e-01,3.068419992923736572e-01,0.000000000000000000e+00,0.000000000000000000e+00
1.239073947072029114e-01,-1.952519118785858154e-01,4.233396351337432861e-01,-9.117533266544342041e-02,1.131578162312507629e-02,1.028745770454406738e-01,2.759652733802795410e-01,-1.877128481864929199e-01,2.922782003879547119e-01,7.672204822301864624e-02,-1.554673165082931519e-01,-8.759092539548873901e-02,1.000000000000000000e+00,-3.824701309204101562e-01,1.779710054397583008e-01,-1.443796008825302124e-01,-1.571540683507919312e-01,0.000000000000000000e+00,-1.990767568349838257e-01,0.000000000000000000e+00,0.000000000000000000e+00,0.000000000000000000e+00,0.000000000000000000e+00,2.210187464952468872e-01,4.814412444829940796e-02,-3.453120589256286621e-01,3.396640717983245850e-01,3.262138664722442627e-01,-2.907550632953643799e-01,1.186447888612747192e-01,-6.206572428345680237e-02,0.000000000000000000e+00,-2.857362031936645508e-01,-2.425039857625961304e-01,-1.509145796298980713e-01,1.472731232643127441e-01,-2.968837022781372070e-01,-1.188086271286010742e-01,1.314679980278015137e-01,-3.803019821643829346e-01,1.309595555067062378e-01,3.299823775887489319e-02,3.698952496051788330e-02,4.795150458812713623e-02,-1.310792863368988037e-01,-1.795444637537002563e-01,0.000000000000000000e+00,0.000000000000000000e+00
-2.210440188646316528e-01,3.395185768604278564e-01,-5.251586437225341797e-01,-2.983870506286621094e-01,2.421553581953048706e-01,-1.981930062174797058e-02,-3.263560831546783447e-01,6.272159218788146973e-01,6.330043077468872070e-02,7.199025154113769531e-02,5.393944978713989258e-01,2.412317693233489990e-01,-3.824701309204101562e-01,1.000000000000000000e+00,-2.279289439320564270e-02,1.163930073380470276e-01,1.187179461121559143e-01,0.000000000000000000e+00,-1.451659798622131348e-01,0.000000000000000000e+00,0.000000000000000000e+00,0.000000000000000000e+00,0.000000000000000000e+00,-1.390706300735473633e-01,4.340893402695655823e-02,-1.567724347114562988e-01,-3.527655899524688721e-01,-3.194111287593841553e-01,2.563931643962860107e-01,-3.257524669170379639e-01,4.064226150512695312e-02,0.000000000000000000e+00,5.184377431869506836e-01,5.660457015037536621e-01,4.572836160659790039e-01,-1.171400994062423706e-01,7.129273414611816406e-01,3.801871538162231445e-01,-7.581663876771926880e-02,5.279630422592163086e-01,3.888740018010139465e-02,2.095341384410858154e-01,-3.083756268024444580e-01,1.549980342388153076e-01,2.453768402338027954e-01,-4.670017585158348083e-02,0.000000000000000000e+00,0.000000000000000000e+00
-2.781684398651123047e-01,-1.620195209980010986e-01,2.470784932374954224e-01,-1.717008650302886963e-01,-1.569656431674957275e-01,-1.134258359670639038e-01,5.870060250163078308e-02,1.864385902881622314e-01,4.898780584335327148e-01,9.668412804603576660e-02,1.787716895341873169e-01,2.548904120922088623e-01,1.779710054397583008e-01,-2.279289439320564270e-02,1.000000000000000000e+00,1.593677103519439697e-01,-3.544453680515289307e-01,0.000000000000000000e+00,-2.495996840298175812e-02,0.000000000000000000e+00,0.000000000000000000e+00,0.000000000000000000e+00,0.000000000000000000e+00,3.889542222023010254e-01,9.477202780544757843e-03,-9.525218605995178223e-02,-9.623054414987564087e-03,-2.323383241891860962e-01,-4.867954254150390625e-01,-1.569398790597915649e-01,-1.532424986362457275e-01,0.000000000000000000e+00,-1.060299426317214966e-01,1.859181374311447144e-01,1.290664076805114746e-01,2.476152032613754272e-01,-1.029005870223045349e-01,2.892782688140869141e-01,4.035671949386596680e-01,-4.593949615955352783e-01,7.641051895916461945e-03,-1.818604022264480591e-01,-1.307126879692077637e-01,1.124703660607337952e-01,-2.878963351249694824e-01,-3.094141781330108643e-01,0.000000000000000000e+00,0.000000000000000000e+00
-3.252642601728439331e-02,-8.678042888641357422e-02,-1.401459574699401855e-01,-7.282210141420364380e-02,-1.585978865623474121e-01,-3.630363941192626953e-01,-6.836176663637161255e-02,1.180195882916450500e-01,-1.813580095767974854e-01,1.880155503749847412e-01,1.049413010478019714e-01,2.585411667823791504e-01,-1.443796008825302124e-01,1.163930073380470276e-01,1.593677103519439697e-01,1.000000000000000000e+00,-8.373603224754333496e-03,0.000000000000000000e+00,1.447206884622573853e-01,0.000000000000000000e+00,0.000000000000000000e+00,0.000000000000000000e+00,0.000000000000000000e+00,6.078331731259822845e-03,3.169510141015052795e-02,6.761574000120162964e-02,-1.741523891687393188e-01,-2.009266912937164307e-01,-3.200308606028556824e-02,-1.211651116609573364e-01,1.215106472373008728e-01,0.000000000000000000e+00,1.800474375486373901e-01,2.176105082035064697e-01,6.647738069295883179e-02,-1.398230344057083130e-01,1.371256262063980103e-01,-6.129037588834762573e-03,5.982161685824394226e-02,1.480690836906433105e-01,-1.915013641119003296e-01,-1.684719473123550415e-01,-5.866874009370803833e-02,-1.931659728288650513e-01,-1.882475614547729492e-02,2.048594057559967041e-01,0.000000000000000000e+00,0.000000000000000000e+00
1.279957145452499390e-01,2.026000767946243286e-01,-1.071407645940780640e-01,3.975776731967926025e-01,2.184953838586807251e-01,2.914724051952362061e-01,3.733217418193817139e-01,-1.807416379451751709e-01,-2.081026732921600342e-01,-1.278107613325119019e-01,-7.026667147874832153e-02,-1.015729531645774841e-01,-1.571540683507919312e-01,1.187179461121559143e-01,-3.544453680515289307e-01,-8.373603224754333496e-03,1.000000000000000000e+00,0.000000000000000000e+00,4.452922195196151733e-02,0.000000000000000000e+00,0.000000000000000000e+00,0.000000000000000000e+00,0.000000000000000000e+00,-3.000575006008148193e-01,-2.041364647448062897e-02,2.857297956943511963e-01,-5.987189710140228271e-02,2.208400219678878784e-01,4.364680349826812744e-01,2.620698809623718262e-01,3.291134536266326904e-01,0.000000000000000000e+00,1.538456380367279053e-01,-1.242225542664527893e-01,-1.010530889034271240e-01,3.458244493231177330e-03,9.314948320388793945e-02,-7.368180155754089355e-02,-1.574774384498596191e-01,4.876563847064971924e-01,7.942998409271240234e-02,3.173527121543884277e-01,3.876869678497314453e-01,2.340526506304740906e-02,1.907539814710617065e-01,2.509471774101257324e-01,0.000000000000000000e+00,0.000000000000000000e+00
0.000000000000000000e+00,0.000000000000000000e+00,0.000000000000000000e+00,0.000000000000000000e+00,0.000000000000000000e+00,0.000000000000000000e+00,0.000000000000000000e+00,0.000000000000000000e+00,0.000000000000000000e+00,0.000000000000000000e+00,0.000000000000000000e+00,0.000000000000000000e+00,0.000000000000000000e+00,0.000000000000000000e+00,0.000000000000000000e+00,0.000000000000000000e+00,0.000000000000000000e+00,1.000000000000000000e+00,0.000000000000000000e+00,0.000000000000000000e+00,0.000000000000000000e+00,0.000000000000000000e+00,0.000000000000000000e+00,0.000000000000000000e+00,0.000000000000000000e+00,0.000000000000000000e+00,0.000000000000000000e+00,0.000000000000000000e+00,0.000000000000000000e+00,0.000000000000000000e+00,0.000000000000000000e+00,0.000000000000000000e+00,0.000000000000000000e+00,0.000000000000000000e+00,0.000000000000000000e+00,0.000000000000000000e+00,0.000000000000000000e+00,0.000000000000000000e+00,0.000000000000000000e+00,0.000000000000000000e+00,0.000000000000000000e+00,0.000000000000000000e+00,0.000000000000000000e+00,0.000000000000000000e+00,0.000000000000000000e+00,0.000000000000000000e+00,0.000000000000000000e+00,0.000000000000000000e+00
-8.639417588710784912e-02,-1.968387812376022339e-01,8.076643943786621094e-02,2.495316714048385620e-01,-1.975496262311935425e-01,-1.017484366893768311e-01,6.068792939186096191e-02,-2.518637180328369141e-01,-2.715381383895874023e-01,-9.341172128915786743e-02,-2.536162137985229492e-01,-3.178096935153007507e-02,-1.990767568349838257e-01,-1.451659798622131348e-01,-2.495996840298175812e-02,1.447206884622573853e-01,4.452922195196151733e-02,0.000000000000000000e+00,1.000000000000000000e+00,0.000000000000000000e+00,0.000000000000000000e+00,0.000000000000000000e+00,0.000000000000000000e+00,7.206335663795471191e-02,-5.251999571919441223e-02,2.230072021484375000e-01,1.238251700997352600e-01,-7.643831428140401840e-03,-2.558464184403419495e-02,1.603842526674270630e-01,4.621954262256622314e-02,0.000000000000000000e+00,-9.103126078844070435e-02,-2.358025610446929932e-01,-3.225190639495849609e-01,-1.155932769179344177e-01,-1.731444150209426880e-01,-2.421565949916839600e-01,-2.638363093137741089e-02,-1.792623777873814106e-03,-1.681183874607086182e-01,-2.101154625415802002e-01,2.627454102039337158e-01,-2.381402105093002319e-01,-7.753592729568481445e-02,1.791621893644332886e-01,0.000000000000000000e+00,0.000000000000000000e+00
0.000000000000000000e+00,0.000000000000000000e+00,0.000000000000000000e+00,0.000000000000000000e+00,0.000000000000000000e+00,0.000000000000000000e+00,0.000000000000000000e+00,0.000000000000000000e+00,0.000000000000000000e+00,0.000000000000000000e+00,0.000000000000000000e+00,0.000000000000000000e+00,0.000000000000000000e+00,0.000000000000000000e+00,0.000000000000000000e+00,0.000000000000000000e+00,0.000000000000000000e+00,0.000000000000000000e+00,0.000000000000000000e+00,1.000000000000000000e+00,0.000000000000000000e+00,0.000000000000000000e+00,0.000000000000000000e+00,0.000000000000000000e+00,0.000000000000000000e+00,0.000000000000000000e+00,0.000000000000000000e+00,0.000000000000000000e+00,0.000000000000000000e+00,0.000000000000000000e+00,0.000000000000000000e+00,0.000000000000000000e+00,0.000000000000000000e+00,0.000000000000000000e+00,0.000000000000000000e+00,0.000000000000000000e+00,0.000000000000000000e+00,0.000000000000000000e+00,0.000000000000000000e+00,0.000000000000000000e+00,0.000000000000000000e+00,0.000000000000000000e+00,0.000000000000000000e+00,0.000000000000000000e+00,0.000000000000000000e+00,0.000000000000000000e+00,0.000000000000000000e+00,0.000000000000000000e+00
0.000000000000000000e+00,0.000000000000000000e+00,0.000000000000000000e+00,0.000000000000000000e+00,0.000000000000000000e+00,0.000000000000000000e+00,0.000000000000000000e+00,0.000000000000000000e+00,0.000000000000000000e+00,0.000000000000000000e+00,0.000000000000000000e+00,0.000000000000000000e+00,0.000000000000000000e+00,0.000000000000000000e+00,0.000000000000000000e+00,0.000000000000000000e+00,0.000000000000000000e+00,0.000000000000000000e+00,0.000000000000000000e+00,0.000000000000000000e+00,1.000000000000000000e+00,0.000000000000000000e+00,0.000000000000000000e+00,0.000000000000000000e+00,0.000000000000000000e+00,0.000000000000000000e+00,0.000000000000000000e+00,0.000000000000000000e+00,0.000000000000000000e+00,0.000000000000000000e+00,0.000000000000000000e+00,0.000000000000000000e+00,0.000000000000000000e+00,0.000000000000000000e+00,0.000000000000000000e+00,0.000000000000000000e+00,0.000000000000000000e+00,0.000000000000000000e+00,0.000000000000000000e+00,0.000000000000000000e+00,0.000000000000000000e+00,0.000000000000000000e+00,0.000000000000000000e+00,0.000000000000000000e+00,0.000000000000000000e+00,0.000000000000000000e+00,0.000000000000000000e+00,0.000000000000000000e+00
0.000000000000000000e+00,0.000000000000000000e+00,0.000000000000000000e+00,0.000000000000000000e+00,0.000000000000000000e+00,0.000000000000000000e+00,0.000000000000000000e+00,0.000000000000000000e+00,0.000000000000000000e+00,0.000000000000000000e+00,0.000000000000000000e+00,0.000000000000000000e+00,0.000000000000000000e+00,0.000000000000000000e+00,0.000000000000000000e+00,0.000000000000000000e+00,0.000000000000000000e+00,0.000000000000000000e+00,0.000000000000000000e+00,0.000000000000000000e+00,0.000000000000000000e+00,1.000000000000000000e+00,0.000000000000000000e+00,0.000000000000000000e+00,0.000000000000000000e+00,0.000000000000000000e+00,0.000000000000000000e+00,0.000000000000000000e+00,0.000000000000000000e+00,0.000000000000000000e+00,0.000000000000000000e+00,0.000000000000000000e+00,0.000000000000000000e+00,0.000000000000000000e+00,0.000000000000000000e+00,0.000000000000000000e+00,0.000000000000000000e+00,0.000000000000000000e+00,0.000000000000000000e+00,0.000000000000000000e+00,0.000000000000000000e+00,0.000000000000000000e+00,0.000000000000000000e+00,0.000000000000000000e+00,0.000000000000000000e+00,0.000000000000000000e+00,0.000000000000000000e+00,0.000000000000000000e+00
0.000000000000000000e+00,0.000000000000000000e+00,0.000000000000000000e+00,0.000000000000000000e+00,0.000000000000000000e+00,0.000000000000000000e+00,0.000000000000000000e+00,0.000000000000000000e+00,0.000000000000000000e+00,0.000000000000000000e+00,0.000000000000000000e+00,0.000000000000000000e+00,0.000000000000000000e+00,0.000000000000000000e+00,0.000000000000000000e+00,0.000000000000000000e+00,0.000000000000000000e+00,0.000000000000000000e+00,0.000000000000000000e+00,0.000000000000000000e+00,0.000000000000000000e+00,0.000000000000000000e+00,1.000000000000000000e+00,0.000000000000000000e+00,0.000000000000000000e+00,0.000000000000000000e+00,0.000000000000000000e+00,0.000000000000000000e+00,0.000000000000000000e+00,0.000000000000000000e+00,0.000000000000000000e+00,0.000000000000000000e+00,0.000000000000000000e+00,0.000000000000000000e+00,0.000000000000000000e+00,0.000000000000000000e+00,0.000000000000000000e+00,0.000000000000000000e+00,0.000000000000000000e+00,0.000000000000000000e+00,0.000000000000000000e+00,0.000000000000000000e+00,0.000000000000000000e+00,0.000000000000000000e+00,0.000000000000000000e+00,0.000000000000000000e+00,0.000000000000000000e+00,0.000000000000000000e+00
-1.835245490074157715e-01,-1.615187078714370728e-01,3.420688509941101074e-01,-2.268580049276351929e-01,-2.011752724647521973e-01,-1.787899434566497803e-01,-4.993306100368499756e-02,-2.987352572381496429e-02,2.756288349628448486e-01,1.321092545986175537e-01,-6.898369640111923218e-02,3.184479475021362305e-02,2.210187464952468872e-01,-1.390706300735473633e-01,3.889542222023010254e-01,6.078331731259822845e-03,-3.000575304031372070e-01,0.000000000000000000e+00,7.206335663795471191e-02,0.000000000000000000e+00,0.000000000000000000e+00,0.000000000000000000e+00,0.000000000000000000e+00,1.000000000000000000e+00,-5.099885910749435425e-02,-2.205393314361572266e-01,1.470750868320465088e-01,-2.540535852313041687e-02,-3.911226689815521240e-01,-6.023731548339128494e-03,-1.592850834131240845e-01,0.000000000000000000e+00,-1.921400874853134155e-01,-8.023504912853240967e-02,-9.345585852861404419e-02,6.061698123812675476e-02,-1.511004418134689331e-01,-1.080300584435462952e-01,1.383730024099349976e-01,-3.947280347347259521e-01,-5.749144032597541809e-02,-4.430901259183883667e-02,-2.703703008592128754e-02,-5.250669643282890320e-02,-1.539782583713531494e-01,-2.204836457967758179e-01,0.000000000000000000e+00,0.000000000000000000e+00
6.811001896858215332e-02,-1.157666668295860291e-01,1.904841326177120209e-02,-8.091928809881210327e-02,-2.851860597729682922e-02,-6.703130900859832764e-02,4.492784291505813599e-02,3.023751452565193176e-02,-4.898230731487274170e-02,-1.127796992659568787e-01,-4.515463486313819885e-02,-1.864937096834182739e-01,4.814412072300910950e-02,4.340893402695655823e-02,9.477202780544757843e-03,3.169510141015052795e-02,-2.041364833712577820e-02,0.000000000000000000e+00,-5.251999571919441223e-02,0.000000000000000000e+00,0.000000000000000000e+00,0.000000000000000000e+00,0.000000000000000000e+00,-5.099885910749435425e-02,1.000000000000000000e+00,1.134591549634933472e-02,2.736213803291320801e-01,1.327506601810455322e-01,-6.563800573348999023e-02,1.984423398971557617e-02,-1.842499524354934692e-01,0.000000000000000000e+00,1.985830515623092651e-01,7.434932142496109009e-02,-1.587514728307723999e-01,-1.483750045299530029e-01,1.303659826517105103e-01,-7.495900988578796387e-02,-1.025740951299667358e-01,-5.127146374434232712e-03,-2.074929028749465942e-01,-1.380530931055545807e-02,-1.029784977436065674e-01,-1.440313607454299927e-01,-1.078284755349159241e-01,-1.101012527942657471e-01,0.000000000000000000e+00,0.000000000000000000e+00
2.757110074162483215e-02,-9.297298640012741089e-02,4.961160942912101746e-02,6.317620277404785156e-01,-1.362056285142898560e-01,1.709874346852302551e-02,1.779073178768157959e-01,-3.531059622764587402e-01,-3.972507417201995850e-01,-4.269344806671142578e-01,-1.848747581243515015e-01,-1.659959703683853149e-01,-3.453120589256286621e-01,-1.567724347114562988e-01,-9.525218605995178223e-02,6.761574000120162964e-02,2.857297956943511963e-01,0.000000000000000000e+00,2.230072021484375000e-01,0.000000000000000000e+00,0.000000000000000000e+00,0.000000000000000000e+00,0.000000000000000000e+00,-2.205393314361572266e-01,1.134591549634933472e-02,1.000000000000000000e+00,-1.234925836324691772e-01,2.896225266158580780e-02,2.854775488376617432e-01,3.719407916069030762e-01,3.027508854866027832e-01,0.000000000000000000e+00,-1.185633689165115356e-01,-7.826471328735351562e-02,-2.660694718360900879e-01,-7.118842750787734985e-02,-1.925780028104782104e-01,-1.696361601352691650e-01,-1.382566988468170166e-01,1.330617815256118774e-01,-2.282975167036056519e-01,-2.392849326133728027e-01,3.015126287937164307e-01,-2.692788839340209961e-01,-1.393137127161026001e-01,1.303428709506988525e-01,0.000000000000000000e+00,0.000000000000000000e+00
-4.149077832698822021e-02,-2.139791697263717651e-01,3.289344012737274170e-01,-3.230142174288630486e-03,-1.629523187875747681e-01,-3.618573769927024841e-02,9.806583821773529053e-02,-2.491160631179809570e-01,1.612173207104206085e-02,-2.514728717505931854e-02,-3.740668594837188721e-01,-2.435177862644195557e-01,3.396640419960021973e-01,-3.527656197547912598e-01,-9.623055346310138702e-03,-1.741523742675781250e-01,-5.987189710140228271e-02,0.000000000000000000e+00,1.238251700997352600e-01,0.000000000000000000e+00,0.000000000000000000e+00,0.000000000000000000e+00,0.000000000000000000e+00,1.470750868320465088e-01,2.736213803291320801e-01,-1.234925836324691772e-01,1.000000000000000000e+00,3.833163678646087646e-01,-2.308898866176605225e-01,2.120381891727447510e-01,-1.178408712148666382e-01,0.000000000000000000e+00,-1.209553703665733337e-01,-3.193505704402923584e-01,-4.550026655197143555e-01,-1.304929554462432861e-01,-3.130224645137786865e-01,-3.891121745109558105e-01,-8.336690068244934082e-02,-3.165238201618194580e-01,-1.621698737144470215e-01,-1.193074788898229599e-02,1.336131989955902100e-01,-6.419923901557922363e-02,-1.530235409736633301e-01,-6.388770043849945068e-02,0.000000000000000000e+00,0.000000000000000000e+00
3.372588157653808594e-01,-1.028665453195571899e-01,3.430334925651550293e-01,2.341561317443847656e-01,1.554307937622070312e-01,3.917663693428039551e-01,4.422744512557983398e-01,-4.263994395732879639e-01,-1.798984259366989136e-01,-2.424758374691009521e-01,-4.510732293128967285e-01,-4.198517501354217529e-01,3.262138664722442627e-01,-3.194111287593841553e-01,-2.323383241891860962e-01,-2.009266912937164307e-01,2.208400219678878784e-01,0.000000000000000000e+00,-7.643831428140401840e-03,0.000000000000000000e+00,0.000000000000000000e+00,0.000000000000000000e+00,0.000000000000000000e+00,-2.540535852313041687e-02,1.327506601810455322e-01,2.896225266158580780e-02,3.833163678646087646e-01,1.000000000000000000e+00,3.263962268829345703e-01,3.829514980316162109e-01,1.890047788619995117e-01,0.000000000000000000e+00,-1.930653601884841919e-01,-4.502917230129241943e-01,-2.922078371047973633e-01,1.645392179489135742e-01,-3.638167977333068848e-01,-2.988277673721313477e-01,1.338296383619308472e-01,-4.689982905983924866e-02,8.454183489084243774e-02,1.227526664733886719e-01,2.299284487962722778e-01,-1.889502704143524170e-01,-6.222695112228393555e-02,-1.394358575344085693e-01,0.000000000000000000e+00,0.000000000000000000e+00
1.635384559631347656e-01,4.007106125354766846e-01,-4.468566179275512695e-01,1.538221389055252075e-01,4.319835603237152100e-01,3.232811689376831055e-01,-2.139960229396820068e-02,-7.336834073066711426e-02,-3.812806308269500732e-01,-2.091849744319915771e-01,2.696813270449638367e-02,-1.215503886342048645e-01,-2.907550632953643799e-01,2.563931643962860107e-01,-4.867954254150390625e-01,-3.200308606028556824e-02,4.364680349826812744e-01,0.000000000000000000e+00,-2.558464184403419495e-02,0.000000000000000000e+00,0.000000000000000000e+00,0.000000000000000000e+00,0.000000000000000000e+00,-3.911226689815521240e-01,-6.563800573348999023e-02,2.854775488376617432e-01,-2.308898866176605225e-01,3.263962268829345703e-01,1.000000000000000000e+00,7.435502856969833374e-02,3.377924263477325439e-01,0.000000000000000000e+00,2.873848676681518555e-01,9.120921045541763306e-02,1.976284831762313843e-01,-5.213447660207748413e-02,1.843374073505401611e-01,4.805643856525421143e-02,-1.244120001792907715e-01,5.931312441825866699e-01,2.109818011522293091e-01,3.046715557575225830e-01,-6.032391637563705444e-02,-3.399380668997764587e-02,2.750374972820281982e-01,1.545044183731079102e-01,0.000000000000000000e+00,0.000000000000000000e+00
-1.077626422047615051e-01,-2.832038998603820801e-01,4.302202463150024414e-01,4.303260147571563721e-01,-1.748470962047576904e-01,9.871589392423629761e-02,3.820644617080688477e-01,-5.928968787193298340e-01,-2.672283351421356201e-01,-8.712180703878402710e-02,-3.355075716972351074e-01,-2.189676910638809204e-01,1.186447888612747192e-01,-3.257524669170379639e-01,-1.569398790597915649e-01,-1.211651116609573364e-01,2.620698809623718262e-01,0.000000000000000000e+00,1.603842526674270630e-01,0.000000000000000000e+00,0.000000000000000000e+00,0.000000000000000000e+00,0.000000000000000000e+00,-6.023731548339128494e-03,1.984423585236072540e-02,3.719407916069030762e-01,2.120381891727447510e-01,3.829514980316162109e-01,7.435502856969833374e-02,1.000000000000000000e+00,5.246955752372741699e-01,0.000000000000000000e+00,-5.064389109611511230e-01,-4.141618013381958008e-01,-4.157859683036804199e-01,2.055542767047882080e-01,-4.444518387317657471e-01,-4.150721728801727295e-01,-1.543777436017990112e-02,-7.692419737577438354e-02,-2.770034074783325195e-01,9.491652250289916992e-02,6.330010294914245605e-01,-2.203180938959121704e-01,6.645247340202331543e-02,2.954456210136413574e-01,0.000000000000000000e+00,0.000000000000000000e+00
-1.319036632776260376e-01,-6.939309835433959961e-02,1.227475330233573914e-02,3.148683905601501465e-01,3.237339481711387634e-02,7.031089067459106445e-02,2.124147117137908936e-01,-2.386131733655929565e-01,-2.744740247726440430e-01,1.510294899344444275e-02,9.570018947124481201e-02,1.066891700029373169e-01,-6.206572428345680237e-02,4.064226150512695312e-02,-1.532424986362457275e-01,1.215106472373008728e-01,3.291134536266326904e-01,0.000000000000000000e+00,4.621954262256622314e-02,0.000000000000000000e+00,0.000000000000000000e+00,0.000000000000000000e+00,0.000000000000000000e+00,-1.592850834131240845e-01,-1.842499375343322754e-01,3.027508854866027832e-01,-1.178408786654472351e-01,1.890047788619995117e-01,3.377924263477325439e-01,5.246955752372741699e-01,1.000000000000000000e+00,0.000000000000000000e+00,-2.246510535478591919e-01,-5.317413061857223511e-02,-3.629483655095100403e-02,1.979180276393890381e-01,-8.408474922180175781e-02,-9.427149593830108643e-02,2.883193269371986389e-02,3.270764350891113281e-01,-1.697309315204620361e-01,1.022675633430480957e-01,3.658739030361175537e-01,-1.039864420890808105e-01,1.167395189404487610e-01,2.889189720153808594e-01,0.000000000000000000e+00,0.000000000000000000e+00
0.000000000000000000e+00,0.000000000000000000e+00,0.000000000000000000e+00,0.000000000000000000e+00,0.000000000000000000e+00,0.000000000000000000e+00,0.000000000000000000e+00,0.000000000000000000e+00,0.000000000000000000e+00,0.000000000000000000e+00,0.000000000000000000e+00,0.000000000000000000e+00,0.000000000000000000e+00,0.000000000000000000e+00,0.000000000000000000e+00,0.000000000000000000e+00,0.000000000000000000e+00,0.000000000000000000e+00,0.000000000000000000e+00,0.000000000000000000e+00,0.000000000000000000e+00,0.000000000000000000e+00,0.000000000000000000e+00,0.000000000000000000e+00,0.000000000000000000e+00,0.000000000000000000e+00,0.000000000000000000e+00,0.000000000000000000e+00,0.000000000000000000e+00,0.000000000000000000e+00,0.000000000000000000e+00,1.000000000000000000e+00,0.000000000000000000e+00,0.000000000000000000e+00,0.000000000000000000e+00,0.000000000000000000e+00,0.000000000000000000e+00,0.000000000000000000e+00,0.000000000000000000e+00,0.000000000000000000e+00,0.000000000000000000e+00,0.000000000000000000e+00,0.000000000000000000e+00,0.000000000000000000e+00,0.000000000000000000e+00,0.000000000000000000e+00,0.000000000000000000e+00,0.000000000000000000e+00
