1.000000000000000000e+00,6.333398222923278809e-01,-4.160316884517669678e-01,-1.227112710475921631e-01,3.298010230064392090e-01,8.530402183532714844e-02,-4.226674437522888184e-01,1.168284267187118530e-01,1.889248192310333252e-01,-7.454174011945724487e-02,-3.732540011405944824e-01,-1.471397727727890015e-01,2.249694466590881348e-01,-1.166196838021278381e-01,-4.332603216171264648e-01,5.543122068047523499e-02,-2.885229587554931641e-01,-2.996722469106316566e-03,3.818356618285179138e-02,-1.117437705397605896e-01,1.686271280050277710e-01,0.000000000000000000e+00,1.266269385814666748e-01,-3.636553287506103516e-01,4.365254938602447510e-02,-5.587077140808105469e-01,3.869689069688320160e-03,5.942234396934509277e-01,5.468191504478454590e-01,-4.801187813282012939e-01,-4.707708656787872314e-01,5.914968252182006836e-02,5.446067452430725098e-01,3.211244344711303711e-01,1.709824353456497192e-01,-2.000578194856643677e-01,-1.646103411912918091e-01,-1.335286498069763184e-01,3.683508839458227158e-04,-1.027025803923606873e-01,4.279840886592864990e-01,3.195811510086059570e-01,3.307353556156158447e-01,5.615879297256469727e-01,3.701370954513549805e-01,8.845807053148746490e-03,-2.615641355514526367e-01,0.000000000000000000e+00
6.333398222923278809e-01,1.000000000000000000e+00,-6.387257575988769531e-01,-3.407672420144081116e-02,4.151586592197418213e-01,2.057902961969375610e-01,-3.118803799152374268e-01,1.183911934494972229e-01,1.470526605844497681e-01,1.957192271947860718e-02,-4.088164865970611572e-01,8.495714515447616577e-02,4.580393135547637939e-01,-2.227611988782882690e-01,-5.677881240844726562e-01,1.284385919570922852e-01,-1.334478855133056641e-01,-1.167503278702497482e-02,7.253725826740264893e-02,7.498724386096000671e-03,2.090208530426025391e-01,0.000000000000000000e+00,4.697703570127487183e-02,-3.070644438266754150e-01,-1.495792567729949951e-01,-6.098484992980957031e-01,1.012898236513137817e-01,6.196619868278503418e-01,5.944625139236450195e-01,-5.126174688339233398e-01,-4.782177209854125977e-01,6.005861610174179077e-02,6.489548683166503906e-01,4.017542898654937744e-01,4.963679015636444092e-01,8.818776160478591919e-02,-1.377466619014739990e-01,1.250527501106262207e-01,2.232873141765594482e-01,-1.210538819432258606e-01,5.599341392517089844e-01,5.578834414482116699e-01,2.660378515720367432e-01,7.190458774566650391e-01,5.744482874870300293e-01,3.015475161373615265e-02,-1.528704464435577393e-01,0.000000000000000000e+00
-4.160316884517669678e-01,-6.387258172035217285e-01,1.000000000000000000e+00,3.492234945297241211e-01,-1.405287235975265503e-01,7.823496125638484955e-03,6.440522670745849609e-01,-2.364507764577865601e-01,-1.042386293411254883e-01,-5.606922879815101624e-02,3.783741295337677002e-01,-3.512176126241683960e-02,-5.084797739982604980e-01,2.330353409051895142e-01,5.824239850044250488e-01,-4.224735870957374573e-02,3.857420086860656738e-01,3.294165134429931641e-01,1.389132142066955566e-01,3.233538591302931309e-04,-2.308126688003540039e-01,0.000000000000000000e+00,3.928085416555404663e-02,-8.043412119150161743e-03,6.132377684116363525e-02,7.798872590065002441e-01,6.419128924608230591e-02,-4.256196320056915283e-01,-3.824762701988220215e-01,4.883709251880645752e-01,5.428707599639892578e-01,-1.310428883880376816e-02,-3.661514818668365479e-01,-4.329997301101684570e-01,-4.086185693740844727e-01,-3.568956851959228516e-01,3.257344365119934082e-01,-1.694833338260650635e-01,-5.267837643623352051e-01,-1.853651702404022217e-01,-2.513390779495239258e-01,-3.454194366931915283e-01,-2.872048914432525635e-01,-6.239104270935058594e-01,-5.520910620689392090e-01,-1.013137102127075195e-01,2.080692648887634277e-01,0.000000000000000000e+00
-1.227112710475921631e-01,-3.407672420144081116e-02,3.492234945297241211e-01,1.000000000000000000e+00,-1.555121541023254395e-01,6.047159433364868164e-02,5.537045598030090332e-01,-1.647095084190368652e-01,-8.557986468076705933e-02,-3.432965278625488281e-01,-8.989736437797546387e-03,-1.687093675136566162e-01,-8.012396842241287231e-02,-5.274656787514686584e-02,-1.333778351545333862e-01,-1.027422472834587097e-01,4.562206566333770752e-01,4.773488342761993408e-01,3.344958126544952393e-01,2.015224657952785492e-02,-1.016177609562873840e-02,0.000000000000000000e+00,1.540331393480300903e-01,-2.500164210796356201e-01,-7.042840868234634399e-02,3.429058492183685303e-01,1.008678078651428223e-01,2.705177664756774902e-02,1.291357427835464478e-01,-4.210402444005012512e-02,-6.009677052497863770e-02,4.176860302686691284e-02,-2.110283821821212769e-01,-1.432738825678825378e-02,1.109325140714645386e-02,-3.107361495494842529e-01,7.354246824979782104e-02,-1.017453819513320923e-01,-1.936180889606475830e-01,-2.933746874332427979e-01,-1.885212510824203491e-01,3.928803652524948120e-02,-6.899058818817138672e-02,1.432075351476669312e-02,-2.111628837883472443e-02,-1.420611292123794556e-01,-7.126052677631378174e-02,0.000000000000000000e+00
3.298010230064392090e-01,4.151586592197418213e-01,-1.405287235975265503e-01,-1.555121541023254395e-01,1.000000000000000000e+00,6.339499950408935547e-01,1.202098131179809570e-01,-1.178003102540969849e-01,3.205833435058593750e-01,4.143370091915130615e-01,-2.298073470592498779e-01,2.706002891063690186e-01,3.010981976985931396e-01,-1.460879445075988770e-01,-1.068658828735351562e-01,2.016606926918029785e-01,-7.440650463104248047e-02,-2.279605865478515625e-01,-2.568903267383575439e-01,-1.347539108246564865e-02,-1.858784258365631104e-02,0.000000000000000000e+00,-3.441911423578858376e-03,2.716771699488162994e-02,-3.052409924566745758e-02,-1.612309515476226807e-01,1.682425849139690399e-02,3.432985544204711914e-01,2.770647108554840088e-01,-7.369090616703033447e-02,2.023684419691562653e-02,-4.107801243662834167e-02,5.063674449920654297e-01,2.721036784350872040e-02,6.490422785282135010e-02,4.455393925309181213e-02,-1.400073319673538208e-01,-3.912059962749481201e-02,1.787394471466541290e-02,7.511350512504577637e-02,7.230477929115295410e-01,6.045692563056945801e-01,7.139876484870910645e-02,2.428108751773834229e-01,2.668447494506835938e-01,2.801995277404785156e-01,2.482933998107910156e-01,0.000000000000000000e+00
8.530402183532714844e-02,2.057902961969375610e-01,7.823496125638484955e-03,6.047159433364868164e-02,6.339499950408935547e-01,1.000000000000000000e+00,2.251287400722503662e-01,-1.074435412883758545e-01,2.330139279365539551e-01,3.717181682586669922e-01,-4.919273778796195984e-02,3.115541040897369385e-01,1.849943995475769043e-01,1.094278600066900253e-02,-9.976439177989959717e-02,8.417042344808578491e-02,-6.900836527347564697e-02,-1.880518645048141479e-01,-1.974594146013259888e-01,1.776459068059921265e-02,-1.157704517245292664e-01,0.000000000000000000e+00,-5.510779842734336853e-02,1.641477644443511963e-02,7.148678600788116455e-02,4.230754915624856949e-03,1.443653702735900879e-01,3.523899316787719727e-01,2.129788547754287720e-01,-5.116300284862518311e-02,7.409343123435974121e-02,2.677319012582302094e-02,3.070414960384368896e-01,1.457457244396209717e-01,-6.955530494451522827e-02,-1.413067686371505260e-03,-1.197075024247169495e-01,-1.313579082489013672e-01,2.446256950497627258e-02,7.952750474214553833e-02,5.840978026390075684e-01,6.209287047386169434e-01,1.054958179593086243e-01,1.744317114353179932e-01,3.927357196807861328e-01,3.596754074096679688e-01,2.651527225971221924e-01,0.000000000000000000e+00
-4.226674139499664307e-01,-3.118803799152374268e-01,6.440522670745849609e-01,5.537045598030090332e-01,1.202098131179809570e-01,2.251287400722503662e-01,1.000000000000000000e+00,-2.595492899417877197e-01,-2.299754880368709564e-02,3.183127567172050476e-02,1.813150644302368164e-01,1.073005795478820801e-01,-2.223117798566818237e-01,-2.731853350996971130e-02,3.274053037166595459e-01,4.679596424102783203e-02,6.193303465843200684e-01,3.812260031700134277e-01,1.435119956731796265e-01,9.993444196879863739e-03,-1.848722845315933228e-01,0.000000000000000000e+00,7.665721327066421509e-02,-2.111499570310115814e-02,-6.301085650920867920e-02,6.685708165168762207e-01,1.135519817471504211e-01,-3.097859919071197510e-01,-2.193368375301361084e-01,3.347186148166656494e-01,4.622108638286590576e-01,-1.308921445161104202e-02,-1.909300386905670166e-01,-3.742371797561645508e-01,-1.343357414007186890e-01,-2.080349624156951904e-01,2.061761319637298584e-01,-4.595803469419479370e-02,-3.482145369052886963e-01,-2.218073606491088867e-01,-9.599621407687664032e-03,2.426680177450180054e-02,-3.503919243812561035e-01,-3.723395466804504395e-01,-3.312477171421051025e-01,-7.881577312946319580e-02,3.362962901592254639e-01,0.000000000000000000e+00
1.168284267187118530e-01,1.183911934494972229e-01,-2.364507764577865601e-01,-1.647095084190368652e-01,-1.178003102540969849e-01,-1.074435487389564514e-01,-2.595492899417877197e-01,1.000000000000000000e+00,4.206301271915435791e-01,1.201069355010986328e-01,1.638505160808563232e-01,1.489908844232559204e-01,-1.254281252622604370e-01,-2.890326976776123047e-01,-2.026362866163253784e-01,2.927184402942657471e-01,-3.269801735877990723e-01,-1.093257293105125427e-01,-1.942821592092514038e-01,-2.520230710506439209e-01,-1.733518093824386597e-01,0.000000000000000000e+00,-2.136652022600173950e-01,-1.847535371780395508e-01,5.910705924034118652e-01,-1.337175816297531128e-01,-6.355150043964385986e-02,3.707625344395637512e-02,-2.094203382730484009e-01,-3.496479988098144531e-01,-3.008189797401428223e-01,7.280565798282623291e-02,1.871342808008193970e-01,-2.765529975295066833e-02,1.305062919855117798e-01,3.622166812419891357e-02,-9.930522739887237549e-02,5.614192690700292587e-03,3.860812485218048096e-01,1.261843740940093994e-01,1.440684199333190918e-01,-1.027406603097915649e-01,-2.508672475814819336e-01,2.907316386699676514e-01,5.175822228193283081e-02,-2.807255983352661133e-01,-2.646298110485076904e-01,0.000000000000000000e+00
1.889248192310333252e-01,1.470526605844497681e-01,-1.042386293411254883e-01,-8.557986468076705933e-02,3.205833435058593750e-01,2.330139130353927612e-01,-2.299754880368709564e-02,4.206301271915435791e-01,1.000000000000000000e+00,2.994768321514129639e-01,1.349298954010009766e-01,2.363648265600204468e-01,1.020693406462669373e-01,-2.808358967304229736e-01,-5.299482122063636780e-02,2.743896842002868652e-01,-2.014761418104171753e-01,-1.852907687425613403e-01,-2.560070157051086426e-01,-3.288862481713294983e-02,-6.971038877964019775e-02,0.000000000000000000e+00,-7.580054551362991333e-02,-1.122794523835182190e-01,3.068563342094421387e-01,-1.387697011232376099e-01,-1.536014378070831299e-01,-1.418918371200561523e-02,-1.351058483123779297e-01,-8.172250539064407349e-02,-7.742337882518768311e-02,1.552933827042579651e-02,3.737345635890960693e-01,-6.836476176977157593e-02,6.803011149168014526e-02,-2.794272266328334808e-02,-1.921031177043914795e-01,4.947837442159652710e-02,2.554261386394500732e-01,1.126173436641693115e-01,3.351573050022125244e-01,1.569105684757232666e-01,3.180120140314102173e-02,3.143542110919952393e-01,1.260474175214767456e-01,1.141746640205383301e-01,3.151805698871612549e-02,0.000000000000000000e+00
-7.454174011945724487e-02,1.957192271947860718e-02,-5.606922879815101624e-02,-3.432965278625488281e-01,4.143370091915130615e-01,3.717181980609893799e-01,3.183127567172050476e-02,1.201069355010986328e-01,2.994768321514129639e-01,1.000000000000000000e+00,-1.555920927785336971e-03,5.828220844268798828e-01,7.449097186326980591e-02,-2.929545938968658447e-02,9.992469847202301025e-02,3.619492352008819580e-01,-3.760388493537902832e-02,-3.330143392086029053e-01,-2.400104403495788574e-01,-3.509702160954475403e-02,-2.460489720106124878e-01,0.000000000000000000e+00,-1.494567692279815674e-01,2.722945213317871094e-01,5.887321382761001587e-02,4.069162160158157349e-02,2.091272920370101929e-01,-5.096885934472084045e-02,-1.550891101360321045e-01,-1.033891886472702026e-01,1.009928435087203979e-01,-1.319358497858047485e-01,3.161883354187011719e-01,-4.947596788406372070e-02,-6.912098079919815063e-02,2.062761932611465454e-01,-1.216437965631484985e-01,3.709651529788970947e-02,2.410882562398910522e-01,2.752017974853515625e-01,4.641271531581878662e-01,3.288570046424865723e-01,-1.437388360500335693e-01,7.874008268117904663e-02,1.301974356174468994e-01,2.940916121006011963e-01,3.551654219627380371e-01,0.000000000000000000e+00
-3.732540011405944824e-01,-4.088164865970611572e-01,3.783741593360900879e-01,-8.989736437797546387e-03,-2.298073470592498779e-01,-4.919273778796195984e-02,1.813150644302368164e-01,1.638505160808563232e-01,1.349298954010009766e-01,-1.555920927785336971e-03,1.000000000000000000e+00,2.751650512218475342e-01,-2.705083787441253662e-01,1.176294013857841492e-01,4.772055447101593018e-01,-6.398887932300567627e-02,3.615525737404823303e-02,-1.052638236433267593e-02,-6.831114739179611206e-02,2.632019110023975372e-02,-2.237019389867782593e-01,0.000000000000000000e+00,2.746036974713206291e-03,-2.586473524570465088e-02,2.999523580074310303e-01,3.544633984565734863e-01,-2.200051248073577881e-01,-4.256426990032196045e-01,-5.138617157936096191e-01,4.502151310443878174e-01,3.841729760169982910e-01,7.138960808515548706e-02,-1.595690548419952393e-01,-2.981283962726593018e-01,-7.254660874605178833e-02,-5.051337182521820068e-02,1.834311187267303467e-01,1.161935105919837952e-01,-8.440371602773666382e-02,8.361917734146118164e-02,-1.800809651613235474e-01,-3.933380544185638428e-01,-1.306424736976623535e-01,-4.197500944137573242e-01,-2.972277998924255371e-01,7.108127325773239136e-02,1.526467651128768921e-01,0.000000000000000000e+00
-1.471397727727890015e-01,8.495714515447616577e-02,-3.512176126241683960e-02,-1.687093675136566162e-01,2.706002891063690186e-01,3.115541040897369385e-01,1.073005720973014832e-01,1.489908844232559204e-01,2.363648265600204468e-01,5.828220844268798828e-01,2.751650512218475342e-01,1.000000000000000000e+00,1.511733680963516235e-01,-2.104460960254073143e-03,1.591030508279800415e-01,2.610997259616851807e-01,6.918586045503616333e-02,-2.248123288154602051e-01,-1.805418580770492554e-01,5.867000296711921692e-02,-1.974130421876907349e-01,0.000000000000000000e+00,-1.496397703886032104e-01,1.777620762586593628e-01,8.056925237178802490e-02,3.330568969249725342e-02,1.747951358556747437e-01,-6.241688877344131470e-02,-1.897518336772918701e-01,-2.481759991496801376e-03,2.369730025529861450e-01,-6.631269305944442749e-02,3.842209577560424805e-01,-6.222786381840705872e-02,1.758469939231872559e-01,2.866773009300231934e-01,-1.123294420540332794e-02,2.154006958007812500e-01,2.653573453426361084e-01,1.971576660871505737e-01,4.253589212894439697e-01,2.035174816846847534e-01,-1.800205856561660767e-01,7.124092429876327515e-02,8.803538233041763306e-02,1.356625705957412720e-01,4.142902493476867676e-01,0.000000000000000000e+00
2.249694466590881348e-01,4.580393433570861816e-01,-5.084797739982604980e-01,-8.012396842241287231e-02,3.010981976985931396e-01,1.849944144487380981e-01,-2.223117798566818237e-01,-1.254281252622604370e-01,1.020693406462669373e-01,7.449097186326980591e-02,-2.705083787441253662e-01,1.511733680963516235e-01,1.000000000000000000e+00,-1.041152924299240112e-01,-3.606669604778289795e-01,-2.028971724212169647e-02,-3.920720145106315613e-02,-2.250360548496246338e-01,-3.882673801854252815e-03,3.880550265312194824e-01,4.280188083648681641e-01,0.000000000000000000e+00,6.101237982511520386e-02,1.217810660600662231e-01,-2.922269403934478760e-01,-4.944742023944854736e-01,-9.153772145509719849e-02,2.880057990550994873e-01,3.975599110126495361e-01,-1.284672915935516357e-01,-1.967744082212448120e-01,2.663758024573326111e-02,2.755229473114013672e-01,2.561187446117401123e-01,3.092900216579437256e-01,2.989303171634674072e-01,-2.111368775367736816e-01,2.078317403793334961e-01,3.285768628120422363e-01,2.288381755352020264e-01,2.226361185312271118e-01,4.244748651981353760e-01,3.716754913330078125e-01,3.831983804702758789e-01,5.079846382141113281e-01,3.866685330867767334e-01,1.222581192851066589e-01,0.000000000000000000e+00
-1.166196838021278381e-01,-2.227612137794494629e-01,2.330353409051895142e-01,-5.274656787514686584e-02,-1.460879445075988770e-01,1.094278600066900253e-02,-2.731853350996971130e-02,-2.890326976776123047e-01,-2.808358967304229736e-01,-2.929545938968658447e-02,1.176294013857841492e-01,-2.104460960254073143e-03,-1.041152924299240112e-01,1.000000000000000000e+00,2.802835702896118164e-01,-2.738822996616363525e-01,8.601152151823043823e-02,1.367552727460861206e-01,1.332340687513351440e-01,1.950065791606903076e-01,-5.274847149848937988e-02,0.000000000000000000e+00,-5.602846294641494751e-02,7.101517915725708008e-02,-2.343603074550628662e-01,1.618230491876602173e-01,2.585171163082122803e-01,1.083693373948335648e-02,9.261906147003173828e-02,1.682825535535812378e-01,2.203704863786697388e-01,-3.324558958411216736e-02,-9.226907044649124146e-02,2.840116620063781738e-01,-1.712016910314559937e-01,-1.023627817630767822e-01,5.199553966522216797e-01,-4.923786502331495285e-03,-2.960187196731567383e-01,-1.631517112255096436e-01,-1.911436319351196289e-01,-9.896996617317199707e-02,1.219553574919700623e-01,-1.330865770578384399e-01,3.211710229516029358e-02,1.048686280846595764e-01,9.833075106143951416e-02,0.000000000000000000e+00
-4.332603216171264648e-01,-5.677881240844726562e-01,5.824239850044250488e-01,-1.333778351545333862e-01,-1.068658828735351562e-01,-9.976439923048019409e-02,3.274053037166595459e-01,-2.026362866163253784e-01,-5.299482122063636780e-02,9.992469847202301025e-02,4.772055447101593018e-01,1.591030508279800415e-01,-3.606669604778289795e-01,2.802835702896118164e-01,1.000000000000000000e+00,-5.961652845144271851e-02,2.422814816236495972e-01,8.157297223806381226e-02,-6.988912075757980347e-02,9.697304107248783112e-03,-2.876154482364654541e-01,0.000000000000000000e+00,7.270000874996185303e-03,1.977622509002685547e-01,-2.912531979382038116e-02,4.786257743835449219e-01,-4.363689944148063660e-02,-5.256952047348022461e-01,-5.120847821235656738e-01,6.082081794738769531e-01,7.380094528198242188e-01,-6.936555355787277222e-02,-2.239649593830108643e-01,-4.042021334171295166e-01,-1.305396109819412231e-01,6.957379169762134552e-03,4.034010469913482666e-01,2.893778383731842041e-01,-3.088506460189819336e-01,-8.644989132881164551e-02,-2.219372689723968506e-01,-4.232400655746459961e-01,-2.317464500665664673e-01,-5.777282118797302246e-01,-5.295825600624084473e-01,-8.418222889304161072e-03,3.648656010627746582e-01,0.000000000000000000e+00
5.543122068047523499e-02,1.284386068582534790e-01,-4.224735870957374573e-02,-1.027422472834587097e-01,2.016606926918029785e-01,8.417041599750518799e-02,4.679596424102783203e-02,2.927184402942657471e-01,2.743896842002868652e-01,3.619492352008819580e-01,-6.398887932300567627e-02,2.610997259616851807e-01,-2.028971724212169647e-02,-2.738822996616363525e-01,-5.961652845144271851e-02,1.000000000000000000e+00,-5.908712372183799744e-02,-3.698645858094096184e-03,-1.630586534738540649e-01,-1.276451647281646729e-01,-7.666986435651779175e-02,0.000000000000000000e+00,-1.091849356889724731e-01,-1.404764056205749512e-01,1.004986241459846497e-01,6.886750459671020508e-03,1.891457885503768921e-01,-1.771239936351776123e-02,-1.193592175841331482e-01,-2.242829650640487671e-01,-7.427833974361419678e-02,5.825090780854225159e-02,2.866102457046508789e-01,-1.935361623764038086e-01,1.165936440229415894e-01,3.953099250793457031e-02,-2.390174893662333488e-03,2.366775646805763245e-02,2.293497920036315918e-01,6.942927092313766479e-02,3.236011266708374023e-01,1.004481017589569092e-01,-2.967132925987243652e-01,1.112765222787857056e-01,-4.584863036870956421e-02,-1.696844547986984253e-01,-1.002569310367107391e-02,0.000000000000000000e+00
-2.885229587554931641e-01,-1.334478855133056641e-01,3.857420086860656738e-01,4.562206566333770752e-01,-7.440650463104248047e-02,-6.900836527347564697e-02,6.193303465843200684e-01,-3.269801735877990723e-01,-2.014761418104171753e-01,-3.760388493537902832e-02,3.615525364875793457e-02,6.918586045503616333e-02,-3.920720145106315613e-02,8.601152151823043823e-02,2.422814816236495972e-01,-5.908712372183799744e-02,1.000000000000000000e+00,5.545783042907714844e-01,5.176829695701599121e-01,2.657256722450256348e-01,-5.276266485452651978e-02,0.000000000000000000e+00,1.025897711515426636e-01,-2.853299304842948914e-02,-3.674112856388092041e-01,3.960713148117065430e-01,2.353943884372711182e-01,-1.903536170721054077e-01,6.200151517987251282e-03,2.203114777803421021e-01,3.559691607952117920e-01,-2.910271286964416504e-02,-1.750606447458267212e-01,-1.631105244159698486e-01,1.958987675607204437e-02,-1.692551374435424805e-01,2.737715840339660645e-01,1.207000464200973511e-01,-3.381741940975189209e-01,-3.356040120124816895e-01,-1.622554361820220947e-01,4.852161929011344910e-02,-2.886557579040527344e-02,-1.629054099321365356e-01,-1.371582448482513428e-01,1.294705923646688461e-02,2.356115430593490601e-01,0.000000000000000000e+00
-2.996722469106316566e-03,-1.167503278702497482e-02,3.294165134429931641e-01,4.773488342761993408e-01,-2.279605865478515625e-01,-1.880518496036529541e-01,3.812260329723358154e-01,-1.093257293105125427e-01,-1.852907687425613403e-01,-3.330143392086029053e-01,-1.052638236433267593e-02,-2.248123288154602051e-01,-2.250360548496246338e-01,1.367552727460861206e-01,8.157297223806381226e-02,-3.698645858094096184e-03,5.545783042907714844e-01,1.000000000000000000e+00,5.474359989166259766e-01,1.659468114376068115e-01,-2.335571125149726868e-02,0.000000000000000000e+00,1.063942164182662964e-01,-3.654686808586120605e-01,-1.418861746788024902e-01,2.770717740058898926e-01,2.730428278446197510e-01,-2.569002471864223480e-02,1.212518066167831421e-01,-1.387376710772514343e-02,1.244478672742843628e-01,4.442316293716430664e-02,-7.501907646656036377e-02,-9.556551277637481689e-02,3.143146634101867676e-02,-3.796023726463317871e-01,3.823483288288116455e-01,-4.648182541131973267e-02,-4.227864742279052734e-01,-5.042747855186462402e-01,-1.560588181018829346e-01,-1.348608732223510742e-01,-2.508296072483062744e-02,-2.475102059543132782e-02,-1.108723282814025879e-01,-2.185464501380920410e-01,-1.135337129235267639e-01,0.000000000000000000e+00
3.818356245756149292e-02,7.253725826740264893e-02,1.389132142066955566e-01,3.344957828521728516e-01,-2.568903267383575439e-01,-1.974594146013259888e-01,1.435119956731796265e-01,-1.942821592092514038e-01,-2.560070157051086426e-01,-2.400104403495788574e-01,-6.831114739179611206e-02,-1.805418729782104492e-01,-3.882673801854252815e-03,1.332340687513351440e-01,-6.988912075757980347e-02,-1.630586534738540649e-01,5.176829695701599121e-01,5.474359393119812012e-01,1.000000000000000000e+00,4.481485188007354736e-01,1.947689652442932129e-01,0.000000000000000000e+00,1.616399139165878296e-01,-1.765012890100479126e-01,-2.726755738258361816e-01,9.913837909698486328e-02,2.245064079761505127e-01,1.949174329638481140e-02,2.095117717981338501e-01,2.624045126140117645e-02,-2.034931909292936325e-03,-7.513974606990814209e-02,-9.324784576892852783e-02,-4.241825267672538757e-02,-9.805285185575485229e-02,-2.741572856903076172e-01,1.204942315816879272e-01,-1.554945558309555054e-01,-3.798278272151947021e-01,-3.010906577110290527e-01,-1.599502861499786377e-01,-4.402946680784225464e-02,3.457526862621307373e-01,2.420445904135704041e-03,2.844388969242572784e-02,1.024684384465217590e-01,-7.624059915542602539e-02,0.000000000000000000e+00
-1.117437705397605896e-01,7.498724386096000671e-03,3.233538591302931309e-04,2.015224657952785492e-02,-1.347539108246564865e-02,1.776459068059921265e-02,9.993444196879863739e-03,-2.520230710506439209e-01,-3.288862481713294983e-02,-3.509701788425445557e-02,2.632019110023975372e-02,5.867000669240951538e-02,3.880550265312194824e-01,1.950065642595291138e-01,9.697304107248783112e-03,-1.276451647281646729e-01,2.657256722450256348e-01,1.659468114376068115e-01,4.481485188007354736e-01,1.000000000000000000e+00,3.956195414066314697e-01,0.000000000000000000e+00,-6.984231877140700817e-04,1.505682319402694702e-01,-3.306923210620880127e-01,-6.415065377950668335e-02,1.869311369955539703e-02,-7.398542016744613647e-02,1.234075427055358887e-01,2.665311098098754883e-01,1.543590873479843140e-01,-1.638336926698684692e-01,-2.512674033641815186e-02,-5.058633908629417419e-02,-7.737654447555541992e-02,1.897884719073772430e-02,8.862304687500000000e-02,8.972487412393093109e-03,-1.117419302463531494e-01,6.168035045266151428e-02,-5.621418729424476624e-02,9.289121255278587341e-03,4.186380207538604736e-01,-7.660164684057235718e-02,1.236063987016677856e-01,4.478523135185241699e-01,1.327680051326751709e-01,0.000000000000000000e+00
1.686271280050277710e-01,2.090208530426025391e-01,-2.308126538991928101e-01,-1.016177516430616379e-02,-1.858784258365631104e-02,-1.157704517245292664e-01,-1.848722845315933228e-01,-1.733518242835998535e-01,-6.971038877964019775e-02,-2.460489720106124878e-01,-2.237019389867782593e-01,-1.974130272865295410e-01,4.280187785625457764e-01,-5.274847149848937988e-02,-2.876154482364654541e-01,-7.666986435651779175e-02,-5.276266857981681824e-02,-2.335571125149726868e-02,1.947689652442932129e-01,3.956195414066314697e-01,1.000000000000000000e+00,0.000000000000000000e+00,3.810086101293563843e-02,-3.646045550704002380e-02,-2.737893164157867432e-01,-2.416664510965347290e-01,-1.277822852134704590e-01,8.443923294544219971e-02,2.320688217878341675e-01,2.083038166165351868e-02,-2.568294405937194824e-01,6.979782879352569580e-02,5.677564069628715515e-03,1.137563213706016541e-01,-2.733907476067543030e-02,-6.661037355661392212e-02,-1.387006491422653198e-01,-1.212100535631179810e-01,-2.992719225585460663e-02,1.438458114862442017e-01,-7.163678854703903198e-02,8.818007260560989380e-02,3.334627449512481689e-01,8.384071290493011475e-02,1.372818201780319214e-01,2.111495882272720337e-01,-1.284919679164886475e-01,0.000000000000000000e+00
0.000000000000000000e+00,0.000000000000000000e+00,0.000000000000000000e+00,0.000000000000000000e+00,0.000000000000000000e+00,0.000000000000000000e+00,0.000000000000000000e+00,0.000000000000000000e+00,0.000000000000000000e+00,0.000000000000000000e+00,0.000000000000000000e+00,0.000000000000000000e+00,0.000000000000000000e+00,0.000000000000000000e+00,0.000000000000000000e+00,0.000000000000000000e+00,0.000000000000000000e+00,0.000000000000000000e+00,0.000000000000000000e+00,0.000000000000000000e+00,0.000000000000000000e+00,1.000000000000000000e+00,0.000000000000000000e+00,0.000000000000000000e+00,0.000000000000000000e+00,0.000000000000000000e+00,0.000000000000000000e+00,0.000000000000000000e+00,0.000000000000000000e+00,0.000000000000000000e+00,0.000000000000000000e+00,0.000000000000000000e+00,0.000000000000000000e+00,0.000000000000000000e+00,0.000000000000000000e+00,0.000000000000000000e+00,0.000000000000000000e+00,0.000000000000000000e+00,0.000000000000000000e+00,0.000000000000000000e+00,0.000000000000000000e+00,0.000000000000000000e+00,0.000000000000000000e+00,0.000000000000000000e+00,0.000000000000000000e+00,0.000000000000000000e+00,0.000000000000000000e+00,0.000000000000000000e+00
1.266269385814666748e-01,4.697703570127487183e-02,3.928085416555404663e-02,1.540331393480300903e-01,-3.441911423578858376e-03,-5.510779842734336853e-02,7.665721327066421509e-02,-2.136652022600173950e-01,-7.580054551362991333e-02,-1.494567692279815674e-01,2.746036741882562637e-03,-1.496397703886032104e-01,6.101237982511520386e-02,-5.602846294641494751e-02,7.270000874996185303e-03,-1.091849356889724731e-01,1.025897711515426636e-01,1.063942164182662964e-01,1.616399139165878296e-01,-6.984231877140700817e-04,3.810086473822593689e-02,0.000000000000000000e+00,1.000000000000000000e+00,-8.102150261402130127e-02,-4.098023846745491028e-02,-2.440695650875568390e-02,-1.733834743499755859e-01,3.883821191266179085e-03,1.119628995656967163e-01,7.093040645122528076e-02,4.948960151523351669e-03,3.725209832191467285e-02,-1.912957057356834412e-02,1.200683601200580597e-02,5.360482260584831238e-02,-1.046633720397949219e-01,-7.009679079055786133e-02,-3.813141956925392151e-02,-1.610610932111740112e-01,-1.359699964523315430e-01,-6.110722944140434265e-02,-2.582963369786739349e-02,1.516424268484115601e-01,5.624334793537855148e-03,-8.145957253873348236e-03,1.123285964131355286e-01,-6.368250399827957153e-02,0.000000000000000000e+00
-3.636553287506103516e-01,-3.070644438266754150e-01,-8.043412119150161743e-03,-2.500164210796356201e-01,2.716771699488162994e-02,1.641477644443511963e-02,-2.111499756574630737e-02,-1.847535371780395508e-01,-1.122794523835182190e-01,2.722945213317871094e-01,-2.586473524570465088e-02,1.777620762586593628e-01,1.217810660600662231e-01,7.101517915725708008e-02,1.977622509002685547e-01,-1.404764056205749512e-01,-2.853299304842948914e-02,-3.654686808586120605e-01,-1.765013039112091064e-01,1.505682319402694702e-01,-3.646045550704002380e-02,0.000000000000000000e+00,-8.102150261402130127e-02,1.000000000000000000e+00,-9.101689606904983521e-02,5.064436793327331543e-02,-6.981364637613296509e-02,-2.027806341648101807e-01,-2.141354680061340332e-01,2.012498676776885986e-01,2.980128526687622070e-01,-3.581001162528991699e-01,-2.090314626693725586e-01,-9.529491513967514038e-02,-1.170700117945671082e-01,5.467231869697570801e-01,-1.422463208436965942e-01,1.200798973441123962e-01,2.678427696228027344e-01,4.301715493202209473e-01,-9.142567962408065796e-02,-6.219790130853652954e-02,-1.237168163061141968e-01,-2.615011334419250488e-01,-1.481077522039413452e-01,2.058764398097991943e-01,5.198603868484497070e-01,0.000000000000000000e+00
4.365254938602447510e-02,-1.495792567729949951e-01,6.132377684116363525e-02,-7.042840868234634399e-02,-3.052409924566745758e-02,7.148678600788116455e-02,-6.301085650920867920e-02,5.910705924034118652e-01,3.068563342094421387e-01,5.887321382761001587e-02,2.999523282051086426e-01,8.056925237178802490e-02,-2.922269403934478760e-01,-2.343603074550628662e-01,-2.912531979382038116e-02,1.004986241459846497e-01,-3.674112856388092041e-01,-1.418861746788024902e-01,-2.726755738258361816e-01,-3.306922912597656250e-01,-2.737893164157867432e-01,0.000000000000000000e+00,-4.098023846745491028e-02,-9.101689606904983521e-02,1.000000000000000000e+00,6.688822805881500244e-02,-2.669374644756317139e-01,-3.186291456222534180e-02,-2.980131208896636963e-01,-1.232544481754302979e-01,-9.589852392673492432e-02,1.761325821280479431e-02,3.077004570513963699e-03,-2.052989602088928223e-01,-1.641385406255722046e-01,-3.280761092901229858e-02,-2.493227422237396240e-01,-2.340278327465057373e-01,1.644527316093444824e-01,2.388311773538589478e-01,1.197794973850250244e-01,-2.310110032558441162e-01,-2.919593155384063721e-01,-4.303207248449325562e-02,-1.147368177771568298e-01,-1.905497610569000244e-01,-1.052881404757499695e-01,0.000000000000000000e+00
-5.587077140808105469e-01,-6.098484396934509277e-01,7.798872590065002441e-01,3.429058492183685303e-01,-1.612309515476226807e-01,4.230754915624856949e-03,6.685708761215209961e-01,-1.337175816297531128e-01,-1.387697011232376099e-01,4.069162160158157349e-02,3.544633984565734863e-01,3.330568969249725342e-02,-4.944742023944854736e-01,1.618230491876602173e-01,4.786257743835449219e-01,6.886750459671020508e-03,3.960713148117065430e-01,2.770717740058898926e-01,9.913837909698486328e-02,-6.415065377950668335e-02,-2.416664510965347290e-01,0.000000000000000000e+00,-2.440695650875568390e-02,5.064436793327331543e-02,6.688822805881500244e-02,1.000000000000000000e+00,1.183357089757919312e-01,-4.673549532890319824e-01,-4.392860531806945801e-01,3.723271787166595459e-01,4.407508373260498047e-01,-3.317191079258918762e-02,-3.814551234245300293e-01,-3.956130146980285645e-01,-3.624788522720336914e-01,-2.537470161914825439e-01,2.717819511890411377e-01,-1.561266034841537476e-01,-3.706106841564178467e-01,-7.089917361736297607e-02,-2.495498657226562500e-01,-2.725016772747039795e-01,-4.408158957958221436e-01,-5.803883075714111328e-01,-5.069673657417297363e-01,-1.529662460088729858e-01,1.987316310405731201e-01,0.000000000000000000e+00
3.869689069688320160e-03,1.012898236513137817e-01,6.419128924608230591e-02,1.008678153157234192e-01,1.682425849139690399e-02,1.443653702735900879e-01,1.135519817471504211e-01,-6.355150043964385986e-02,-1.536014527082443237e-01,2.091273069381713867e-01,-2.200051248073577881e-01,1.747951358556747437e-01,-9.153772145509719849e-02,2.585171163082122803e-01,-4.363690316677093506e-02,1.891457885503768921e-01,2.353944033384323120e-01,2.730427980422973633e-01,2.245064079761505127e-01,1.869311369955539703e-02,-1.277822852134704590e-01,0.000000000000000000e+00,-1.733834892511367798e-01,-6.981363892555236816e-02,-2.669374644756317139e-01,1.183357089757919312e-01,1.000000000000000000e+00,1.735921651124954224e-01,1.632576137781143188e-01,-2.628115117549896240e-01,-2.233326993882656097e-02,1.634672284126281738e-02,2.071927189826965332e-01,1.816973835229873657e-01,4.801736772060394287e-02,-5.938822031021118164e-02,2.756256163120269775e-01,-9.745748341083526611e-02,-1.110040098428726196e-01,-2.476024329662322998e-01,1.837660670280456543e-01,2.496882230043411255e-01,-5.769439786672592163e-02,1.809414625167846680e-01,1.468288749456405640e-01,-1.157153397798538208e-01,4.669648408889770508e-02,0.000000000000000000e+00
5.942234396934509277e-01,6.196619868278503418e-01,-4.256196320056915283e-01,2.705177664756774902e-02,3.432985544204711914e-01,3.523899018764495850e-01,-3.097859919071197510e-01,3.707625344395637512e-02,-1.418918371200561523e-02,-5.096885934472084045e-02,-4.256426990032196045e-01,-6.241688877344131470e-02,2.880057990550994873e-01,1.083693373948335648e-02,-5.256952047348022461e-01,-1.771239936351776123e-02,-1.903536170721054077e-01,-2.569002471864223480e-02,1.949174515902996063e-02,-7.398541271686553955e-02,8.443923294544219971e-02,0.000000000000000000e+00,3.883821191266179085e-03,-2.027806341648101807e-01,-3.186291456222534180e-02,-4.673549532890319824e-01,1.735921800136566162e-01,1.000000000000000000e+00,7.504478096961975098e-01,-5.399100780487060547e-01,-4.332360029220581055e-01,9.689071029424667358e-02,4.148143827915191650e-01,5.386589765548706055e-01,1.973311603069305420e-01,-3.921636193990707397e-02,-8.676992356777191162e-02,-1.253470778465270996e-01,1.080666631460189819e-01,-1.008927449584007263e-01,4.136132001876831055e-01,5.661984086036682129e-01,3.038617372512817383e-01,6.118692755699157715e-01,5.935354828834533691e-01,5.865480378270149231e-02,-1.689108014106750488e-01,0.000000000000000000e+00
5.468191504478454590e-01,5.944625139236450195e-01,-3.824763000011444092e-01,1.291357427835464478e-01,2.770647108554840088e-01,2.129788547754287720e-01,-2.193368375301361084e-01,-2.094203233718872070e-01,-1.351058483123779297e-01,-1.550891101360321045e-01,-5.138617157936096191e-01,-1.897518336772918701e-01,3.975599110126495361e-01,9.261905401945114136e-02,-5.120847821235656738e-01,-1.193592175841331482e-01,6.200151517987251282e-03,1.212518066167831421e-01,2.095117717981338501e-01,1.234075427055358887e-01,2.320688217878341675e-01,0.000000000000000000e+00,1.119629070162773132e-01,-2.141354531049728394e-01,-2.980131208896636963e-01,-4.392860829830169678e-01,1.632576137781143188e-01,7.504477500915527344e-01,1.000000000000000000e+00,-4.180688261985778809e-01,-4.019880890846252441e-01,9.493285417556762695e-02,2.981072068214416504e-01,5.048681497573852539e-01,1.517663598060607910e-01,-1.592725366353988647e-01,-2.657402865588665009e-02,-1.169646456837654114e-01,-8.387087285518646240e-02,-2.319646179676055908e-01,2.605324685573577881e-01,5.241653919219970703e-01,4.249080121517181396e-01,5.320675969123840332e-01,5.357519984245300293e-01,1.391659528017044067e-01,-1.610092818737030029e-01,0.000000000000000000e+00
-4.801187813282012939e-01,-5.126174688339233398e-01,4.883709251880645752e-01,-4.210402444005012512e-02,-7.369090616703033447e-02,-5.116300284862518311e-02,3.347186148166656494e-01,-3.496480286121368408e-01,-8.172250539064407349e-02,-1.033891886472702026e-01,4.502151310443878174e-01,-2.481760224327445030e-03,-1.284672915935516357e-01,1.682825684547424316e-01,6.082081794738769531e-01,-2.242829799652099609e-01,2.203114926815032959e-01,-1.387376710772514343e-02,2.624045126140117645e-02,2.665311098098754883e-01,2.083038166165351868e-02,0.000000000000000000e+00,7.093040645122528076e-02,2.012498676776885986e-01,-1.232544481754302979e-01,3.723271489143371582e-01,-2.628115117549896240e-01,-5.399100780487060547e-01,-4.180688261985778809e-01,1.000000000000000000e+00,6.522404551506042480e-01,-5.604560673236846924e-02,-3.318027853965759277e-01,-3.761534988880157471e-01,-2.007841020822525024e-01,-1.541956095024943352e-03,1.807912737131118774e-01,9.078675508499145508e-02,-3.565635085105895996e-01,-3.756268322467803955e-02,-2.870559394359588623e-01,-3.449920117855072021e-01,5.863087996840476990e-02,-6.367418169975280762e-01,-4.149692356586456299e-01,2.465636581182479858e-01,3.061341345310211182e-01,0.000000000000000000e+00
-4.707708656787872314e-01,-4.782177209854125977e-01,5.428707599639892578e-01,-6.009677052497863770e-02,2.023684419691562653e-02,7.409343868494033813e-02,4.622108638286590576e-01,-3.008189797401428223e-01,-7.742337882518768311e-02,1.009928435087203979e-01,3.841729760169982910e-01,2.369730025529861450e-01,-1.967744082212448120e-01,2.203704863786697388e-01,7.380094528198242188e-01,-7.427833974361419678e-02,3.559691607952117920e-01,1.244478672742843628e-01,-2.034931909292936325e-03,1.543590873479843140e-01,-2.568294405937194824e-01,0.000000000000000000e+00,4.948960151523351669e-03,2.980128526687622070e-01,-9.589852392673492432e-02,4.407508373260498047e-01,-2.233326993882656097e-02,-4.332360029220581055e-01,-4.019881188869476318e-01,6.522404551506042480e-01,1.000000000000000000e+00,-1.078103408217430115e-01,-1.654615104198455811e-01,-4.217447638511657715e-01,-5.474457144737243652e-02,1.559922546148300171e-01,3.365715742111206055e-01,2.414976358413696289e-01,-2.894547283649444580e-01,-8.936730772256851196e-02,-7.468881458044052124e-02,-2.519604563713073730e-01,-2.022686749696731567e-01,-5.593226552009582520e-01,-4.180282652378082275e-01,7.295210659503936768e-02,5.641889572143554688e-01,0.000000000000000000e+00
5.914968252182006836e-02,6.005861610174179077e-02,-1.310428883880376816e-02,4.176860302686691284e-02,-4.107801243662834167e-02,2.677319198846817017e-02,-1.308921538293361664e-02,7.280565798282623291e-02,1.552933827042579651e-02,-1.319358497858047485e-01,7.138960808515548706e-02,-6.631270051002502441e-02,2.663758024573326111e-02,-3.324558958411216736e-02,-6.936555355787277222e-02,5.825090780854225159e-02,-2.910271286964416504e-02,4.442316666245460510e-02,-7.513974606990814209e-02,-1.638336926698684692e-01,6.979783624410629272e-02,0.000000000000000000e+00,3.725209832191467285e-02,-3.581001162528991699e-01,1.761325821280479431e-02,-3.317191079258918762e-02,1.634672284126281738e-02,9.689071029424667358e-02,9.493285417556762695e-02,-5.604560673236846924e-02,-1.078103408217430115e-01,1.000000000000000000e+00,-9.187174960970878601e-03,9.565646946430206299e-02,5.979466438293457031e-02,-1.801168471574783325e-01,5.004270747303962708e-02,-1.077269949018955231e-02,-3.279762715101242065e-02,-1.225909739732742310e-01,-3.638131916522979736e-02,9.848278015851974487e-02,4.970801249146461487e-02,8.569168299436569214e-02,1.388494968414306641e-01,-5.510653555393218994e-02,-2.188695818185806274e-01,0.000000000000000000e+00
