1.000000000000000000e+00,2.442527860403060913e-01,1.195229664444923401e-01,2.206392437219619751e-01,3.920946419239044189e-01,2.791518867015838623e-01,1.447382569313049316e-01,1.871468275785446167e-01,2.719855308532714844e-01,1.724257022142410278e-01,1.272990852594375610e-01,3.710466325283050537e-01,1.885166019201278687e-01,3.643383681774139404e-01,1.330559141933917999e-02,-5.611617118120193481e-03,6.334970146417617798e-02,0.000000000000000000e+00,0.000000000000000000e+00,1.735485903918743134e-02,0.000000000000000000e+00,0.000000000000000000e+00,1.794543415307998657e-01,-2.476072013378143311e-01,2.092818915843963623e-01,-1.324581503868103027e-01,4.890010058879852295e-01,3.295996487140655518e-01,4.285236001014709473e-01,-2.513366639614105225e-01,-2.829656898975372314e-01,0.000000000000000000e+00,3.367049396038055420e-01,1.052828878164291382e-01,1.625217795372009277e-01,-6.680279504507780075e-03,1.719290614128112793e-01,2.385906726121902466e-01,3.142136931419372559e-01,3.332725539803504944e-02,1.973387598991394043e-01,2.360508032143115997e-02,2.124592810869216919e-01,1.744385361671447754e-01,2.109093219041824341e-01,4.267554879188537598e-01,-2.271809428930282593e-01,0.000000000000000000e+00
2.442527860403060913e-01,1.000000000000000000e+00,-6.712384223937988281e-01,-4.016888141632080078e-01,1.725909858942031860e-01,1.015119254589080811e-01,-1.169267110526561737e-02,3.193543255329132080e-01,3.710228502750396729e-01,6.035581603646278381e-02,1.313912868499755859e-01,3.317034840583801270e-01,-4.098655283451080322e-02,5.056740641593933105e-01,5.579650029540061951e-02,2.134552448987960815e-01,-2.985427975654602051e-01,0.000000000000000000e+00,0.000000000000000000e+00,2.421924611553549767e-03,0.000000000000000000e+00,0.000000000000000000e+00,6.559792160987854004e-02,-3.324685851112008095e-03,1.207503005862236023e-01,-5.939932465553283691e-01,4.839511513710021973e-01,-4.680835604667663574e-01,-1.398060023784637451e-01,-4.776862263679504395e-01,-4.595439732074737549e-01,0.000000000000000000e+00,6.113086938858032227e-01,4.316937625408172607e-01,6.923112273216247559e-01,1.595671474933624268e-01,3.313262462615966797e-01,6.346601843833923340e-01,5.324925780296325684e-01,3.327392414212226868e-02,7.560901641845703125e-01,2.954396009445190430e-01,-7.112192362546920776e-02,6.425033807754516602e-01,6.520217061042785645e-01,-1.934142224490642548e-02,5.176855484023690224e-04,0.000000000000000000e+00
1.195229664444923401e-01,-6.712384223937988281e-01,1.000000000000000000e+00,6.695724129676818848e-01,1.359791755676269531e-01,3.058646619319915771e-01,3.441233634948730469e-01,-3.106784224510192871e-01,-3.164246380329132080e-01,2.288018912076950073e-02,-1.640218049287796021e-01,-2.087856084108352661e-01,1.362692862749099731e-01,-4.968218207359313965e-01,-1.869218349456787109e-01,-1.782475858926773071e-01,4.375265538692474365e-01,0.000000000000000000e+00,0.000000000000000000e+00,-5.029847472906112671e-02,0.000000000000000000e+00,0.000000000000000000e+00,8.440451323986053467e-02,-2.458403557538986206e-01,-2.700429260730743408e-01,7.510896921157836914e-01,-4.242053329944610596e-01,6.002841591835021973e-01,3.526264429092407227e-01,5.545359849929809570e-01,5.301378965377807617e-01,0.000000000000000000e+00,-5.731455087661743164e-01,-6.610678434371948242e-01,-6.772606372833251953e-01,9.841089695692062378e-02,-4.837447702884674072e-01,-6.412988901138305664e-01,-3.584593832492828369e-01,1.686279475688934326e-01,-5.912752747535705566e-01,5.407289788126945496e-02,4.254566431045532227e-01,-4.978863596916198730e-01,-5.450996160507202148e-01,2.512136101722717285e-01,-3.159898519515991211e-01,0.000000000000000000e+00
2.206392437219619751e-01,-4.016887843608856201e-01,6.695724129676818848e-01,1.000000000000000000e+00,4.531915187835693359e-01,6.927229166030883789e-01,7.320752739906311035e-01,-2.226553112268447876e-01,-1.484904885292053223e-01,4.296215623617172241e-02,-3.653928637504577637e-02,-1.231016293168067932e-01,5.479543209075927734e-01,-1.888138651847839355e-01,-4.498402476310729980e-01,-4.322423338890075684e-01,7.203817963600158691e-01,0.000000000000000000e+00,0.000000000000000000e+00,1.757130622863769531e-01,0.000000000000000000e+00,0.000000000000000000e+00,-5.702066700905561447e-03,-5.551395565271377563e-02,-2.130697667598724365e-01,6.144489645957946777e-01,-1.971366107463836670e-01,2.674060165882110596e-01,3.801181912422180176e-01,3.082980513572692871e-01,4.186674058437347412e-01,0.000000000000000000e+00,-4.976302981376647949e-01,-5.523179173469543457e-01,-4.983681440353393555e-01,2.510196864604949951e-01,-4.085337519645690918e-01,-3.933764100074768066e-01,-1.833194792270660400e-01,3.034610450267791748e-01,-4.287005662918090820e-01,2.745531797409057617e-01,6.917554736137390137e-01,-5.505164265632629395e-01,-4.102670848369598389e-01,4.817748665809631348e-01,-2.958027720451354980e-01,0.000000000000000000e+00
3.920946121215820312e-01,1.725909858942031860e-01,1.359791606664657593e-01,4.531915187835693359e-01,1.000000000000000000e+00,6.502609848976135254e-01,4.156439304351806641e-01,-1.203925088047981262e-01,4.124162793159484863e-01,1.798426210880279541e-01,-3.796840459108352661e-02,8.127405494451522827e-02,3.607093095779418945e-01,5.752613069489598274e-04,-4.430555701255798340e-01,-3.511114418506622314e-01,1.586303561925888062e-01,0.000000000000000000e+00,0.000000000000000000e+00,8.663427084684371948e-02,0.000000000000000000e+00,0.000000000000000000e+00,1.875028014183044434e-01,-3.104069828987121582e-02,-2.776046693325042725e-01,2.029660046100616455e-01,2.809182405471801758e-01,2.047055959701538086e-01,5.031839609146118164e-01,1.279793828725814819e-01,1.393406689167022705e-01,0.000000000000000000e+00,4.790350049734115601e-02,-1.699065864086151123e-01,-9.014063328504562378e-02,2.952639460563659668e-01,-1.300173699855804443e-01,-1.370124220848083496e-01,1.471003703773021698e-02,2.111819088459014893e-01,2.623794376850128174e-01,4.439942240715026855e-01,3.479152917861938477e-01,4.389825463294982910e-02,2.041560411453247070e-01,4.126524329185485840e-01,-2.187481522560119629e-01,0.000000000000000000e+00
2.791518867015838623e-01,1.015119254589080811e-01,3.058646619319915771e-01,6.927228569984436035e-01,6.502610445022583008e-01,1.000000000000000000e+00,8.193983435630798340e-01,-1.330036818981170654e-01,1.315820030868053436e-02,6.532044708728790283e-02,3.927840851247310638e-03,6.955572217702865601e-02,5.106586217880249023e-01,-8.990938216447830200e-02,-5.589556694030761719e-01,-1.772243976593017578e-01,5.537509918212890625e-01,0.000000000000000000e+00,0.000000000000000000e+00,1.725761294364929199e-01,0.000000000000000000e+00,0.000000000000000000e+00,1.103856861591339111e-01,-4.026456922292709351e-02,-2.230296730995178223e-01,3.599284887313842773e-01,3.784990310668945312e-02,-4.350827634334564209e-02,3.128876984119415283e-01,1.210682988166809082e-01,2.589441835880279541e-01,0.000000000000000000e+00,-2.979457676410675049e-01,-3.250369429588317871e-01,-1.853996664285659790e-01,5.034904479980468750e-01,-3.283797204494476318e-01,-1.240350902080535889e-01,1.192331910133361816e-01,5.087969899177551270e-01,-1.684721745550632477e-02,6.737229228019714355e-01,7.830767035484313965e-01,-1.598167270421981812e-01,4.939924553036689758e-02,5.294345617294311523e-01,-3.864343762397766113e-01,0.000000000000000000e+00
1.447382569313049316e-01,-1.169267110526561737e-02,3.441233634948730469e-01,7.320752143859863281e-01,4.156439006328582764e-01,8.193983435630798340e-01,1.000000000000000000e+00,-1.394912153482437134e-01,-1.990588307380676270e-01,-7.354369014501571655e-02,2.014179341495037079e-02,-6.554719060659408569e-02,5.679033994674682617e-01,-5.867633968591690063e-02,-5.531167984008789062e-01,-2.489916235208511353e-01,7.136420011520385742e-01,0.000000000000000000e+00,0.000000000000000000e+00,2.361569702625274658e-01,0.000000000000000000e+00,0.000000000000000000e+00,-1.073898151516914368e-01,6.374257802963256836e-02,-1.294964253902435303e-01,4.008480310440063477e-01,-8.991525322198867798e-02,-1.500144153833389282e-01,1.648198962211608887e-01,7.654859125614166260e-02,2.445997148752212524e-01,0.000000000000000000e+00,-3.764143884181976318e-01,-4.048498570919036865e-01,-2.534505128860473633e-01,4.560550749301910400e-01,-3.493995964527130127e-01,-1.627353727817535400e-01,7.847017794847488403e-02,4.320767521858215332e-01,-1.779545545578002930e-01,6.287251710891723633e-01,8.170146942138671875e-01,-3.643621206283569336e-01,-1.403083354234695435e-01,4.314891397953033447e-01,-2.769644260406494141e-01,0.000000000000000000e+00
1.871468275785446167e-01,3.193543255329132080e-01,-3.106784224510192871e-01,-2.226553112268447876e-01,-1.203925088047981262e-01,-1.330036818981170654e-01,-1.394912153482437134e-01,1.000000000000000000e+00,2.361058294773101807e-01,-1.465680822730064392e-02,6.824367046356201172e-01,3.515128195285797119e-01,-1.270490325987339020e-02,3.694595992565155029e-01,4.719341099262237549e-01,5.563763156533241272e-02,-1.965927928686141968e-01,0.000000000000000000e+00,0.000000000000000000e+00,2.937912940979003906e-03,0.000000000000000000e+00,0.000000000000000000e+00,-5.767866969108581543e-02,8.285479992628097534e-02,4.920627176761627197e-01,-4.155723750591278076e-01,1.946836858987808228e-01,-2.101676017045974731e-01,-2.400822639465332031e-01,-3.620058894157409668e-01,-4.351700246334075928e-01,0.000000000000000000e+00,3.483767211437225342e-01,3.993235826492309570e-01,3.802953362464904785e-01,-2.073060870170593262e-01,5.321103930473327637e-01,4.694222509860992432e-01,2.965786457061767578e-01,-1.926867216825485229e-01,1.703926175832748413e-01,-1.413172483444213867e-01,-2.002429068088531494e-01,3.610057234764099121e-01,1.292668581008911133e-01,-2.085874229669570923e-01,5.955995991826057434e-02,0.000000000000000000e+00
2.719855308532714844e-01,3.710228502750396729e-01,-3.164246380329132080e-01,-1.484904885292053223e-01,4.124162793159484863e-01,1.315820030868053436e-02,-1.990588307380676270e-01,2.361058294773101807e-01,1.000000000000000000e+00,4.752885699272155762e-01,3.090934157371520996e-01,4.037443697452545166e-01,1.302703917026519775e-01,2.630120813846588135e-01,7.329755276441574097e-02,-2.386699020862579346e-01,-3.657078444957733154e-01,0.000000000000000000e+00,0.000000000000000000e+00,-1.260863691568374634e-01,0.000000000000000000e+00,0.000000000000000000e+00,2.354379743337631226e-01,1.265622526407241821e-01,-7.159896660596132278e-03,-2.876330316066741943e-01,4.040959179401397705e-01,1.448140144348144531e-01,2.586403191089630127e-01,1.877241581678390503e-02,-8.652526885271072388e-02,0.000000000000000000e+00,4.888914525508880615e-01,2.156148999929428101e-01,3.621270954608917236e-01,5.629420652985572815e-02,2.345718145370483398e-01,2.328454107046127319e-01,1.648276895284652710e-01,-8.809671550989151001e-02,4.673639237880706787e-01,6.232466176152229309e-02,-2.974075973033905029e-01,5.377061367034912109e-01,5.102168321609497070e-01,1.670864224433898926e-01,8.708058297634124756e-02,0.000000000000000000e+00
1.724257022142410278e-01,6.035581603646278381e-02,2.288018912076950073e-02,4.296215623617172241e-02,1.798426210880279541e-01,6.532044708728790283e-02,-7.354369014501571655e-02,-1.465680822730064392e-02,4.752885401248931885e-01,1.000000000000000000e+00,2.147637158632278442e-01,6.694120764732360840e-01,2.301055043935775757e-01,-3.385022748261690140e-03,1.464142650365829468e-01,6.268064677715301514e-02,-1.518016457557678223e-01,0.000000000000000000e+00,0.000000000000000000e+00,-4.246259853243827820e-02,0.000000000000000000e+00,0.000000000000000000e+00,1.580194979906082153e-01,8.628699183464050293e-02,-2.973836846649646759e-02,-1.327449530363082886e-01,1.743092536926269531e-01,1.789247542619705200e-01,2.981259822845458984e-01,2.020118087530136108e-01,1.543247699737548828e-01,0.000000000000000000e+00,2.089940011501312256e-01,-6.520119309425354004e-02,2.195386439561843872e-01,1.699903458356857300e-01,-1.659963428974151611e-01,9.083431959152221680e-02,1.520452052354812622e-01,2.178618162870407104e-01,1.729708462953567505e-01,4.169803112745285034e-02,-2.334668859839439392e-02,2.940182387828826904e-01,3.334471583366394043e-01,5.197319984436035156e-01,-1.227487102150917053e-01,0.000000000000000000e+00
1.272990852594375610e-01,1.313912719488143921e-01,-1.640218049287796021e-01,-3.653928637504577637e-02,-3.796840086579322815e-02,3.927840851247310638e-03,2.014179341495037079e-02,6.824367642402648926e-01,3.090934157371520996e-01,2.147637307643890381e-01,1.000000000000000000e+00,5.248357653617858887e-01,2.169732302427291870e-01,1.964279860258102417e-01,4.074968695640563965e-01,2.581782080233097076e-02,-7.047601044178009033e-02,0.000000000000000000e+00,0.000000000000000000e+00,3.649828210473060608e-02,0.000000000000000000e+00,0.000000000000000000e+00,-2.643302828073501587e-02,2.027345001697540283e-01,4.519616961479187012e-01,-2.396609783172607422e-01,1.200576275587081909e-01,-1.158694550395011902e-01,-1.226377487182617188e-01,-1.351317316293716431e-01,-1.589620560407638550e-01,0.000000000000000000e+00,1.376319527626037598e-01,1.731512099504470825e-01,2.052244395017623901e-01,3.736781701445579529e-02,2.457661181688308716e-01,2.667866945266723633e-01,3.021003901958465576e-01,2.945756353437900543e-02,-1.249016635119915009e-02,3.644137084484100342e-02,-4.141377657651901245e-02,2.875304520130157471e-01,1.696549952030181885e-01,2.539470233023166656e-02,3.297460451722145081e-02,0.000000000000000000e+00
3.710466325283050537e-01,3.317034840583801270e-01,-2.087856084108352661e-01,-1.231016293168067932e-01,8.127404749393463135e-02,6.955572217702865601e-02,-6.554719060659408569e-02,3.515128195285797119e-01,4.037443697452545166e-01,6.694121360778808594e-01,5.248357653617858887e-01,1.000000000000000000e+00,1.745047718286514282e-01,2.061513513326644897e-01,3.751669228076934814e-01,3.496612608432769775e-01,-1.998910754919052124e-01,0.000000000000000000e+00,0.000000000000000000e+00,3.457384556531906128e-02,0.000000000000000000e+00,0.000000000000000000e+00,1.748422235250473022e-01,5.187699198722839355e-02,3.108250498771667480e-01,-4.126329123973846436e-01,3.482314646244049072e-01,-8.834952861070632935e-02,2.999718114733695984e-02,-1.882063001394271851e-01,-1.918821632862091064e-01,0.000000000000000000e+00,3.519322574138641357e-01,2.517871558666229248e-01,4.566423594951629639e-01,1.458703279495239258e-01,1.065438762307167053e-01,4.261359572410583496e-01,4.808873236179351807e-01,2.891050875186920166e-01,2.681849300861358643e-01,5.462068319320678711e-02,2.284438535571098328e-02,4.389017820358276367e-01,4.235152006149291992e-01,3.853021562099456787e-01,-1.577929705381393433e-01,0.000000000000000000e+00
1.885166019201278687e-01,-4.098655283451080322e-02,1.362692862749099731e-01,5.479543209075927734e-01,3.607093095779418945e-01,5.106586217880249023e-01,5.679033994674682617e-01,-1.270490325987339020e-02,1.302703917026519775e-01,2.301055043935775757e-01,2.169732302427291870e-01,1.745047718286514282e-01,1.000000000000000000e+00,8.618823438882827759e-02,-2.805486917495727539e-01,-3.569400310516357422e-01,5.440948009490966797e-01,0.000000000000000000e+00,0.000000000000000000e+00,3.459331691265106201e-01,0.000000000000000000e+00,0.000000000000000000e+00,-9.203651547431945801e-02,2.437312304973602295e-01,-9.993904083967208862e-02,4.178001731634140015e-02,6.292993575334548950e-02,-1.279914826154708862e-01,1.117724478244781494e-01,-3.145965933799743652e-02,1.137528195977210999e-01,0.000000000000000000e+00,-1.052403971552848816e-01,-1.862877011299133301e-01,-4.105424880981445312e-02,2.582022845745086670e-01,-1.857960671186447144e-01,1.890964619815349579e-02,6.620159745216369629e-02,2.004336267709732056e-01,-1.281721740961074829e-01,3.037573695182800293e-01,4.569786190986633301e-01,-2.854648232460021973e-01,5.050583183765411377e-02,4.824715256690979004e-01,9.084320068359375000e-02,0.000000000000000000e+00
3.643383681774139404e-01,5.056740641593933105e-01,-4.968218207359313965e-01,-1.888138651847839355e-01,5.752613069489598274e-04,-8.990938216447830200e-02,-5.867633968591690063e-02,3.694595694541931152e-01,2.630120813846588135e-01,-3.385022748261690140e-03,1.964280009269714355e-01,2.061513513326644897e-01,8.618823438882827759e-02,1.000000000000000000e+00,1.493208259344100952e-01,-1.020626053214073181e-01,-4.470624029636383057e-02,0.000000000000000000e+00,0.000000000000000000e+00,7.841452211141586304e-02,0.000000000000000000e+00,0.000000000000000000e+00,-6.867382675409317017e-02,4.728176444768905640e-02,4.697382748126983643e-01,-5.703567862510681152e-01,5.110642910003662109e-01,-2.580289542675018311e-01,-6.306664645671844482e-02,-6.397109031677246094e-01,-5.929232835769653320e-01,0.000000000000000000e+00,5.398728251457214355e-01,5.207516551017761230e-01,6.000041365623474121e-01,-2.176968604326248169e-01,5.604765415191650391e-01,7.221083045005798340e-01,3.725009560585021973e-01,-2.048417776823043823e-01,4.281633198261260986e-01,-2.397387772798538208e-01,-1.297503262758255005e-01,2.417703866958618164e-01,3.024539053440093994e-01,9.267538785934448242e-02,1.456517130136489868e-01,0.000000000000000000e+00
1.330559141933917999e-02,5.579650029540061951e-02,-1.869218349456787109e-01,-4.498402476310729980e-01,-4.430555701255798340e-01,-5.589556694030761719e-01,-5.531167984008789062e-01,4.719341099262237549e-01,7.329756021499633789e-02,1.464142650365829468e-01,4.074968993663787842e-01,3.751669526100158691e-01,-2.805486917495727539e-01,1.493208259344100952e-01,1.000000000000000000e+00,3.519822955131530762e-01,-4.389137327671051025e-01,0.000000000000000000e+00,0.000000000000000000e+00,-2.108671963214874268e-01,0.000000000000000000e+00,0.000000000000000000e+00,4.892152920365333557e-02,-3.290245309472084045e-02,3.376538753509521484e-01,-4.060707688331604004e-01,2.793103642761707306e-02,1.638606376945972443e-02,-3.046939074993133545e-01,-1.364473700523376465e-01,-2.445272356271743774e-01,0.000000000000000000e+00,2.587097883224487305e-01,2.733837962150573730e-01,3.288273215293884277e-01,-2.492934465408325195e-01,3.340173959732055664e-01,3.013829588890075684e-01,2.307167053222656250e-01,-1.700659543275833130e-01,3.853894025087356567e-02,-4.294797182083129883e-01,-4.742611348628997803e-01,3.428540825843811035e-01,1.101649999618530273e-01,-2.471944838762283325e-01,1.179899051785469055e-01,0.000000000000000000e+00
-5.611617118120193481e-03,2.134552448987960815e-01,-1.782475858926773071e-01,-4.322423338890075684e-01,-3.511114418506622314e-01,-1.772243976593017578e-01,-2.489916235208511353e-01,5.563763156533241272e-02,-2.386699020862579346e-01,6.268064677715301514e-02,2.581782266497612000e-02,3.496612608432769775e-01,-3.569400608539581299e-01,-1.020626053214073181e-01,3.519822955131530762e-01,1.000000000000000000e+00,-2.483832836151123047e-01,0.000000000000000000e+00,0.000000000000000000e+00,-6.186122819781303406e-02,0.000000000000000000e+00,0.000000000000000000e+00,2.292281389236450195e-01,-1.490364223718643188e-01,8.204519748687744141e-02,-2.781186103820800781e-01,1.550015248358249664e-02,-2.144454270601272583e-01,-2.399517595767974854e-01,-9.125567972660064697e-02,-4.725287854671478271e-02,0.000000000000000000e+00,5.452084913849830627e-02,2.213862538337707520e-01,2.431679964065551758e-01,2.535116672515869141e-01,-2.849477902054786682e-02,2.213449031114578247e-01,4.377372264862060547e-01,4.163012206554412842e-01,1.018373817205429077e-01,5.075374245643615723e-02,3.501439467072486877e-02,3.386765420436859131e-01,2.515088319778442383e-01,1.501350197941064835e-02,-2.065105736255645752e-01,0.000000000000000000e+00
6.334970146417617798e-02,-2.985428273677825928e-01,4.375265836715698242e-01,7.203817963600158691e-01,1.586303561925888062e-01,5.537509918212890625e-01,7.136420011520385742e-01,-1.965927928686141968e-01,-3.657078444957733154e-01,-1.518016457557678223e-01,-7.047601044178009033e-02,-1.998910754919052124e-01,5.440948009490966797e-01,-4.470624029636383057e-02,-4.389137327671051025e-01,-2.483832836151123047e-01,1.000000000000000000e+00,0.000000000000000000e+00,0.000000000000000000e+00,2.767929732799530029e-01,0.000000000000000000e+00,0.000000000000000000e+00,-1.073779240250587463e-01,6.422345526516437531e-03,-1.219991222023963928e-01,3.771365582942962646e-01,-2.670447528362274170e-01,-7.714344561100006104e-02,9.851913899183273315e-02,2.301280759274959564e-02,1.963181644678115845e-01,0.000000000000000000e+00,-4.760574400424957275e-01,-3.946173191070556641e-01,-3.534791171550750732e-01,1.572950929403305054e-01,-3.751986324787139893e-01,-1.901521533727645874e-01,-1.429964005947113037e-01,2.662776112556457520e-01,-4.079815149307250977e-01,2.222553640604019165e-01,7.176128029823303223e-01,-5.991646051406860352e-01,-3.699389100074768066e-01,4.093029499053955078e-01,-1.944786310195922852e-01,0.000000000000000000e+00
0.000000000000000000e+00,0.000000000000000000e+00,0.000000000000000000e+00,0.000000000000000000e+00,0.000000000000000000e+00,0.000000000000000000e+00,0.000000000000000000e+00,0.000000000000000000e+00,0.000000000000000000e+00,0.000000000000000000e+00,0.000000000000000000e+00,0.000000000000000000e+00,0.000000000000000000e+00,0.000000000000000000e+00,0.000000000000000000e+00,0.000000000000000000e+00,0.000000000000000000e+00,1.000000000000000000e+00,0.000000000000000000e+00,0.000000000000000000e+00,0.000000000000000000e+00,0.000000000000000000e+00,0.000000000000000000e+00,0.000000000000000000e+00,0.000000000000000000e+00,0.000000000000000000e+00,0.000000000000000000e+00,0.000000000000000000e+00,0.000000000000000000e+00,0.000000000000000000e+00,0.000000000000000000e+00,0.000000000000000000e+00,0.000000000000000000e+00,0.000000000000000000e+00,0.000000000000000000e+00,0.000000000000000000e+00,0.000000000000000000e+00,0.000000000000000000e+00,0.000000000000000000e+00,0.000000000000000000e+00,0.000000000000000000e+00,0.000000000000000000e+00,0.000000000000000000e+00,0.000000000000000000e+00,0.000000000000000000e+00,0.000000000000000000e+00,0.000000000000000000e+00,0.000000000000000000e+00
0.000000000000000000e+00,0.000000000000000000e+00,0.000000000000000000e+00,0.000000000000000000e+00,0.000000000000000000e+00,0.000000000000000000e+00,0.000000000000000000e+00,0.000000000000000000e+00,0.000000000000000000e+00,0.000000000000000000e+00,0.000000000000000000e+00,0.000000000000000000e+00,0.000000000000000000e+00,0.000000000000000000e+00,0.000000000000000000e+00,0.000000000000000000e+00,0.000000000000000000e+00,0.000000000000000000e+00,1.000000000000000000e+00,0.000000000000000000e+00,0.000000000000000000e+00,0.000000000000000000e+00,0.000000000000000000e+00,0.000000000000000000e+00,0.000000000000000000e+00,0.000000000000000000e+00,0.000000000000000000e+00,0.000000000000000000e+00,0.000000000000000000e+00,0.000000000000000000e+00,0.000000000000000000e+00,0.000000000000000000e+00,0.000000000000000000e+00,0.000000000000000000e+00,0.000000000000000000e+00,0.000000000000000000e+00,0.000000000000000000e+00,0.000000000000000000e+00,0.000000000000000000e+00,0.000000000000000000e+00,0.000000000000000000e+00,0.000000000000000000e+00,0.000000000000000000e+00,0.000000000000000000e+00,0.000000000000000000e+00,0.000000000000000000e+00,0.000000000000000000e+00,0.000000000000000000e+00
1.735485903918743134e-02,2.421924611553549767e-03,-5.029847472906112671e-02,1.757130622863769531e-01,8.663427084684371948e-02,1.725761294364929199e-01,2.361569702625274658e-01,2.937912940979003906e-03,-1.260863691568374634e-01,-4.246260225772857666e-02,3.649827837944030762e-02,3.457384556531906128e-02,3.459331393241882324e-01,7.841452211141586304e-02,-2.108671963214874268e-01,-6.186122819781303406e-02,2.767929732799530029e-01,0.000000000000000000e+00,0.000000000000000000e+00,1.000000000000000000e+00,0.000000000000000000e+00,0.000000000000000000e+00,-1.269992738962173462e-01,1.590117961168289185e-01,-3.289467841386795044e-02,-1.320827305316925049e-01,-1.961941830813884735e-03,-2.457344979047775269e-01,-1.256754398345947266e-01,-2.243540883064270020e-01,-1.502748578786849976e-01,0.000000000000000000e+00,-8.162089437246322632e-02,-2.209121547639369965e-02,2.282949350774288177e-02,-1.064373031258583069e-01,-5.116530507802963257e-02,7.243834435939788818e-02,-1.101616322994232178e-01,-5.100529268383979797e-02,-5.475535243749618530e-02,8.774334937334060669e-02,2.238387912511825562e-01,-2.578282356262207031e-01,-1.438381522893905640e-02,1.504546403884887695e-01,2.385311424732208252e-01,0.000000000000000000e+00
0.000000000000000000e+00,0.000000000000000000e+00,0.000000000000000000e+00,0.000000000000000000e+00,0.000000000000000000e+00,0.000000000000000000e+00,0.000000000000000000e+00,0.000000000000000000e+00,0.000000000000000000e+00,0.000000000000000000e+00,0.000000000000000000e+00,0.000000000000000000e+00,0.000000000000000000e+00,0.000000000000000000e+00,0.000000000000000000e+00,0.000000000000000000e+00,0.000000000000000000e+00,0.000000000000000000e+00,0.000000000000000000e+00,0.000000000000000000e+00,1.000000000000000000e+00,0.000000000000000000e+00,0.000000000000000000e+00,0.000000000000000000e+00,0.000000000000000000e+00,0.000000000000000000e+00,0.000000000000000000e+00,0.000000000000000000e+00,0.000000000000000000e+00,0.000000000000000000e+00,0.000000000000000000e+00,0.000000000000000000e+00,0.000000000000000000e+00,0.000000000000000000e+00,0.000000000000000000e+00,0.000000000000000000e+00,0.000000000000000000e+00,0.000000000000000000e+00,0.000000000000000000e+00,0.000000000000000000e+00,0.000000000000000000e+00,0.000000000000000000e+00,0.000000000000000000e+00,0.000000000000000000e+00,0.000000000000000000e+00,0.000000000000000000e+00,0.000000000000000000e+00,0.000000000000000000e+00
0.000000000000000000e+00,0.000000000000000000e+00,0.000000000000000000e+00,0.000000000000000000e+00,0.000000000000000000e+00,0.000000000000000000e+00,0.000000000000000000e+00,0.000000000000000000e+00,0.000000000000000000e+00,0.000000000000000000e+00,0.000000000000000000e+00,0.000000000000000000e+00,0.000000000000000000e+00,0.000000000000000000e+00,0.000000000000000000e+00,0.000000000000000000e+00,0.000000000000000000e+00,0.000000000000000000e+00,0.000000000000000000e+00,0.000000000000000000e+00,0.000000000000000000e+00,1.000000000000000000e+00,0.000000000000000000e+00,0.000000000000000000e+00,0.000000000000000000e+00,0.000000000000000000e+00,0.000000000000000000e+00,0.000000000000000000e+00,0.000000000000000000e+00,0.000000000000000000e+00,0.000000000000000000e+00,0.000000000000000000e+00,0.000000000000000000e+00,0.000000000000000000e+00,0.000000000000000000e+00,0.000000000000000000e+00,0.000000000000000000e+00,0.000000000000000000e+00,0.000000000000000000e+00,0.000000000000000000e+00,0.000000000000000000e+00,0.000000000000000000e+00,0.000000000000000000e+00,0.000000000000000000e+00,0.000000000000000000e+00,0.000000000000000000e+00,0.000000000000000000e+00,0.000000000000000000e+00
1.794543415307998657e-01,6.559792160987854004e-02,8.440451323986053467e-02,-5.702066700905561447e-03,1.875028163194656372e-01,1.103856861591339111e-01,-1.073898151516914368e-01,-5.767866969108581543e-02,2.354379743337631226e-01,1.580194979906082153e-01,-2.643302641808986664e-02,1.748422235250473022e-01,-9.203650802373886108e-02,-6.867382675409317017e-02,4.892152920365333557e-02,2.292281389236450195e-01,-1.073779240250587463e-01,0.000000000000000000e+00,0.000000000000000000e+00,-1.269992738962173462e-01,0.000000000000000000e+00,0.000000000000000000e+00,1.000000000000000000e+00,-2.276979386806488037e-01,-1.533613801002502441e-01,4.592001438140869141e-02,5.955401808023452759e-02,2.579306066036224365e-01,2.577993273735046387e-01,2.572815418243408203e-01,2.435004860162734985e-01,0.000000000000000000e+00,-2.414915338158607483e-02,-5.589379742741584778e-02,-1.172795891761779785e-02,2.347626388072967529e-01,-1.343385279178619385e-01,-5.173262953758239746e-02,6.534741818904876709e-02,2.928752005100250244e-01,5.847025662660598755e-02,1.068646907806396484e-01,9.391140937805175781e-02,2.433640062808990479e-01,1.819683313369750977e-01,1.891217827796936035e-01,-3.338700830936431885e-01,0.000000000000000000e+00
-2.476071864366531372e-01,-3.324685851112008095e-03,-2.458403557538986206e-01,-5.551395565271377563e-02,-3.104069828987121582e-02,-4.026457294821739197e-02,6.374257802963256836e-02,8.285479992628097534e-02,1.265622526407241821e-01,8.628699183464050293e-02,2.027345150709152222e-01,5.187699198722839355e-02,2.437312304973602295e-01,4.728176444768905640e-02,-3.290245309472084045e-02,-1.490364074707031250e-01,6.422345526516437531e-03,0.000000000000000000e+00,0.000000000000000000e+00,1.590117961168289185e-01,0.000000000000000000e+00,0.000000000000000000e+00,-2.276979386806488037e-01,1.000000000000000000e+00,9.529367834329605103e-02,-1.356139183044433594e-01,1.569041237235069275e-02,-2.420818507671356201e-01,-1.782751828432083130e-01,-6.237204745411872864e-02,-3.801656886935234070e-02,0.000000000000000000e+00,8.173304051160812378e-02,7.867597043514251709e-02,9.462086856365203857e-02,3.245564177632331848e-02,1.176439672708511353e-01,5.424387007951736450e-02,3.269342705607414246e-02,-5.915361642837524414e-02,5.373289063572883606e-02,2.276002988219261169e-02,-1.189189106225967407e-01,-4.481095448136329651e-02,5.126845836639404297e-02,5.100971553474664688e-03,4.807662367820739746e-01,0.000000000000000000e+00
2.092818915843963623e-01,1.207503005862236023e-01,-2.700429260730743408e-01,-2.130697518587112427e-01,-2.776046693325042725e-01,-2.230296730995178223e-01,-1.294964253902435303e-01,4.920627176761627197e-01,-7.159896660596132278e-03,-2.973836846649646759e-02,4.519616663455963135e-01,3.108250498771667480e-01,-9.993904083967208862e-02,4.697382748126983643e-01,3.376538753509521484e-01,8.204519748687744141e-02,-1.219991222023963928e-01,0.000000000000000000e+00,0.000000000000000000e+00,-3.289467841386795044e-02,0.000000000000000000e+00,0.000000000000000000e+00,-1.533613801002502441e-01,9.529367834329605103e-02,1.000000000000000000e+00,-3.732367455959320068e-01,2.835088968276977539e-01,-1.126965805888175964e-01,-1.085011214017868042e-01,-4.845007956027984619e-01,-4.852080643177032471e-01,0.000000000000000000e+00,2.036880701780319214e-01,4.637811779975891113e-01,2.805856466293334961e-01,-3.144643604755401611e-01,5.278066396713256836e-01,4.673522114753723145e-01,2.554598152637481689e-01,-1.200240775942802429e-01,2.041834592819213867e-02,-3.406572639942169189e-01,-1.573676019906997681e-01,8.744280040264129639e-02,-1.325947977602481842e-02,-5.894720926880836487e-02,6.863429397344589233e-02,0.000000000000000000e+00
-1.324581652879714966e-01,-5.939932465553283691e-01,7.510897517204284668e-01,6.144489645957946777e-01,2.029660046100616455e-01,3.599284589290618896e-01,4.008480310440063477e-01,-4.155724048614501953e-01,-2.876330316066741943e-01,-1.327449530363082886e-01,-2.396609783172607422e-01,-4.126329421997070312e-01,4.178001731634140015e-02,-5.703567862510681152e-01,-4.060707688331604004e-01,-2.781186103820800781e-01,3.771365582942962646e-01,0.000000000000000000e+00,0.000000000000000000e+00,-1.320827305316925049e-01,0.000000000000000000e+00,0.000000000000000000e+00,4.592001438140869141e-02,-1.356139183044433594e-01,-3.732367157936096191e-01,1.000000000000000000e+00,-4.824495315551757812e-01,5.088891983032226562e-01,3.656572997570037842e-01,6.400409340858459473e-01,6.494588851928710938e-01,0.000000000000000000e+00,-6.179611682891845703e-01,-7.059029936790466309e-01,-7.751484513282775879e-01,2.420090287923812866e-01,-5.653928518295288086e-01,-7.551399469375610352e-01,-4.029742777347564697e-01,2.312109321355819702e-01,-5.431844592094421387e-01,2.520299255847930908e-01,4.261016249656677246e-01,-4.136676788330078125e-01,-5.600368380546569824e-01,8.292603492736816406e-02,-3.053474128246307373e-01,0.000000000000000000e+00
4.890010058879852295e-01,4.839511215686798096e-01,-4.242053627967834473e-01,-1.971366107463836670e-01,2.809182405471801758e-01,3.784990310668945312e-02,-8.991526067256927490e-02,1.946836858987808228e-01,4.040958881378173828e-01,1.743092536926269531e-01,1.200576201081275940e-01,3.482314944267272949e-01,6.292993575334548950e-02,5.110642910003662109e-01,2.793103642761707306e-02,1.550015248358249664e-02,-2.670447528362274170e-01,0.000000000000000000e+00,0.000000000000000000e+00,-1.961941830813884735e-03,0.000000000000000000e+00,0.000000000000000000e+00,5.955401808023452759e-02,1.569041237235069275e-02,2.835088968276977539e-01,-4.824495315551757812e-01,1.000000000000000000e+00,-6.989730149507522583e-02,1.391026079654693604e-01,-4.478165507316589355e-01,-4.604859352111816406e-01,0.000000000000000000e+00,5.597324371337890625e-01,5.614831447601318359e-01,5.413007736206054688e-01,-3.460527956485748291e-02,4.755747318267822266e-01,5.619738101959228516e-01,4.023533463478088379e-01,-7.206524908542633057e-02,4.544089734554290771e-01,-1.973681896924972534e-02,-1.066955178976058960e-01,3.288981020450592041e-01,4.758246541023254395e-01,2.064094394445419312e-01,2.186106331646442413e-02,0.000000000000000000e+00
3.295996487140655518e-01,-4.680835604667663574e-01,6.002841591835021973e-01,2.674060463905334473e-01,2.047056108713150024e-01,-4.350827634334564209e-02,-1.500144153833389282e-01,-2.101676017045974731e-01,1.448140144348144531e-01,1.789247393608093262e-01,-1.158694475889205933e-01,-8.834952861070632935e-02,-1.279914826154708862e-01,-2.580289542675018311e-01,1.638606376945972443e-02,-2.144454270601272583e-01,-7.714343816041946411e-02,0.000000000000000000e+00,0.000000000000000000e+00,-2.457344979047775269e-01,0.000000000000000000e+00,0.000000000000000000e+00,2.579306066036224365e-01,-2.420818507671356201e-01,-1.126965805888175964e-01,5.088891983032226562e-01,-6.989730149507522583e-02,1.000000000000000000e+00,6.651681661605834961e-01,4.685492217540740967e-01,3.166429102420806885e-01,0.000000000000000000e+00,-1.260081529617309570e-01,-3.785711228847503662e-01,-4.643214046955108643e-01,-1.030875742435455322e-01,-1.951440423727035522e-01,-4.740922152996063232e-01,-3.042036294937133789e-01,-8.887205272912979126e-02,-3.003688454627990723e-01,-2.059800773859024048e-01,-5.688226968050003052e-02,-6.819610297679901123e-02,-2.800842821598052979e-01,1.539372652769088745e-01,-1.733818054199218750e-01,0.000000000000000000e+00
4.285236001014709473e-01,-1.398060023784637451e-01,3.526264429092407227e-01,3.801181614398956299e-01,5.031839609146118164e-01,3.128876984119415283e-01,1.648198962211608887e-01,-2.400822639465332031e-01,2.586403191089630127e-01,2.981259822845458984e-01,-1.226377487182617188e-01,2.999718114733695984e-02,1.117724478244781494e-01,-6.306664645671844482e-02,-3.046939373016357422e-01,-2.399517595767974854e-01,9.851913899183273315e-02,0.000000000000000000e+00,0.000000000000000000e+00,-1.256754398345947266e-01,0.000000000000000000e+00,0.000000000000000000e+00,2.577993273735046387e-01,-1.782751679420471191e-01,-1.085011214017868042e-01,3.656572997570037842e-01,1.391026079654693604e-01,6.651681661605834961e-01,1.000000000000000000e+00,3.337204456329345703e-01,2.578601539134979248e-01,0.000000000000000000e+00,-1.232983171939849854e-02,-2.915748059749603271e-01,-2.817207574844360352e-01,1.304337084293365479e-01,-2.207234203815460205e-01,-2.549714744091033936e-01,-1.007604151964187622e-01,1.316358745098114014e-01,-6.023900210857391357e-02,9.044309705495834351e-02,1.980630606412887573e-01,5.285351071506738663e-03,-3.395346924662590027e-02,3.974624872207641602e-01,-2.789016664028167725e-01,0.000000000000000000e+00
-2.513366639614105225e-01,-4.776862263679504395e-01,5.545359849929809570e-01,3.082980811595916748e-01,1.279793828725814819e-01,1.210682988166809082e-01,7.654859125614166260e-02,-3.620058894157409668e-01,1.877241581678390503e-02,2.020118087530136108e-01,-1.351317316293716431e-01,-1.882063150405883789e-01,-3.145965933799743652e-02,-6.397109627723693848e-01,-1.364473700523376465e-01,-9.125567972660064697e-02,2.301280759274959564e-02,0.000000000000000000e+00,0.000000000000000000e+00,-2.243540883064270020e-01,0.000000000000000000e+00,0.000000000000000000e+00,2.572815418243408203e-01,-6.237205117940902710e-02,-4.845007956027984619e-01,6.400409936904907227e-01,-4.478165507316589355e-01,4.685492217540740967e-01,3.337204158306121826e-01,1.000000000000000000e+00,8.547739982604980469e-01,0.000000000000000000e+00,-4.627830088138580322e-01,-6.063652634620666504e-01,-5.152305960655212402e-01,3.993919193744659424e-01,-5.643252134323120117e-01,-6.506532430648803711e-01,-3.359005451202392578e-01,2.800157070159912109e-01,-3.574314415454864502e-01,2.423595041036605835e-01,1.305444836616516113e-01,-1.451350450515747070e-01,-2.025057375431060791e-01,7.839509099721908569e-02,-2.815076410770416260e-01,0.000000000000000000e+00
-2.829657196998596191e-01,-4.595439732074737549e-01,5.301378965377807617e-01,4.186674058437347412e-01,1.393406838178634644e-01,2.589441835880279541e-01,2.445997148752212524e-01,-4.351700246334075928e-01,-8.652526885271072388e-02,1.543247550725936890e-01,-1.589620560407638550e-01,-1.918821632862091064e-01,1.137528195977210999e-01,-5.929232239723205566e-01,-2.445272356271743774e-01,-4.725287854671478271e-02,1.963181644678115845e-01,0.000000000000000000e+00,0.000000000000000000e+00,-1.502748578786849976e-01,0.000000000000000000e+00,0.000000000000000000e+00,2.435004860162734985e-01,-3.801656886935234070e-02,-4.852080643177032471e-01,6.494588851928710938e-01,-4.604859352111816406e-01,3.166429400444030762e-01,2.578601539134979248e-01,8.547739982604980469e-01,1.000000000000000000e+00,0.000000000000000000e+00,-5.535841584205627441e-01,-5.896613597869873047e-01,-5.302096605300903320e-01,5.683117508888244629e-01,-6.189641952514648438e-01,-6.094942092895507812e-01,-2.016868740320205688e-01,4.471569955348968506e-01,-3.840525150299072266e-01,3.306765258312225342e-01,3.136710822582244873e-01,-2.576872110366821289e-01,-2.003357857465744019e-01,2.155998796224594116e-01,-3.039138615131378174e-01,0.000000000000000000e+00
0.000000000000000000e+00,0.000000000000000000e+00,0.000000000000000000e+00,0.000000000000000000e+00,0.000000000000000000e+00,0.000000000000000000e+00,0.000000000000000000e+00,0.000000000000000000e+00,0.000000000000000000e+00,0.000000000000000000e+00,0.000000000000000000e+00,0.000000000000000000e+00,0.000000000000000000e+00,0.000000000000000000e+00,0.000000000000000000e+00,0.000000000000000000e+00,0.000000000000000000e+00,0.000000000000000000e+00,0.000000000000000000e+00,0.000000000000000000e+00,0.000000000000000000e+00,0.000000000000000000e+00,0.000000000000000000e+00,0.000000000000000000e+00,0.000000000000000000e+00,0.000000000000000000e+00,0.000000000000000000e+00,0.000000000000000000e+00,0.000000000000000000e+00,0.000000000000000000e+00,0.000000000000000000e+00,1.000000000000000000e+00,0.000000000000000000e+00,0.000000000000000000e+00,0.000000000000000000e+00,0.000000000000000000e+00,0.000000000000000000e+00,0.000000000000000000e+00,0.000000000000000000e+00,0.000000000000000000e+00,0.000000000000000000e+00,0.000000000000000000e+00,0.000000000000000000e+00,0.000000000000000000e+00,0.000000000000000000e+00,0.000000000000000000e+00,0.000000000000000000e+00,0.000000000000000000e+00
