1.000000000000000000e+00,6.523630023002624512e-01,-2.593094408512115479e-01,-2.167876809835433960e-01,4.676472842693328857e-01,2.828494310379028320e-01,-2.456788569688796997e-01,3.418877124786376953e-01,4.003239274024963379e-01,9.977904707193374634e-02,3.780495524406433105e-01,2.102956734597682953e-02,-1.043227314949035645e-01,-5.640928819775581360e-02,-1.990111321210861206e-01,-2.157285213470458984e-01,-2.790977656841278076e-01,-8.900715038180351257e-03,-3.305872082710266113e-01,-1.703703403472900391e-01,1.728768646717071533e-01,0.000000000000000000e+00,0.000000000000000000e+00,2.493883073329925537e-01,4.357979595661163330e-01,-3.067073225975036621e-01,7.116561383008956909e-02,1.632751673460006714e-01,4.893143475055694580e-02,-4.141695201396942139e-01,-4.224968254566192627e-01,0.000000000000000000e+00,6.288942098617553711e-01,2.115549445152282715e-01,5.420389175415039062e-01,-1.287001371383666992e-01,6.177112925797700882e-03,2.376119643449783325e-01,-9.992823749780654907e-02,-1.784970052540302277e-02,6.490645408630371094e-01,3.283832967281341553e-01,5.036053806543350220e-02,3.491677045822143555e-01,6.378679722547531128e-02,3.273726999759674072e-02,6.733667850494384766e-02,0.000000000000000000e+00
6.523630023002624512e-01,1.000000000000000000e+00,-3.188906311988830566e-01,-2.016949355602264404e-01,4.194545149803161621e-01,2.951837182044982910e-01,-2.753558158874511719e-01,2.565641403198242188e-01,3.011466562747955322e-01,1.910327523946762085e-01,2.770836055278778076e-01,1.045070290565490723e-01,-1.274790018796920776e-01,-1.314059644937515259e-01,-2.579960525035858154e-01,-2.010292112827301025e-01,-2.336119264364242554e-01,-7.541799917817115784e-03,-2.902374267578125000e-01,-2.213372439146041870e-01,2.485197037458419800e-01,0.000000000000000000e+00,0.000000000000000000e+00,1.931563764810562134e-01,3.775731325149536133e-01,-3.684034943580627441e-01,1.398721933364868164e-01,2.308919280767440796e-01,1.121323108673095703e-01,-2.764724791049957275e-01,-3.349521756172180176e-01,0.000000000000000000e+00,4.437429010868072510e-01,1.844502091407775879e-01,4.330097436904907227e-01,-8.397116325795650482e-03,1.240991428494453430e-01,3.387174606323242188e-01,4.816037137061357498e-03,-7.496206555515527725e-03,6.483506560325622559e-01,4.657894372940063477e-01,2.069101333618164062e-01,5.492059588432312012e-01,2.989020645618438721e-01,1.788959503173828125e-01,2.159111797809600830e-01,0.000000000000000000e+00
-2.593094408512115479e-01,-3.188906311988830566e-01,1.000000000000000000e+00,4.101491868495941162e-01,5.362098664045333862e-02,2.524998784065246582e-01,5.159580707550048828e-01,9.030979126691818237e-02,1.199459359049797058e-01,-3.815392851829528809e-01,2.879527509212493896e-01,-2.805901467800140381e-01,1.860675960779190063e-01,1.276962012052536011e-01,-2.933275699615478516e-01,-3.233442306518554688e-01,-2.946129813790321350e-02,7.314196228981018066e-02,-2.798211276531219482e-01,3.062590584158897400e-02,-3.275994583964347839e-02,0.000000000000000000e+00,0.000000000000000000e+00,-1.815426796674728394e-01,-9.981332719326019287e-02,2.570587396621704102e-01,1.826607622206211090e-02,3.273457884788513184e-01,3.127075433731079102e-01,4.081088006496429443e-01,3.902630209922790527e-01,0.000000000000000000e+00,-4.178656041622161865e-01,-2.242793887853622437e-01,-2.973444163799285889e-01,3.230521827936172485e-02,-1.289408057928085327e-01,-5.890465155243873596e-02,-7.644677907228469849e-02,-2.875714600086212158e-01,-2.570793926715850830e-01,1.711913794279098511e-01,-1.433990150690078735e-01,-1.257956624031066895e-01,-1.699252873659133911e-01,-3.010405004024505615e-01,-1.836277246475219727e-01,0.000000000000000000e+00
-2.167876809835433960e-01,-2.016949355602264404e-01,4.101491868495941162e-01,1.000000000000000000e+00,-8.137978613376617432e-02,1.205939650535583496e-01,6.397500634193420410e-01,-2.841459810733795166e-01,-2.070270925760269165e-01,-3.003532886505126953e-01,-2.004741132259368896e-01,-3.570973277091979980e-01,-7.552371174097061157e-02,5.144157912582159042e-04,-2.156395614147186279e-01,-2.124555855989456177e-01,4.616264104843139648e-01,1.538702379912137985e-02,1.291230618953704834e-01,7.483323663473129272e-02,-1.858888715505599976e-01,0.000000000000000000e+00,0.000000000000000000e+00,-2.804692275822162628e-02,-2.470911443233489990e-01,2.335665747523307800e-02,-1.033607721328735352e-01,2.591885924339294434e-01,4.282549023628234863e-01,2.523179948329925537e-01,1.711179316043853760e-01,0.000000000000000000e+00,-4.920030832290649414e-01,-1.765770614147186279e-01,-2.756645083427429199e-01,-1.086966972798109055e-02,-2.165533304214477539e-01,-2.468459159135818481e-01,-2.047371715307235718e-01,-2.937745749950408936e-01,-3.395538032054901123e-01,-5.508499965071678162e-02,4.718662053346633911e-02,-5.821905285120010376e-02,-8.787728846073150635e-02,-1.771580576896667480e-01,-2.056343406438827515e-01,0.000000000000000000e+00
4.676472842693328857e-01,4.194545149803161621e-01,5.362098664045333862e-02,-8.137978613376617432e-02,1.000000000000000000e+00,6.750583648681640625e-01,-3.713806718587875366e-02,1.517123579978942871e-01,4.805521667003631592e-01,2.602192461490631104e-01,3.934358656406402588e-01,6.367388181388378143e-03,1.540090292692184448e-01,-1.475117206573486328e-01,-2.093677520751953125e-01,-6.140377745032310486e-02,-1.620202064514160156e-01,7.685024291276931763e-02,-1.557398438453674316e-01,7.830678671598434448e-02,1.418465971946716309e-01,0.000000000000000000e+00,0.000000000000000000e+00,1.889586299657821655e-01,2.544805705547332764e-01,-1.903543025255203247e-01,-1.367620825767517090e-01,1.862851828336715698e-01,1.115795299410820007e-01,-7.401799410581588745e-02,4.501530528068542480e-02,0.000000000000000000e+00,2.468877881765365601e-01,-9.627889841794967651e-02,3.300673365592956543e-01,1.354571729898452759e-01,-3.309837579727172852e-01,2.259363606572151184e-02,1.925688534975051880e-01,1.431793570518493652e-01,6.382674574851989746e-01,4.234601855278015137e-01,2.693841159343719482e-01,1.546223461627960205e-01,9.750136733055114746e-02,2.639973461627960205e-01,9.286081045866012573e-02,0.000000000000000000e+00
2.828494310379028320e-01,2.951837182044982910e-01,2.524998784065246582e-01,1.205939650535583496e-01,6.750583648681640625e-01,1.000000000000000000e+00,2.451979517936706543e-01,2.601530551910400391e-01,3.234517872333526611e-01,2.280385605990886688e-02,3.878674209117889404e-01,-8.246190100908279419e-02,3.512406349182128906e-02,-4.240880906581878662e-02,-2.657301127910614014e-01,-2.928973138332366943e-01,-1.328092068433761597e-01,-3.184660151600837708e-02,-2.748553752899169922e-01,-8.530823513865470886e-03,2.296818494796752930e-01,0.000000000000000000e+00,0.000000000000000000e+00,6.622874736785888672e-02,7.800764590501785278e-02,2.784955315291881561e-02,-1.259065568447113037e-01,3.862497806549072266e-01,2.046670913696289062e-01,8.898798376321792603e-02,9.424165636301040649e-02,0.000000000000000000e+00,-3.314608335494995117e-02,-7.627520710229873657e-02,1.805994361639022827e-01,1.263082921504974365e-01,-2.116253525018692017e-01,-1.100089633837342262e-03,-8.817294612526893616e-03,-1.243423968553543091e-01,4.640705585479736328e-01,5.742697715759277344e-01,2.087369263172149658e-01,1.685322821140289307e-01,3.801401332020759583e-02,1.138724163174629211e-01,8.428219705820083618e-02,0.000000000000000000e+00
-2.456788569688796997e-01,-2.753558158874511719e-01,5.159580707550048828e-01,6.397500634193420410e-01,-3.713806718587875366e-02,2.451979517936706543e-01,1.000000000000000000e+00,-2.275489419698715210e-01,-1.277622878551483154e-01,-1.881661415100097656e-01,-1.155411154031753540e-01,-1.756126135587692261e-01,1.062596067786216736e-01,2.181821502745151520e-02,-3.346183151006698608e-02,-1.661748439073562622e-01,4.833056032657623291e-01,4.664153233170509338e-02,1.113665699958801270e-01,7.989481836557388306e-02,-5.399163067340850830e-02,0.000000000000000000e+00,0.000000000000000000e+00,-1.791776716709136963e-02,-4.063949584960937500e-01,2.624490559101104736e-01,-1.711298823356628418e-01,2.982052862644195557e-01,2.521681487560272217e-01,4.715327024459838867e-01,4.155835509300231934e-01,0.000000000000000000e+00,-4.931817054748535156e-01,-2.162008881568908691e-01,-2.983013987541198730e-01,1.020592004060745239e-01,-1.635047495365142822e-01,-2.823571860790252686e-01,-1.796813607215881348e-01,-2.567673027515411377e-01,-2.070640027523040771e-01,3.229500353336334229e-02,-4.836369678378105164e-02,-2.194573879241943359e-01,-1.855456531047821045e-01,-1.035479679703712463e-01,-1.303671896457672119e-01,0.000000000000000000e+00
3.418877124786376953e-01,2.565641403198242188e-01,9.030979126691818237e-02,-2.841459810733795166e-01,1.517123579978942871e-01,2.601530551910400391e-01,-2.275489419698715210e-01,1.000000000000000000e+00,4.392192661762237549e-01,-8.578263968229293823e-02,6.269142031669616699e-01,9.091693907976150513e-02,2.363346982747316360e-03,1.234499141573905945e-01,-2.696518003940582275e-01,-3.210813403129577637e-01,-4.539187848567962646e-01,-6.725261360406875610e-02,-4.499878883361816406e-01,-2.153016626834869385e-01,2.553239464759826660e-01,0.000000000000000000e+00,0.000000000000000000e+00,-1.902540773153305054e-01,2.280959784984588623e-01,8.416344970464706421e-02,1.226949617266654968e-01,2.018546164035797119e-01,-1.531596668064594269e-02,-2.324470430612564087e-01,-2.690273225307464600e-01,0.000000000000000000e+00,2.885765433311462402e-01,4.233831167221069336e-02,1.570372879505157471e-01,-2.062147259712219238e-01,1.774442642927169800e-01,2.996728420257568359e-01,-8.223822712898254395e-02,-9.859616309404373169e-02,2.076081931591033936e-01,3.546660840511322021e-01,-1.082535535097122192e-01,3.591372370719909668e-01,6.164483353495597839e-02,-1.147633343935012817e-01,6.875991821289062500e-02,0.000000000000000000e+00
4.003239274024963379e-01,3.011466562747955322e-01,1.199459284543991089e-01,-2.070270925760269165e-01,4.805521667003631592e-01,3.234517872333526611e-01,-1.277622878551483154e-01,4.392192661762237549e-01,1.000000000000000000e+00,2.582628726959228516e-01,5.231324434280395508e-01,2.338310778141021729e-01,1.449497789144515991e-01,-9.487058967351913452e-02,-1.334133893251419067e-01,-6.595865637063980103e-02,-2.116563618183135986e-01,1.187251433730125427e-01,-2.132689207792282104e-01,-9.271325916051864624e-02,9.588599950075149536e-02,0.000000000000000000e+00,0.000000000000000000e+00,5.979110300540924072e-02,2.078398019075393677e-01,-8.878359198570251465e-02,-1.433016508817672729e-01,1.058881729841232300e-01,-4.995495826005935669e-02,-1.667525768280029297e-01,-3.428192436695098877e-02,0.000000000000000000e+00,3.709424436092376709e-01,-6.872329860925674438e-02,2.253763228654861450e-01,-5.820575635880231857e-03,-2.022484317421913147e-02,1.822423338890075684e-01,1.784261912107467651e-01,2.630671262741088867e-01,3.617564439773559570e-01,1.949259936809539795e-01,-1.146069690585136414e-01,4.004163146018981934e-01,1.243745628744363785e-02,6.917589809745550156e-03,-1.272171828895807266e-02,0.000000000000000000e+00
9.977904707193374634e-02,1.910327523946762085e-01,-3.815392851829528809e-01,-3.003532886505126953e-01,2.602192461490631104e-01,2.280385605990886688e-02,-1.881661415100097656e-01,-8.578263968229293823e-02,2.582628726959228516e-01,1.000000000000000000e+00,-8.342500030994415283e-02,6.290665864944458008e-01,3.311356008052825928e-01,-2.821119129657745361e-01,2.547687590122222900e-01,4.368660151958465576e-01,2.016238272190093994e-01,-3.685920685529708862e-02,3.638652563095092773e-01,1.639968454837799072e-01,5.071111023426055908e-02,0.000000000000000000e+00,0.000000000000000000e+00,2.177098095417022705e-01,-1.461437195539474487e-01,-1.074012648314237595e-02,-3.315791189670562744e-01,-6.578198820352554321e-02,-2.184651345014572144e-01,-1.275985687971115112e-01,4.495960846543312073e-02,0.000000000000000000e+00,8.970787376165390015e-02,-2.120002955198287964e-01,-5.036074668169021606e-02,4.790413752198219299e-02,-1.054366528987884521e-01,1.161648053675889969e-02,4.059560894966125488e-01,5.219351053237915039e-01,3.640958964824676514e-01,5.569282919168472290e-02,2.740668356418609619e-01,2.048498094081878662e-01,4.202083051204681396e-01,6.865785717964172363e-01,2.772556841373443604e-01,0.000000000000000000e+00
3.780495524406433105e-01,2.770835757255554199e-01,2.879527211189270020e-01,-2.004741132259368896e-01,3.934358656406402588e-01,3.878674209117889404e-01,-1.155411228537559509e-01,6.269142031669616699e-01,5.231324434280395508e-01,-8.342500776052474976e-02,1.000000000000000000e+00,3.431353718042373657e-02,1.707439422607421875e-01,1.956155300140380859e-01,-3.700357973575592041e-01,-3.626561760902404785e-01,-4.148002564907073975e-01,1.006517093628644943e-02,-4.707900583744049072e-01,-1.079969629645347595e-01,1.647543609142303467e-01,0.000000000000000000e+00,0.000000000000000000e+00,1.024468895047903061e-02,3.780248463153839111e-01,-6.543611735105514526e-02,-3.230042010545730591e-02,2.895264327526092529e-01,2.229521721601486206e-01,-7.118286937475204468e-02,-4.778444021940231323e-02,0.000000000000000000e+00,1.940202713012695312e-01,-1.098316982388496399e-01,1.607111245393753052e-01,-7.586527615785598755e-02,-1.206927970051765442e-01,2.645849287509918213e-01,-1.224331371486186981e-02,-3.383548557758331299e-02,2.765545547008514404e-01,4.887259006500244141e-01,6.324078142642974854e-02,3.058182001113891602e-01,1.227435544133186340e-01,-5.505027621984481812e-02,-7.874286733567714691e-03,0.000000000000000000e+00
2.102956734597682953e-02,1.045070290565490723e-01,-2.805901467800140381e-01,-3.570973277091979980e-01,6.367388181388378143e-03,-8.246190100908279419e-02,-1.756126135587692261e-01,9.091693907976150513e-02,2.338310778141021729e-01,6.290665864944458008e-01,3.431353718042373657e-02,1.000000000000000000e+00,1.741392165422439575e-01,-2.033891677856445312e-01,4.859227240085601807e-01,4.108002185821533203e-01,8.359757065773010254e-02,-1.209312528371810913e-01,1.981087327003479004e-01,-6.235474348068237305e-02,1.897975653409957886e-01,0.000000000000000000e+00,0.000000000000000000e+00,5.889816954731941223e-02,-1.668700575828552246e-01,2.327373474836349487e-01,-2.010288089513778687e-01,-9.414600580930709839e-02,-3.744884431362152100e-01,1.542821340262889862e-02,1.112938821315765381e-01,0.000000000000000000e+00,1.215598061680793762e-01,-4.131716862320899963e-02,-1.566624082624912262e-02,8.119247853755950928e-02,7.029945403337478638e-02,2.201268225908279419e-01,3.993467986583709717e-01,4.317059516906738281e-01,1.761403530836105347e-01,-2.041524462401866913e-02,-7.111715967766940594e-04,2.253740578889846802e-01,1.376973837614059448e-01,2.788375914096832275e-01,2.696763873100280762e-01,0.000000000000000000e+00
-1.043227314949035645e-01,-1.274790018796920776e-01,1.860676109790802002e-01,-7.552371174097061157e-02,1.540090292692184448e-01,3.512406349182128906e-02,1.062596142292022705e-01,2.363346982747316360e-03,1.449497640132904053e-01,3.311356008052825928e-01,1.707439422607421875e-01,1.741392165422439575e-01,1.000000000000000000e+00,-6.863817572593688965e-03,-8.859508484601974487e-02,1.060789823532104492e-01,5.979146063327789307e-02,3.640992194414138794e-02,7.642965763807296753e-02,2.854301929473876953e-01,-1.608745306730270386e-01,0.000000000000000000e+00,0.000000000000000000e+00,-1.948050782084465027e-02,-6.070351600646972656e-02,6.901810318231582642e-02,-2.456449121236801147e-01,1.088992357254028320e-01,4.677978903055191040e-02,1.283140629529953003e-01,2.240331172943115234e-01,0.000000000000000000e+00,-1.235314533114433289e-01,-3.175069391727447510e-01,-1.566059738397598267e-01,6.350636482238769531e-02,-2.288585007190704346e-01,-3.116279840469360352e-02,2.791553735733032227e-01,2.074243873357772827e-01,3.813111409544944763e-02,8.849804848432540894e-02,1.093407049775123596e-01,-6.793805211782455444e-02,1.089875847101211548e-01,3.434763252735137939e-01,-3.056411072611808777e-02,0.000000000000000000e+00
-5.640928819775581360e-02,-1.314059644937515259e-01,1.276962012052536011e-01,5.144157912582159042e-04,-1.475117206573486328e-01,-4.240880906581878662e-02,2.181821502745151520e-02,1.234499141573905945e-01,-9.487059712409973145e-02,-2.821119129657745361e-01,1.956155300140380859e-01,-2.033891677856445312e-01,-6.863817572593688965e-03,1.000000000000000000e+00,1.822440326213836670e-02,-4.101524651050567627e-01,-1.420546472072601318e-01,-6.620159745216369629e-02,-3.694047331809997559e-01,-3.342847824096679688e-01,-6.791199557483196259e-03,0.000000000000000000e+00,0.000000000000000000e+00,2.560070753097534180e-01,1.696507185697555542e-01,-1.171257868409156799e-01,4.118344932794570923e-02,-3.655433654785156250e-02,2.137160003185272217e-01,1.970238983631134033e-01,6.819799542427062988e-02,0.000000000000000000e+00,-6.659652292728424072e-02,1.064483225345611572e-01,4.718926921486854553e-02,1.156132891774177551e-01,-6.949921697378158569e-02,1.137949079275131226e-01,-2.104434221982955933e-01,-2.155456393957138062e-01,-1.022163406014442444e-01,8.795987069606781006e-02,9.446805715560913086e-02,3.442694665864109993e-03,1.381146311759948730e-01,-4.252378270030021667e-02,5.209180340170860291e-02,0.000000000000000000e+00
-1.990111321210861206e-01,-2.579960525035858154e-01,-2.933275699615478516e-01,-2.156395614147186279e-01,-2.093677520751953125e-01,-2.657301127910614014e-01,-3.346183151006698608e-02,-2.696518003940582275e-01,-1.334133893251419067e-01,2.547687590122222900e-01,-3.700357973575592041e-01,4.859227240085601807e-01,-8.859509229660034180e-02,1.822440326213836670e-02,1.000000000000000000e+00,4.551478326320648193e-01,1.466399133205413818e-01,-7.318209111690521240e-02,2.556933760643005371e-01,-1.167322397232055664e-01,9.001344442367553711e-02,0.000000000000000000e+00,0.000000000000000000e+00,1.562993079423904419e-01,-2.439712733030319214e-01,1.775097250938415527e-01,-1.624841988086700439e-01,-3.926250934600830078e-01,-4.299979507923126221e-01,2.717880308628082275e-01,2.754639983177185059e-01,0.000000000000000000e+00,4.684515297412872314e-02,2.360761463642120361e-01,1.084176450967788696e-01,3.510450422763824463e-01,5.187768489122390747e-02,9.894157201051712036e-02,3.456409275531768799e-01,2.487125247716903687e-01,-3.730017691850662231e-02,-3.820779323577880859e-01,-1.094050854444503784e-01,-1.726931333541870117e-01,-1.867463141679763794e-01,4.715981334447860718e-02,2.013905048370361328e-01,0.000000000000000000e+00
-2.157285213470458984e-01,-2.010292112827301025e-01,-3.233442306518554688e-01,-2.124555855989456177e-01,-6.140377745032310486e-02,-2.928973138332366943e-01,-1.661748439073562622e-01,-3.210813403129577637e-01,-6.595865637063980103e-02,4.368660151958465576e-01,-3.626561462879180908e-01,4.108002185821533203e-01,1.060789749026298523e-01,-4.101524651050567627e-01,4.551478326320648193e-01,1.000000000000000000e+00,3.000148832798004150e-01,1.268792599439620972e-01,6.404416561126708984e-01,4.022470414638519287e-01,-1.765516400337219238e-01,0.000000000000000000e+00,0.000000000000000000e+00,-6.333795189857482910e-02,-2.222962975502014160e-01,5.311905220150947571e-02,-1.784662157297134399e-01,-3.881773650646209717e-01,-4.291978776454925537e-01,-1.328360438346862793e-01,7.049596309661865234e-02,0.000000000000000000e+00,1.030635014176368713e-01,-4.128276184201240540e-02,-1.039867326617240906e-01,-2.443294227123260498e-02,2.915556170046329498e-02,-1.695501655340194702e-01,3.996921479701995850e-01,5.001139640808105469e-01,-6.899598240852355957e-02,-4.500331878662109375e-01,-3.652629628777503967e-02,-2.705565392971038818e-01,-1.462616622447967529e-01,2.157873511314392090e-01,1.959564164280891418e-02,0.000000000000000000e+00
-2.790977656841278076e-01,-2.336119264364242554e-01,-2.946129813790321350e-02,4.616264104843139648e-01,-1.620202064514160156e-01,-1.328092068433761597e-01,4.833056032657623291e-01,-4.539187848567962646e-01,-2.116563767194747925e-01,2.016238272190093994e-01,-4.148002564907073975e-01,8.359757065773010254e-02,5.979145690798759460e-02,-1.420546472072601318e-01,1.466399133205413818e-01,3.000148832798004150e-01,1.000000000000000000e+00,3.839062526822090149e-02,6.210587620735168457e-01,2.516727149486541748e-01,-1.749308556318283081e-01,0.000000000000000000e+00,0.000000000000000000e+00,1.259775012731552124e-01,-4.221152663230895996e-01,5.527434498071670532e-02,-2.540352344512939453e-01,-2.944175153970718384e-03,7.658062875270843506e-02,2.075619399547576904e-01,3.171975910663604736e-01,0.000000000000000000e+00,-3.549196720123291016e-01,-2.845223844051361084e-01,-3.639763295650482178e-01,1.868591643869876862e-02,-1.747449338436126709e-01,-3.289674520492553711e-01,4.395318776369094849e-02,1.305124759674072266e-01,-2.543423473834991455e-01,-2.364017814397811890e-01,2.042305916547775269e-01,-1.904689073562622070e-01,-3.330370783805847168e-02,2.443657815456390381e-01,1.121531948447227478e-01,0.000000000000000000e+00
-8.900715038180351257e-03,-7.541799917817115784e-03,7.314196228981018066e-02,1.538702379912137985e-02,7.685024291276931763e-02,-3.184660151600837708e-02,4.664153233170509338e-02,-6.725261360406875610e-02,1.187251433730125427e-01,-3.685920685529708862e-02,1.006517186760902405e-02,-1.209312528371810913e-01,3.640992194414138794e-02,-6.620159745216369629e-02,-7.318209111690521240e-02,1.268792599439620972e-01,3.839062526822090149e-02,1.000000000000000000e+00,3.748712316155433655e-02,6.537192314863204956e-02,-2.226249724626541138e-01,0.000000000000000000e+00,0.000000000000000000e+00,-6.804086267948150635e-02,1.081640273332595825e-01,-1.793040484189987183e-01,1.436330229043960571e-01,-5.269172787666320801e-02,5.533363670110702515e-03,-8.838818222284317017e-02,3.597034839913249016e-03,0.000000000000000000e+00,6.593153625726699829e-02,6.238641217350959778e-02,-7.510258816182613373e-03,-2.437540329992771149e-03,2.132316865026950836e-02,-2.309975400567054749e-02,3.985613211989402771e-02,-4.152619093656539917e-02,1.757318899035453796e-02,-1.402724236249923706e-01,-1.931929588317871094e-01,-3.572199493646621704e-02,-1.029037237167358398e-01,-1.211764588952064514e-01,-1.132311299443244934e-01,0.000000000000000000e+00
-3.305872082710266113e-01,-2.902374267578125000e-01,-2.798211276531219482e-01,1.291230618953704834e-01,-1.557398438453674316e-01,-2.748553752899169922e-01,1.113665699958801270e-01,-4.499878883361816406e-01,-2.132689207792282104e-01,3.638652563095092773e-01,-4.707900285720825195e-01,1.981087327003479004e-01,7.642966508865356445e-02,-3.694047331809997559e-01,2.556933760643005371e-01,6.404416561126708984e-01,6.210587620735168457e-01,3.748712316155433655e-02,1.000000000000000000e+00,4.629296064376831055e-01,-2.176106274127960205e-01,0.000000000000000000e+00,0.000000000000000000e+00,-6.114169210195541382e-02,-3.671132624149322510e-01,4.434423893690109253e-02,-3.518750667572021484e-01,-2.683725953102111816e-01,-2.373252958059310913e-01,-7.828912883996963501e-02,1.416905671358108521e-01,0.000000000000000000e+00,-2.074556201696395874e-01,-2.543048262596130371e-01,-2.933052778244018555e-01,-7.278046011924743652e-02,-1.047451198101043701e-01,-3.906118869781494141e-01,1.619406044483184814e-01,4.097403585910797119e-01,-2.260257899761199951e-01,-4.551835060119628906e-01,6.893567740917205811e-02,-3.122401237487792969e-01,-8.247989416122436523e-02,2.603583633899688721e-01,1.476042717695236206e-02,0.000000000000000000e+00
-1.703703403472900391e-01,-2.213372439146041870e-01,3.062590584158897400e-02,7.483323663473129272e-02,7.830678671598434448e-02,-8.530823513865470886e-03,7.989481836557388306e-02,-2.153016626834869385e-01,-9.271325916051864624e-02,1.639968454837799072e-01,-1.079969629645347595e-01,-6.235474348068237305e-02,2.854301929473876953e-01,-3.342847824096679688e-01,-1.167322397232055664e-01,4.022470414638519287e-01,2.516727149486541748e-01,6.537192314863204956e-02,4.629296064376831055e-01,1.000000000000000000e+00,-2.560821473598480225e-01,0.000000000000000000e+00,0.000000000000000000e+00,-1.988870054483413696e-01,-2.247754782438278198e-01,2.357221581041812897e-02,-2.967247664928436279e-01,-9.603490680456161499e-02,-7.123195379972457886e-02,-1.435180902481079102e-01,5.022211000323295593e-02,0.000000000000000000e+00,-1.775087714195251465e-01,-2.990995943546295166e-01,-2.560021877288818359e-01,-1.820849329233169556e-01,-1.588959842920303345e-01,-3.763092458248138428e-01,-4.416839778423309326e-02,1.673907339572906494e-01,-1.298897415399551392e-01,-1.640332043170928955e-01,7.806592620909214020e-03,-3.555599749088287354e-01,-1.257341951131820679e-01,1.460753679275512695e-01,-2.295512855052947998e-01,0.000000000000000000e+00
1.728768795728683472e-01,2.485197037458419800e-01,-3.275994583964347839e-02,-1.858888715505599976e-01,1.418465822935104370e-01,2.296818494796752930e-01,-5.399163067340850830e-02,2.553239464759826660e-01,9.588599950075149536e-02,5.071111023426055908e-02,1.647543609142303467e-01,1.897975653409957886e-01,-1.608745455741882324e-01,-6.791199091821908951e-03,9.001344442367553711e-02,-1.765516400337219238e-01,-1.749308556318283081e-01,-2.226249575614929199e-01,-2.176106423139572144e-01,-2.560821473598480225e-01,1.000000000000000000e+00,0.000000000000000000e+00,0.000000000000000000e+00,7.075777649879455566e-02,8.342097699642181396e-02,1.302323192358016968e-01,1.064806953072547913e-01,1.544689089059829712e-01,-7.667137682437896729e-02,1.447672843933105469e-01,8.185297250747680664e-02,0.000000000000000000e+00,1.052635163068771362e-01,3.979266062378883362e-02,9.967161715030670166e-02,9.464570134878158569e-02,3.061290597543120384e-03,1.647273004055023193e-01,7.888048887252807617e-02,-2.165757305920124054e-02,2.769969105720520020e-01,3.178786933422088623e-01,1.530950218439102173e-01,2.079995274543762207e-01,9.003417193889617920e-02,7.551561295986175537e-02,2.826749384403228760e-01,0.000000000000000000e+00
0.000000000000000000e+00,0.000000000000000000e+00,0.000000000000000000e+00,0.000000000000000000e+00,0.000000000000000000e+00,0.000000000000000000e+00,0.000000000000000000e+00,0.000000000000000000e+00,0.000000000000000000e+00,0.000000000000000000e+00,0.000000000000000000e+00,0.000000000000000000e+00,0.000000000000000000e+00,0.000000000000000000e+00,0.000000000000000000e+00,0.000000000000000000e+00,0.000000000000000000e+00,0.000000000000000000e+00,0.000000000000000000e+00,0.000000000000000000e+00,0.000000000000000000e+00,1.000000000000000000e+00,0.000000000000000000e+00,0.000000000000000000e+00,0.000000000000000000e+00,0.000000000000000000e+00,0.000000000000000000e+00,0.000000000000000000e+00,0.000000000000000000e+00,0.000000000000000000e+00,0.000000000000000000e+00,0.000000000000000000e+00,0.000000000000000000e+00,0.000000000000000000e+00,0.000000000000000000e+00,0.000000000000000000e+00,0.000000000000000000e+00,0.000000000000000000e+00,0.000000000000000000e+00,0.000000000000000000e+00,0.000000000000000000e+00,0.000000000000000000e+00,0.000000000000000000e+00,0.000000000000000000e+00,0.000000000000000000e+00,0.000000000000000000e+00,0.000000000000000000e+00,0.000000000000000000e+00
0.000000000000000000e+00,0.000000000000000000e+00,0.000000000000000000e+00,0.000000000000000000e+00,0.000000000000000000e+00,0.000000000000000000e+00,0.000000000000000000e+00,0.000000000000000000e+00,0.000000000000000000e+00,0.000000000000000000e+00,0.000000000000000000e+00,0.000000000000000000e+00,0.000000000000000000e+00,0.000000000000000000e+00,0.000000000000000000e+00,0.000000000000000000e+00,0.000000000000000000e+00,0.000000000000000000e+00,0.000000000000000000e+00,0.000000000000000000e+00,0.000000000000000000e+00,0.000000000000000000e+00,1.000000000000000000e+00,0.000000000000000000e+00,0.000000000000000000e+00,0.000000000000000000e+00,0.000000000000000000e+00,0.000000000000000000e+00,0.000000000000000000e+00,0.000000000000000000e+00,0.000000000000000000e+00,0.000000000000000000e+00,0.000000000000000000e+00,0.000000000000000000e+00,0.000000000000000000e+00,0.000000000000000000e+00,0.000000000000000000e+00,0.000000000000000000e+00,0.000000000000000000e+00,0.000000000000000000e+00,0.000000000000000000e+00,0.000000000000000000e+00,0.000000000000000000e+00,0.000000000000000000e+00,0.000000000000000000e+00,0.000000000000000000e+00,0.000000000000000000e+00,0.000000000000000000e+00
2.493883073329925537e-01,1.931563764810562134e-01,-1.815426796674728394e-01,-2.804692275822162628e-02,1.889586299657821655e-01,6.622874736785888672e-02,-1.791776716709136963e-02,-1.902540773153305054e-01,5.979110300540924072e-02,2.177098095417022705e-01,1.024468895047903061e-02,5.889816954731941223e-02,-1.948050968348979950e-02,2.560070753097534180e-01,1.562993079423904419e-01,-6.333795189857482910e-02,1.259775012731552124e-01,-6.804086267948150635e-02,-6.114169210195541382e-02,-1.988870054483413696e-01,7.075777649879455566e-02,0.000000000000000000e+00,0.000000000000000000e+00,1.000000000000000000e+00,1.547517925500869751e-01,-2.688680291175842285e-01,-1.504761129617691040e-01,1.099789328873157501e-02,1.689710170030593872e-01,1.420373022556304932e-01,1.332111507654190063e-01,0.000000000000000000e+00,1.581865698099136353e-01,6.036781147122383118e-02,1.927192956209182739e-01,2.505316734313964844e-01,-2.517745792865753174e-01,1.347068250179290771e-01,2.726722508668899536e-02,9.672356396913528442e-02,3.085143566131591797e-01,9.473238885402679443e-02,2.887482941150665283e-01,1.158071979880332947e-01,2.470195591449737549e-01,3.156493902206420898e-01,2.913065254688262939e-01,0.000000000000000000e+00
4.357979595661163330e-01,3.775731325149536133e-01,-9.981332719326019287e-02,-2.470911443233489990e-01,2.544805705547332764e-01,7.800764590501785278e-02,-4.063949584960937500e-01,2.280959784984588623e-01,2.078398168087005615e-01,-1.461437195539474487e-01,3.780248463153839111e-01,-1.668700575828552246e-01,-6.070351600646972656e-02,1.696507185697555542e-01,-2.439712733030319214e-01,-2.222962975502014160e-01,-4.221152663230895996e-01,1.081640273332595825e-01,-3.671132624149322510e-01,-2.247754782438278198e-01,8.342097699642181396e-02,0.000000000000000000e+00,0.000000000000000000e+00,1.547517925500869751e-01,1.000000000000000000e+00,-4.484383761882781982e-01,2.830145061016082764e-01,-2.604245766997337341e-02,1.306664794683456421e-01,-2.840287387371063232e-01,-2.750874459743499756e-01,0.000000000000000000e+00,4.457364976406097412e-01,2.030479758977890015e-01,3.055180311203002930e-01,-9.253217279911041260e-02,4.068442620337009430e-03,4.022115170955657959e-01,4.530081152915954590e-02,-1.131573505699634552e-02,2.789232134819030762e-01,2.672915756702423096e-01,1.352418810129165649e-01,2.759826481342315674e-01,1.459810286760330200e-01,-5.524582043290138245e-02,1.713530905544757843e-02,0.000000000000000000e+00
-3.067073225975036621e-01,-3.684034943580627441e-01,2.570587396621704102e-01,2.335665747523307800e-02,-1.903543025255203247e-01,2.784955315291881561e-02,2.624490559101104736e-01,8.416344970464706421e-02,-8.878358453512191772e-02,-1.074012648314237595e-02,-6.543611735105514526e-02,2.327373474836349487e-01,6.901810318231582642e-02,-1.171257868409156799e-01,1.775097250938415527e-01,5.311905220150947571e-02,5.527434498071670532e-02,-1.793040484189987183e-01,4.434423893690109253e-02,2.357221581041812897e-02,1.302323192358016968e-01,0.000000000000000000e+00,0.000000000000000000e+00,-2.688680291175842285e-01,-4.484383761882781982e-01,1.000000000000000000e+00,-1.052989587187767029e-01,7.676261663436889648e-02,-2.499394416809082031e-01,2.431140542030334473e-01,2.769222557544708252e-01,0.000000000000000000e+00,-2.927997410297393799e-01,-1.854411661624908447e-01,-1.996802240610122681e-01,6.226005777716636658e-02,-1.732941716909408569e-02,-1.929202377796173096e-01,1.986533775925636292e-02,5.080705881118774414e-02,-2.316208630800247192e-01,-6.888116151094436646e-02,-2.444445788860321045e-01,-2.179264277219772339e-01,-1.748327016830444336e-01,-1.442310661077499390e-01,1.063582487404346466e-02,0.000000000000000000e+00
7.116561383008956909e-02,1.398721933364868164e-01,1.826607622206211090e-02,-1.033607721328735352e-01,-1.367620825767517090e-01,-1.259065568447113037e-01,-1.711298823356628418e-01,1.226949617266654968e-01,-1.433016508817672729e-01,-3.315791189670562744e-01,-3.230042383074760437e-02,-2.010288089513778687e-01,-2.456449121236801147e-01,4.118344932794570923e-02,-1.624841988086700439e-01,-1.784662157297134399e-01,-2.540352344512939453e-01,1.436330229043960571e-01,-3.518750667572021484e-01,-2.967247664928436279e-01,1.064806953072547913e-01,0.000000000000000000e+00,0.000000000000000000e+00,-1.504761129617691040e-01,2.830145061016082764e-01,-1.052989587187767029e-01,1.000000000000000000e+00,7.662740349769592285e-02,-6.498361472040414810e-03,-1.387395262718200684e-01,-2.579652070999145508e-01,0.000000000000000000e+00,2.206071615219116211e-01,2.078285813331604004e-01,-1.466016843914985657e-02,-1.830326169729232788e-01,2.816951274871826172e-01,8.336966484785079956e-02,-8.485369384288787842e-02,-3.048699498176574707e-01,-2.879689447581768036e-02,5.721560120582580566e-02,-1.474183201789855957e-01,1.467664632946252823e-02,-9.455426782369613647e-02,-2.565077543258666992e-01,3.633789718151092529e-02,0.000000000000000000e+00
1.632751673460006714e-01,2.308919280767440796e-01,3.273457884788513184e-01,2.591885924339294434e-01,1.862851828336715698e-01,3.862497806549072266e-01,2.982052862644195557e-01,2.018546164035797119e-01,1.058881655335426331e-01,-6.578198820352554321e-02,2.895264029502868652e-01,-9.414600580930709839e-02,1.088992357254028320e-01,-3.655433654785156250e-02,-3.926250934600830078e-01,-3.881773650646209717e-01,-2.944175153970718384e-03,-5.269172787666320801e-02,-2.683725953102111816e-01,-9.603490680456161499e-02,1.544689089059829712e-01,0.000000000000000000e+00,0.000000000000000000e+00,1.099789328873157501e-02,-2.604245766997337341e-02,7.676261663436889648e-02,7.662740349769592285e-02,1.000000000000000000e+00,6.108348369598388672e-01,2.313132882118225098e-01,1.152788624167442322e-01,0.000000000000000000e+00,-2.117784321308135986e-01,-2.409085333347320557e-01,-1.171299815177917480e-01,-1.237721815705299377e-01,-8.344177156686782837e-02,1.339284982532262802e-02,-1.257488429546356201e-01,-2.389288395643234253e-01,1.300480961799621582e-01,4.435983598232269287e-01,2.102848142385482788e-01,2.224680483341217041e-01,1.482292711734771729e-01,7.444652915000915527e-02,1.915442175231873989e-03,0.000000000000000000e+00
4.893143102526664734e-02,1.121323108673095703e-01,3.127075433731079102e-01,4.282549321651458740e-01,1.115795373916625977e-01,2.046670913696289062e-01,2.521681487560272217e-01,-1.531596668064594269e-02,-4.995495826005935669e-02,-2.184651345014572144e-01,2.229521721601486206e-01,-3.744884729385375977e-01,4.677978903055191040e-02,2.137160003185272217e-01,-4.299979507923126221e-01,-4.291978776454925537e-01,7.658062875270843506e-02,5.533364135771989822e-03,-2.373252958059310913e-01,-7.123195379972457886e-02,-7.667137682437896729e-02,0.000000000000000000e+00,0.000000000000000000e+00,1.689710170030593872e-01,1.306664794683456421e-01,-2.499394416809082031e-01,-6.498361472040414810e-03,6.108348369598388672e-01,1.000000000000000000e+00,2.647686004638671875e-01,8.895364403724670410e-02,0.000000000000000000e+00,-2.432011216878890991e-01,-1.780973970890045166e-01,-6.873326748609542847e-02,-8.700494468212127686e-02,-2.952913045883178711e-01,-2.520548412576317787e-03,-2.385853230953216553e-01,-3.266745805740356445e-01,-2.199817635118961334e-02,3.161388635635375977e-01,3.706153631210327148e-01,1.762028634548187256e-01,2.828649282455444336e-01,7.132347673177719116e-02,-1.104117631912231445e-01,0.000000000000000000e+00
-4.141695201396942139e-01,-2.764724791049957275e-01,4.081088006496429443e-01,2.523179948329925537e-01,-7.401799410581588745e-02,8.898798376321792603e-02,4.715327024459838867e-01,-2.324470430612564087e-01,-1.667525917291641235e-01,-1.275985687971115112e-01,-7.118287682533264160e-02,1.542821340262889862e-02,1.283140629529953003e-01,1.970238983631134033e-01,2.717880308628082275e-01,-1.328360438346862793e-01,2.075619399547576904e-01,-8.838818222284317017e-02,-7.828912883996963501e-02,-1.435180902481079102e-01,1.447672843933105469e-01,0.000000000000000000e+00,0.000000000000000000e+00,1.420373022556304932e-01,-2.840287387371063232e-01,2.431140542030334473e-01,-1.387395262718200684e-01,2.313132882118225098e-01,2.647686004638671875e-01,1.000000000000000000e+00,7.244464755058288574e-01,0.000000000000000000e+00,-4.387609660625457764e-01,-5.849739536643028259e-02,-9.861437976360321045e-02,4.886242747306823730e-01,-2.210560590028762817e-01,1.949508674442768097e-02,1.270548552274703979e-01,-1.306695491075515747e-01,-1.811820864677429199e-01,6.279028207063674927e-02,1.345863044261932373e-01,-1.323086619377136230e-01,-7.132127135992050171e-02,-7.134494371712207794e-03,1.168866679072380066e-01,0.000000000000000000e+00
-4.224968254566192627e-01,-3.349521756172180176e-01,3.902630209922790527e-01,1.711179316043853760e-01,4.501530528068542480e-02,9.424165636301040649e-02,4.155835509300231934e-01,-2.690273225307464600e-01,-3.428192436695098877e-02,4.495960846543312073e-02,-4.778444021940231323e-02,1.112938821315765381e-01,2.240331023931503296e-01,6.819799542427062988e-02,2.754639983177185059e-01,7.049596309661865234e-02,3.171975910663604736e-01,3.597034839913249016e-03,1.416905671358108521e-01,5.022211000323295593e-02,8.185297250747680664e-02,0.000000000000000000e+00,0.000000000000000000e+00,1.332111507654190063e-01,-2.750874459743499756e-01,2.769222557544708252e-01,-2.579652070999145508e-01,1.152788624167442322e-01,8.895363658666610718e-02,7.244464755058288574e-01,1.000000000000000000e+00,0.000000000000000000e+00,-4.581005573272705078e-01,-2.354331165552139282e-01,-2.048796117305755615e-01,5.728609561920166016e-01,-2.733396887779235840e-01,-1.916806772351264954e-02,3.472129702568054199e-01,9.741953760385513306e-02,-1.799531430006027222e-01,-3.544046357274055481e-02,1.285805851221084595e-01,-2.091423124074935913e-01,-1.240659654140472412e-01,9.295237064361572266e-02,1.872087121009826660e-01,0.000000000000000000e+00
0.000000000000000000e+00,0.000000000000000000e+00,0.000000000000000000e+00,0.000000000000000000e+00,0.000000000000000000e+00,0.000000000000000000e+00,0.000000000000000000e+00,0.000000000000000000e+00,0.000000000000000000e+00,0.000000000000000000e+00,0.000000000000000000e+00,0.000000000000000000e+00,0.000000000000000000e+00,0.000000000000000000e+00,0.000000000000000000e+00,0.000000000000000000e+00,0.000000000000000000e+00,0.000000000000000000e+00,0.000000000000000000e+00,0.000000000000000000e+00,0.000000000000000000e+00,0.000000000000000000e+00,0.000000000000000000e+00,0.000000000000000000e+00,0.000000000000000000e+00,0.000000000000000000e+00,0.000000000000000000e+00,0.000000000000000000e+00,0.000000000000000000e+00,0.000000000000000000e+00,0.000000000000000000e+00,1.000000000000000000e+00,0.000000000000000000e+00,0.000000000000000000e+00,0.000000000000000000e+00,0.000000000000000000e+00,0.000000000000000000e+00,0.000000000000000000e+00,0.000000000000000000e+00,0.000000000000000000e+00,0.000000000000000000e+00,0.000000000000000000e+00,0.000000000000000000e+00,0.000000000000000000e+00,0.000000000000000000e+00,0.000000000000000000e+00,0.000000000000000000e+00,0.000000000000000000e+00
