1.000000000000000000e+00,4.991848766803741455e-01,-2.282117903232574463e-01,-1.865485757589340210e-01,5.027678608894348145e-01,3.057466149330139160e-01,-1.665813773870468140e-01,2.425467669963836670e-01,4.626167714595794678e-01,3.834725916385650635e-01,1.833922713994979858e-01,2.095885127782821655e-01,-5.239918828010559082e-02,-3.703280119225382805e-03,1.640964597463607788e-01,4.686683043837547302e-02,-1.877491176128387451e-01,-1.909917891025543213e-01,-1.958067715167999268e-01,-1.060296446084976196e-01,-1.156497299671173096e-01,0.000000000000000000e+00,0.000000000000000000e+00,-3.648299276828765869e-01,2.575066685676574707e-01,-3.500259816646575928e-01,3.103578090667724609e-01,3.343372642993927002e-01,-1.477655582129955292e-02,-2.193393707275390625e-01,-2.805408537387847900e-01,0.000000000000000000e+00,5.239099264144897461e-01,9.531850367784500122e-02,2.696134448051452637e-01,-9.070552885532379150e-03,-1.536851227283477783e-01,1.448079794645309448e-01,-1.894479617476463318e-02,-4.126100987195968628e-02,5.544190406799316406e-01,6.126720905303955078e-01,4.113978147506713867e-02,3.576140105724334717e-01,3.911147415637969971e-01,3.652532696723937988e-01,-4.673100542277097702e-03,0.000000000000000000e+00
4.991848766803741455e-01,1.000000000000000000e+00,-6.548312306404113770e-01,-4.311994090676307678e-02,4.443489909172058105e-01,6.079212427139282227e-01,1.095343306660652161e-01,-2.106049805879592896e-01,4.397645294666290283e-01,1.064468398690223694e-01,-2.938884794712066650e-01,3.523080348968505859e-01,-4.149767160415649414e-01,3.497797548770904541e-01,4.700268805027008057e-01,-1.183132827281951904e-01,-9.627787396311759949e-03,-3.056922852993011475e-01,-5.671113133430480957e-01,-4.161638021469116211e-01,-1.433351635932922363e-01,0.000000000000000000e+00,0.000000000000000000e+00,2.127684094011783600e-02,3.408294022083282471e-01,-6.850591301918029785e-01,3.532506898045539856e-02,3.697515726089477539e-01,6.442310661077499390e-02,-3.177701532840728760e-01,-5.441602468490600586e-01,0.000000000000000000e+00,2.901757657527923584e-01,4.866328537464141846e-01,4.207827746868133545e-01,3.535477817058563232e-01,-1.111671626567840576e-01,5.942912697792053223e-01,-1.555723100900650024e-01,-3.022842407226562500e-01,6.738977432250976562e-01,6.875833868980407715e-01,-9.165424853563308716e-02,6.578722000122070312e-01,5.877135396003723145e-01,4.238413572311401367e-01,-7.469654828310012817e-02,0.000000000000000000e+00
-2.282117903232574463e-01,-6.548312306404113770e-01,1.000000000000000000e+00,2.317030131816864014e-01,-1.579821556806564331e-01,-2.536694109439849854e-01,-1.146241500973701477e-01,1.722127795219421387e-01,-2.575841844081878662e-01,-2.326037362217903137e-02,3.028258085250854492e-01,-3.850784897804260254e-01,4.160286188125610352e-01,-2.039986103773117065e-01,-3.723315894603729248e-01,3.583502769470214844e-02,-1.181042566895484924e-01,1.035979762673377991e-01,4.721029400825500488e-01,2.928467690944671631e-01,7.379895448684692383e-02,0.000000000000000000e+00,0.000000000000000000e+00,-1.915559917688369751e-01,-4.813369810581207275e-01,7.444366216659545898e-01,-1.159771382808685303e-01,-1.915037482976913452e-01,-1.320702582597732544e-01,2.453872859477996826e-01,4.785196185111999512e-01,0.000000000000000000e+00,-1.943377703428268433e-01,-3.696798086166381836e-01,-2.467713654041290283e-01,-2.659843862056732178e-01,3.990916907787322998e-02,-4.674151539802551270e-01,1.962052434682846069e-01,2.730866372585296631e-01,-3.213182985782623291e-01,-3.827047646045684814e-01,1.293870359659194946e-01,-4.556883275508880615e-01,-4.153316915035247803e-01,-3.373442292213439941e-01,7.807016372680664062e-03,0.000000000000000000e+00
-1.865485757589340210e-01,-4.311993718147277832e-02,2.317030131816864014e-01,1.000000000000000000e+00,-1.054648403078317642e-02,1.977832019329071045e-01,5.938674807548522949e-01,-1.807602941989898682e-01,-1.153276562690734863e-01,-8.019574731588363647e-02,-2.545256614685058594e-01,-2.361766546964645386e-01,-2.501763701438903809e-01,-3.221660256385803223e-01,-4.118584990501403809e-01,1.439479552209377289e-02,5.316803455352783203e-01,4.290686547756195068e-01,2.098751813173294067e-01,-1.217573881149291992e-01,2.435673773288726807e-02,0.000000000000000000e+00,0.000000000000000000e+00,-4.569403454661369324e-02,-3.403581380844116211e-01,-3.426712378859519958e-02,-3.692280054092407227e-01,3.510178998112678528e-02,3.237276673316955566e-01,2.890477515757083893e-02,1.167301833629608154e-01,0.000000000000000000e+00,-4.275278747081756592e-01,-3.342905342578887939e-01,-3.966430425643920898e-01,6.308659911155700684e-02,-6.531039625406265259e-02,-2.757404148578643799e-01,1.402575224637985229e-01,6.823088973760604858e-02,-1.799395829439163208e-01,-4.617287218570709229e-02,9.983847290277481079e-02,-6.382147222757339478e-02,-1.897861436009407043e-02,-1.425601840019226074e-01,-6.528524309396743774e-02,0.000000000000000000e+00
5.027678608894348145e-01,4.443489909172058105e-01,-1.579821407794952393e-01,-1.054648496210575104e-02,1.000000000000000000e+00,6.374477744102478027e-01,2.066845595836639404e-01,-9.751538932323455811e-02,3.685103952884674072e-01,2.537868022918701172e-01,-8.319703862071037292e-03,2.263689637184143066e-01,-6.015597283840179443e-02,5.117563903331756592e-02,2.095241546630859375e-01,7.939182966947555542e-02,-2.153584361076354980e-02,-1.440159529447555542e-01,-2.006738483905792236e-01,-1.314207762479782104e-01,-1.576261818408966064e-01,0.000000000000000000e+00,0.000000000000000000e+00,-2.903257608413696289e-01,6.976895779371261597e-02,-2.460130453109741211e-01,3.401061147451400757e-02,3.141941428184509277e-01,7.483754307031631470e-02,8.033857494592666626e-02,-1.681236475706100464e-01,0.000000000000000000e+00,2.742202579975128174e-01,1.369043290615081787e-01,2.210749387741088867e-01,1.323416978120803833e-01,-7.376921176910400391e-02,1.119526252150535583e-01,4.283897951245307922e-02,-1.174759417772293091e-01,6.726039052009582520e-01,6.014407277107238770e-01,-1.186778992414474487e-01,3.047994077205657959e-01,1.948685348033905029e-01,1.813391745090484619e-01,-1.239885315299034119e-01,0.000000000000000000e+00
3.057466149330139160e-01,6.079212427139282227e-01,-2.536694109439849854e-01,1.977832168340682983e-01,6.374477744102478027e-01,1.000000000000000000e+00,2.888920307159423828e-01,-3.534556329250335693e-01,3.385128676891326904e-01,1.634626537561416626e-01,-2.712590694427490234e-01,2.169658392667770386e-01,-1.368789076805114746e-01,2.484410256147384644e-01,3.199887871742248535e-01,-4.149797558784484863e-02,-2.477166615426540375e-02,-2.465970069169998169e-01,-4.361716210842132568e-01,-1.746004223823547363e-01,-6.788675487041473389e-02,0.000000000000000000e+00,0.000000000000000000e+00,-4.003616422414779663e-02,5.093796644359827042e-03,-4.113883078098297119e-01,-2.902595102787017822e-01,4.526257216930389404e-01,1.321624368429183960e-01,-8.613111078739166260e-02,-3.233701586723327637e-01,0.000000000000000000e+00,2.967352233827114105e-02,3.231589496135711670e-01,3.113794624805450439e-01,2.967903912067413330e-01,-2.304121851921081543e-02,3.646985888481140137e-01,3.564234357327222824e-03,-1.512379050254821777e-01,6.911527514457702637e-01,6.384037733078002930e-01,-1.605808176100254059e-02,3.744153380393981934e-01,3.873326480388641357e-01,3.677312135696411133e-01,-9.172893315553665161e-02,0.000000000000000000e+00
-1.665813773870468140e-01,1.095343306660652161e-01,-1.146241500973701477e-01,5.938674807548522949e-01,2.066845446825027466e-01,2.888920009136199951e-01,1.000000000000000000e+00,-2.874392569065093994e-01,3.685951698571443558e-03,4.703009617514908314e-04,-3.958465456962585449e-01,-7.240936160087585449e-02,-4.184503853321075439e-01,-3.174488246440887451e-01,-2.601464986801147461e-01,7.644363492727279663e-02,6.879375576972961426e-01,5.936963558197021484e-01,8.399589359760284424e-02,-2.093087881803512573e-01,-1.094366535544395447e-01,0.000000000000000000e+00,0.000000000000000000e+00,7.466041296720504761e-02,-2.705518715083599091e-02,-2.070592045783996582e-01,-2.615780234336853027e-01,7.711609452962875366e-02,3.916125297546386719e-01,7.662107795476913452e-02,1.329537481069564819e-01,0.000000000000000000e+00,-2.732102870941162109e-01,-2.229553759098052979e-01,-2.713623344898223877e-01,1.948056221008300781e-01,-1.220830753445625305e-01,-1.751177161931991577e-01,1.369817554950714111e-01,-2.297235280275344849e-02,2.181535959243774414e-02,1.088628172874450684e-01,-2.458699643611907959e-01,-6.493462249636650085e-03,8.441245183348655701e-03,-4.016410186886787415e-02,-8.095721155405044556e-02,0.000000000000000000e+00
2.425467520952224731e-01,-2.106049805879592896e-01,1.722127944231033325e-01,-1.807602792978286743e-01,-9.751538932323455811e-02,-3.534556329250335693e-01,-2.874392569065093994e-01,1.000000000000000000e+00,-5.902452766895294189e-02,3.309534117579460144e-02,5.629191398620605469e-01,-3.294885158538818359e-01,1.520271003246307373e-01,-3.119365572929382324e-01,-3.154252171516418457e-01,6.193466018885374069e-03,-2.541756927967071533e-01,7.258334755897521973e-02,8.936209231615066528e-02,1.436735540628433228e-01,-1.458976864814758301e-01,0.000000000000000000e+00,0.000000000000000000e+00,-4.686012566089630127e-01,-1.767037361860275269e-01,1.569491028785705566e-01,3.327567279338836670e-01,-3.307464122772216797e-01,-2.453363686800003052e-01,-2.357235699892044067e-01,-3.605763986706733704e-02,0.000000000000000000e+00,3.075427114963531494e-01,-1.982595920562744141e-01,-1.476256251335144043e-01,-3.978273272514343262e-01,1.187716275453567505e-01,-3.121795058250427246e-01,1.071510557085275650e-02,1.450670808553695679e-01,-2.009665518999099731e-01,-1.593203246593475342e-01,-6.625153124332427979e-02,-7.139910757541656494e-02,-5.105838179588317871e-02,-1.325570791959762573e-01,2.313996106386184692e-01,0.000000000000000000e+00
4.626167714595794678e-01,4.397645294666290283e-01,-2.575841844081878662e-01,-1.153276562690734863e-01,3.685103952884674072e-01,3.385128676891326904e-01,3.685951698571443558e-03,-5.902452766895294189e-02,1.000000000000000000e+00,4.801610410213470459e-01,8.346543461084365845e-02,4.317954778671264648e-01,-1.691155284643173218e-01,2.431863099336624146e-01,3.681077361106872559e-01,2.266464754939079285e-02,-4.015839076600968838e-04,-2.033720910549163818e-01,-1.838715523481369019e-01,-1.566950082778930664e-01,-9.093974530696868896e-02,0.000000000000000000e+00,0.000000000000000000e+00,-9.496761113405227661e-02,2.401290684938430786e-01,-3.585167229175567627e-01,7.744111120700836182e-02,2.194812297821044922e-01,-2.009453065693378448e-02,-1.429376378655433655e-02,-1.595617085695266724e-01,0.000000000000000000e+00,2.613763213157653809e-01,1.530917286872863770e-01,2.731078267097473145e-01,8.253949880599975586e-02,-1.902330815792083740e-01,2.481962740421295166e-01,-1.024784669280052185e-01,-7.585092633962631226e-02,4.515241682529449463e-01,5.447595119476318359e-01,4.354993626475334167e-02,5.250554084777832031e-01,4.478154778480529785e-01,4.556833505630493164e-01,-5.893764551728963852e-03,0.000000000000000000e+00
3.834725916385650635e-01,1.064468398690223694e-01,-2.326037362217903137e-02,-8.019574731588363647e-02,2.537868022918701172e-01,1.634626537561416626e-01,4.703009617514908314e-04,3.309534117579460144e-02,4.801610410213470459e-01,1.000000000000000000e+00,1.127157509326934814e-01,3.865733444690704346e-01,2.493448257446289062e-01,-1.307811737060546875e-01,-8.748484402894973755e-02,1.189208328723907471e-01,-2.369733341038227081e-02,9.454615414142608643e-02,8.461370319128036499e-02,3.506356477737426758e-01,-2.352866716682910919e-02,0.000000000000000000e+00,0.000000000000000000e+00,-2.081193476915359497e-01,2.541420049965381622e-02,-8.293116092681884766e-02,1.380085386335849762e-02,1.983701288700103760e-01,4.227340966463088989e-02,1.174493655562400818e-01,5.212462320923805237e-02,0.000000000000000000e+00,1.302112042903900146e-01,-1.662224382162094116e-01,-5.337683856487274170e-02,-1.064851284027099609e-01,-2.022737115621566772e-01,-1.812082678079605103e-01,7.688927929848432541e-03,-4.728148225694894791e-03,2.970912754535675049e-01,3.908394575119018555e-01,1.338795423507690430e-01,1.574687063694000244e-01,3.933103680610656738e-01,5.404633879661560059e-01,-5.896280705928802490e-02,0.000000000000000000e+00
1.833922713994979858e-01,-2.938884794712066650e-01,3.028258085250854492e-01,-2.545256614685058594e-01,-8.319703862071037292e-03,-2.712590694427490234e-01,-3.958465456962585449e-01,5.629191398620605469e-01,8.346543461084365845e-02,1.127157509326934814e-01,1.000000000000000000e+00,-1.422035135328769684e-02,3.865512609481811523e-01,-1.520904302597045898e-01,-1.504822139395400882e-04,1.752312332391738892e-01,-3.380067050457000732e-01,-1.119432002305984497e-01,1.978077292442321777e-01,2.813559472560882568e-01,-6.903509050607681274e-02,0.000000000000000000e+00,0.000000000000000000e+00,-3.297607004642486572e-01,-1.986862160265445709e-02,2.961626350879669189e-01,4.171532690525054932e-01,-2.985672652721405029e-01,-4.381769597530364990e-01,-1.126713212579488754e-02,1.886274367570877075e-01,0.000000000000000000e+00,3.823332190513610840e-01,-1.083347797393798828e-01,1.242544949054718018e-01,-2.953869998455047607e-01,6.951474118977785110e-03,-1.710735857486724854e-01,1.488555818796157837e-01,1.742895394563674927e-01,-5.518031492829322815e-02,-1.332334578037261963e-01,4.526183754205703735e-02,-1.583547443151473999e-01,-2.344082295894622803e-01,-1.131832525134086609e-01,8.822528272867202759e-02,0.000000000000000000e+00
2.095885127782821655e-01,3.523080348968505859e-01,-3.850784897804260254e-01,-2.361766546964645386e-01,2.263689637184143066e-01,2.169658541679382324e-01,-7.240936160087585449e-02,-3.294885456562042236e-01,4.317954778671264648e-01,3.865733444690704346e-01,-1.422035135328769684e-02,1.000000000000000000e+00,5.186712369322776794e-02,2.825676202774047852e-01,5.199260711669921875e-01,8.175671100616455078e-02,1.159287020564079285e-01,-2.293954491615295410e-01,3.665022552013397217e-02,9.233675152063369751e-02,6.926277279853820801e-02,0.000000000000000000e+00,0.000000000000000000e+00,1.662934869527816772e-01,2.951540052890777588e-01,-3.033231198787689209e-01,-9.218617528676986694e-02,2.496842145919799805e-01,-6.701995618641376495e-03,1.758763343095779419e-01,-1.385432034730911255e-01,0.000000000000000000e+00,5.040174722671508789e-02,2.284248769283294678e-01,2.222114503383636475e-01,1.686205416917800903e-01,-1.511740535497665405e-01,3.022430837154388428e-01,-8.810149878263473511e-02,-2.167000472545623779e-01,3.366678655147552490e-01,4.055870473384857178e-01,1.982287913560867310e-01,2.991861999034881592e-01,2.254666239023208618e-01,3.763561844825744629e-01,-5.547467619180679321e-02,0.000000000000000000e+00
-5.239918828010559082e-02,-4.149767160415649414e-01,4.160286188125610352e-01,-2.501763701438903809e-01,-6.015597283840179443e-02,-1.368789076805114746e-01,-4.184503555297851562e-01,1.520271003246307373e-01,-1.691155284643173218e-01,2.493448257446289062e-01,3.865512609481811523e-01,5.186712369322776794e-02,1.000000000000000000e+00,-4.473800957202911377e-02,-6.099733710289001465e-02,2.516900002956390381e-01,-4.568168520927429199e-01,-7.018564641475677490e-02,1.911509633064270020e-01,6.973006129264831543e-01,2.879680991172790527e-01,0.000000000000000000e+00,0.000000000000000000e+00,-2.719918452203273773e-02,-2.782823145389556885e-01,4.975365400314331055e-01,-5.090354010462760925e-03,-4.182595014572143555e-02,-2.214379757642745972e-01,2.097470462322235107e-01,3.098974823951721191e-01,0.000000000000000000e+00,4.546696692705154419e-02,-4.203782230615615845e-02,5.556682869791984558e-02,-1.082143411040306091e-01,1.661981940269470215e-01,-1.887444853782653809e-01,2.309219390153884888e-01,2.061640322208404541e-01,-5.438277125358581543e-02,-2.325839400291442871e-01,1.039446145296096802e-01,-2.869724631309509277e-01,-2.348502874374389648e-01,7.370008388534188271e-04,1.657549641095101833e-03,0.000000000000000000e+00
-3.703280119225382805e-03,3.497797250747680664e-01,-2.039986103773117065e-01,-3.221660256385803223e-01,5.117563903331756592e-02,2.484410256147384644e-01,-3.174488246440887451e-01,-3.119365572929382324e-01,2.431863099336624146e-01,-1.307811588048934937e-01,-1.520904451608657837e-01,2.825676202774047852e-01,-4.473800957202911377e-02,1.000000000000000000e+00,7.306408882141113281e-01,-2.064441889524459839e-01,-2.985208928585052490e-01,-6.057213544845581055e-01,-3.216501176357269287e-01,-2.282593846321105957e-01,7.351149618625640869e-02,0.000000000000000000e+00,0.000000000000000000e+00,2.710801661014556885e-01,2.568149566650390625e-01,-1.139866262674331665e-01,-6.627538800239562988e-02,1.545450389385223389e-01,-2.687629461288452148e-01,3.308541327714920044e-02,-3.191224634647369385e-01,0.000000000000000000e+00,1.094374805688858032e-01,6.663313508033752441e-01,5.604407787322998047e-01,1.483578979969024658e-01,2.485321760177612305e-01,6.855907440185546875e-01,-2.621090710163116455e-01,-2.403120696544647217e-01,3.463480770587921143e-01,2.312302142381668091e-01,5.613595247268676758e-02,2.832390666007995605e-01,1.473812907934188843e-01,1.827817559242248535e-01,1.580798625946044922e-02,0.000000000000000000e+00
1.640964597463607788e-01,4.700268805027008057e-01,-3.723315894603729248e-01,-4.118584990501403809e-01,2.095241546630859375e-01,3.199887871742248535e-01,-2.601464986801147461e-01,-3.154252171516418457e-01,3.681077659130096436e-01,-8.748484402894973755e-02,-1.504822139395400882e-04,5.199260711669921875e-01,-6.099733710289001465e-02,7.306408882141113281e-01,1.000000000000000000e+00,-5.274983122944831848e-02,-2.716314792633056641e-01,-6.154636144638061523e-01,-3.744242489337921143e-01,-2.219066023826599121e-01,-4.499600827693939209e-02,0.000000000000000000e+00,0.000000000000000000e+00,3.225394487380981445e-01,4.348928332328796387e-01,-2.394112944602966309e-01,1.688168384134769440e-02,2.316943854093551636e-01,-2.132496833801269531e-01,1.119109615683555603e-02,-2.816648483276367188e-01,0.000000000000000000e+00,2.630343735218048096e-01,6.554533839225769043e-01,6.552146673202514648e-01,2.861039042472839355e-01,1.975509338080883026e-02,7.344473600387573242e-01,-1.314559578895568848e-01,-2.409901469945907593e-01,4.992798268795013428e-01,3.562991023063659668e-01,-6.798842549324035645e-02,3.256861567497253418e-01,1.306390762329101562e-01,2.564192116260528564e-01,-4.807910695672035217e-02,0.000000000000000000e+00
4.686683416366577148e-02,-1.183132827281951904e-01,3.583502769470214844e-02,1.439479552209377289e-02,7.939182966947555542e-02,-4.149797558784484863e-02,7.644363492727279663e-02,6.193466018885374069e-03,2.266464754939079285e-02,1.189208328723907471e-01,1.752312332391738892e-01,8.175671100616455078e-02,2.516900002956390381e-01,-2.064441889524459839e-01,-5.274983122944831848e-02,1.000000000000000000e+00,8.649682998657226562e-02,2.417246848344802856e-01,2.516984045505523682e-01,1.855820715427398682e-01,4.271050170063972473e-02,0.000000000000000000e+00,0.000000000000000000e+00,1.091255173087120056e-01,1.004333868622779846e-01,1.076095104217529297e-01,2.071166932582855225e-01,-8.160063624382019043e-02,-5.995378643274307251e-02,1.148014888167381287e-01,3.654307723045349121e-01,0.000000000000000000e+00,1.459938883781433105e-01,-1.411105692386627197e-01,-2.414747141301631927e-02,2.613004148006439209e-01,-7.864958792924880981e-02,-6.153935194015502930e-02,4.758687615394592285e-01,3.631152510643005371e-01,2.810473740100860596e-02,-7.906754314899444580e-02,-1.127979084849357605e-01,-1.686492748558521271e-02,-1.864338815212249756e-01,-1.695726364850997925e-01,-2.696865051984786987e-02,0.000000000000000000e+00
-1.877491176128387451e-01,-9.627787396311759949e-03,-1.181042492389678955e-01,5.316803455352783203e-01,-2.153584361076354980e-02,-2.477166615426540375e-02,6.879375576972961426e-01,-2.541756927967071533e-01,-4.015839367639273405e-04,-2.369733341038227081e-02,-3.380067050457000732e-01,1.159287020564079285e-01,-4.568168520927429199e-01,-2.985208928585052490e-01,-2.716314792633056641e-01,8.649682998657226562e-02,1.000000000000000000e+00,5.953523516654968262e-01,4.441170990467071533e-01,-2.616026997566223145e-01,-3.984302654862403870e-02,0.000000000000000000e+00,0.000000000000000000e+00,9.262984246015548706e-02,1.694078557193279266e-02,-2.599429488182067871e-01,-1.844673603773117065e-01,9.922454133629798889e-03,3.965270817279815674e-01,1.392388790845870972e-01,1.933096945285797119e-01,0.000000000000000000e+00,-3.939942121505737305e-01,-3.561896085739135742e-01,-4.208636581897735596e-01,1.057840362191200256e-01,-1.537901014089584351e-01,-2.340811192989349365e-01,4.439011961221694946e-02,-3.303606295958161354e-03,-2.111229151487350464e-01,4.606157541275024414e-02,9.349630773067474365e-02,-3.397540748119354248e-02,-5.015449598431587219e-02,-1.079266071319580078e-01,-7.147651631385087967e-03,0.000000000000000000e+00
-1.909917891025543213e-01,-3.056923151016235352e-01,1.035979762673377991e-01,4.290686547756195068e-01,-1.440159678459167480e-01,-2.465970069169998169e-01,5.936963558197021484e-01,7.258334755897521973e-02,-2.033720910549163818e-01,9.454615414142608643e-02,-1.119432002305984497e-01,-2.293954491615295410e-01,-7.018564641475677490e-02,-6.057214140892028809e-01,-6.154636740684509277e-01,2.417246848344802856e-01,5.953523516654968262e-01,1.000000000000000000e+00,3.994806408882141113e-01,1.266332417726516724e-01,6.139956414699554443e-02,0.000000000000000000e+00,0.000000000000000000e+00,9.596926160156726837e-03,-9.399042278528213501e-02,7.122665643692016602e-02,1.477638352662324905e-02,-2.161149680614471436e-01,2.485017627477645874e-01,3.398974239826202393e-02,4.073932766914367676e-01,0.000000000000000000e+00,-2.069802880287170410e-01,-5.060537457466125488e-01,-5.227675437927246094e-01,1.524826046079397202e-03,-9.750018268823623657e-02,-5.014276504516601562e-01,2.454187721014022827e-01,2.053047716617584229e-01,-3.560372889041900635e-01,-2.587088346481323242e-01,-1.503555625677108765e-01,-2.516348659992218018e-01,-1.818684339523315430e-01,-1.896394193172454834e-01,3.518237546086311340e-02,0.000000000000000000e+00
-1.958067715167999268e-01,-5.671113133430480957e-01,4.721029400825500488e-01,2.098751813173294067e-01,-2.006738632917404175e-01,-4.361716210842132568e-01,8.399589359760284424e-02,8.936209231615066528e-02,-1.838715523481369019e-01,8.461370319128036499e-02,1.978077441453933716e-01,3.665022552013397217e-02,1.911509484052658081e-01,-3.216501176357269287e-01,-3.744242191314697266e-01,2.516984045505523682e-01,4.441170692443847656e-01,3.994806408882141113e-01,1.000000000000000000e+00,2.701379954814910889e-01,7.028549909591674805e-02,0.000000000000000000e+00,0.000000000000000000e+00,-8.042009919881820679e-02,-2.277244180440902710e-01,4.001530408859252930e-01,-2.436096221208572388e-02,-1.907622665166854858e-01,5.736587569117546082e-02,3.440870046615600586e-01,5.273161530494689941e-01,0.000000000000000000e+00,-3.017738461494445801e-01,-5.020411014556884766e-01,-4.189415872097015381e-01,-2.138924151659011841e-01,-7.578685134649276733e-02,-5.009982585906982422e-01,2.120024561882019043e-01,2.685829997062683105e-01,-4.421290457248687744e-01,-2.975274026393890381e-01,3.213227987289428711e-01,-3.629521727561950684e-01,-3.800021111965179443e-01,-3.118221163749694824e-01,3.471763059496879578e-02,0.000000000000000000e+00
-1.060296446084976196e-01,-4.161638021469116211e-01,2.928467690944671631e-01,-1.217573881149291992e-01,-1.314207762479782104e-01,-1.746004223823547363e-01,-2.093087881803512573e-01,1.436735689640045166e-01,-1.566950082778930664e-01,3.506356477737426758e-01,2.813559174537658691e-01,9.233675152063369751e-02,6.973006129264831543e-01,-2.282593697309494019e-01,-2.219065874814987183e-01,1.855820566415786743e-01,-2.616026997566223145e-01,1.266332417726516724e-01,2.701379954814910889e-01,1.000000000000000000e+00,3.254497349262237549e-01,0.000000000000000000e+00,0.000000000000000000e+00,-5.131891369819641113e-02,-2.706522643566131592e-01,3.809457123279571533e-01,-1.481574922800064087e-01,7.862573489546775818e-03,-2.547117508947849274e-02,2.520317733287811279e-01,3.148435950279235840e-01,0.000000000000000000e+00,-1.890380531549453735e-01,-2.650252878665924072e-01,-2.242948412895202637e-01,-2.276328504085540771e-01,8.406338281929492950e-03,-4.095075726509094238e-01,1.246546432375907898e-01,2.085242718458175659e-01,-1.459559053182601929e-01,-2.624519169330596924e-01,1.771556288003921509e-01,-3.283016681671142578e-01,-6.069210916757583618e-02,1.950201690196990967e-01,3.500744327902793884e-02,0.000000000000000000e+00
-1.156497299671173096e-01,-1.433351635932922363e-01,7.379895448684692383e-02,2.435673773288726807e-02,-1.576261967420578003e-01,-6.788675487041473389e-02,-1.094366535544395447e-01,-1.458976864814758301e-01,-9.093974530696868896e-02,-2.352866716682910919e-02,-6.903509050607681274e-02,6.926277279853820801e-02,2.879680991172790527e-01,7.351150363683700562e-02,-4.499601200222969055e-02,4.271050170063972473e-02,-3.984303027391433716e-02,6.139956414699554443e-02,7.028549909591674805e-02,3.254497349262237549e-01,1.000000000000000000e+00,0.000000000000000000e+00,0.000000000000000000e+00,1.473950594663619995e-01,-3.794397041201591492e-02,7.413497567176818848e-02,-1.477735638618469238e-01,1.829451322555541992e-02,-7.112145423889160156e-03,1.254850346595048904e-02,2.658654749393463135e-02,0.000000000000000000e+00,-1.843913048505783081e-01,-6.677293777465820312e-02,-8.439441770315170288e-02,-2.846883609890937805e-02,8.895624428987503052e-02,-4.244818165898323059e-02,-1.686081103980541229e-02,1.258005648851394653e-01,-8.359424769878387451e-02,-1.586078405380249023e-01,1.174650788307189941e-01,-1.931338906288146973e-01,-5.864650383591651917e-02,9.996310621500015259e-02,8.908885717391967773e-02,0.000000000000000000e+00
0.000000000000000000e+00,0.000000000000000000e+00,0.000000000000000000e+00,0.000000000000000000e+00,0.000000000000000000e+00,0.000000000000000000e+00,0.000000000000000000e+00,0.000000000000000000e+00,0.000000000000000000e+00,0.000000000000000000e+00,0.000000000000000000e+00,0.000000000000000000e+00,0.000000000000000000e+00,0.000000000000000000e+00,0.000000000000000000e+00,0.000000000000000000e+00,0.000000000000000000e+00,0.000000000000000000e+00,0.000000000000000000e+00,0.000000000000000000e+00,0.000000000000000000e+00,1.000000000000000000e+00,0.000000000000000000e+00,0.000000000000000000e+00,0.000000000000000000e+00,0.000000000000000000e+00,0.000000000000000000e+00,0.000000000000000000e+00,0.000000000000000000e+00,0.000000000000000000e+00,0.000000000000000000e+00,0.000000000000000000e+00,0.000000000000000000e+00,0.000000000000000000e+00,0.000000000000000000e+00,0.000000000000000000e+00,0.000000000000000000e+00,0.000000000000000000e+00,0.000000000000000000e+00,0.000000000000000000e+00,0.000000000000000000e+00,0.000000000000000000e+00,0.000000000000000000e+00,0.000000000000000000e+00,0.000000000000000000e+00,0.000000000000000000e+00,0.000000000000000000e+00,0.000000000000000000e+00
0.000000000000000000e+00,0.000000000000000000e+00,0.000000000000000000e+00,0.000000000000000000e+00,0.000000000000000000e+00,0.000000000000000000e+00,0.000000000000000000e+00,0.000000000000000000e+00,0.000000000000000000e+00,0.000000000000000000e+00,0.000000000000000000e+00,0.000000000000000000e+00,0.000000000000000000e+00,0.000000000000000000e+00,0.000000000000000000e+00,0.000000000000000000e+00,0.000000000000000000e+00,0.000000000000000000e+00,0.000000000000000000e+00,0.000000000000000000e+00,0.000000000000000000e+00,0.000000000000000000e+00,1.000000000000000000e+00,0.000000000000000000e+00,0.000000000000000000e+00,0.000000000000000000e+00,0.000000000000000000e+00,0.000000000000000000e+00,0.000000000000000000e+00,0.000000000000000000e+00,0.000000000000000000e+00,0.000000000000000000e+00,0.000000000000000000e+00,0.000000000000000000e+00,0.000000000000000000e+00,0.000000000000000000e+00,0.000000000000000000e+00,0.000000000000000000e+00,0.000000000000000000e+00,0.000000000000000000e+00,0.000000000000000000e+00,0.000000000000000000e+00,0.000000000000000000e+00,0.000000000000000000e+00,0.000000000000000000e+00,0.000000000000000000e+00,0.000000000000000000e+00,0.000000000000000000e+00
-3.648299276828765869e-01,2.127684094011783600e-02,-1.915559917688369751e-01,-4.569403454661369324e-02,-2.903257608413696289e-01,-4.003616422414779663e-02,7.466041296720504761e-02,-4.686012566089630127e-01,-9.496761858463287354e-02,-2.081193476915359497e-01,-3.297607004642486572e-01,1.662934869527816772e-01,-2.719918452203273773e-02,2.710801661014556885e-01,3.225394487380981445e-01,1.091255173087120056e-01,9.262984246015548706e-02,9.596927091479301453e-03,-8.042009919881820679e-02,-5.131891369819641113e-02,1.473950594663619995e-01,0.000000000000000000e+00,0.000000000000000000e+00,1.000000000000000000e+00,2.884100973606109619e-01,1.513410918414592743e-02,-9.432892501354217529e-02,8.748370409011840820e-02,6.315395981073379517e-02,9.075178951025009155e-02,2.113977521657943726e-01,0.000000000000000000e+00,-1.368457823991775513e-01,1.950361430644989014e-01,6.562924385070800781e-02,4.359564483165740967e-01,-2.916021458804607391e-02,3.113504350185394287e-01,1.148317903280258179e-01,1.304842084646224976e-01,-1.042750403285026550e-01,-1.944715380668640137e-01,-1.332821846008300781e-01,-3.133107442408800125e-03,-1.582133471965789795e-01,6.158595904707908630e-03,-1.202085148543119431e-02,0.000000000000000000e+00
2.575066685676574707e-01,3.408294022083282471e-01,-4.813369810581207275e-01,-3.403581380844116211e-01,6.976895779371261597e-02,5.093796644359827042e-03,-2.705518901348114014e-02,-1.767037361860275269e-01,2.401290684938430786e-01,2.541420049965381622e-02,-1.986862160265445709e-02,2.951540052890777588e-01,-2.782823145389556885e-01,2.568149566650390625e-01,4.348928332328796387e-01,1.004333868622779846e-01,1.694078557193279266e-02,-9.399042278528213501e-02,-2.277244180440902710e-01,-2.706522643566131592e-01,-3.794397041201591492e-02,0.000000000000000000e+00,0.000000000000000000e+00,2.884100973606109619e-01,1.000000000000000000e+00,-2.904555797576904297e-01,4.775830507278442383e-01,1.404440850019454956e-01,-9.843004494905471802e-02,-1.675332486629486084e-01,-1.353905200958251953e-01,0.000000000000000000e+00,3.878231048583984375e-01,2.730898857116699219e-01,2.738755047321319580e-01,1.765248924493789673e-01,-1.205010786652565002e-01,4.239104390144348145e-01,-1.006923913955688477e-01,-9.024240076541900635e-02,3.142668902873992920e-01,2.362547516822814941e-01,-2.482499331235885620e-01,1.872296631336212158e-01,9.616374969482421875e-02,1.612264364957809448e-01,-8.379399031400680542e-02,0.000000000000000000e+00
-3.500259518623352051e-01,-6.850591301918029785e-01,7.444366216659545898e-01,-3.426712378859519958e-02,-2.460130453109741211e-01,-4.113883078098297119e-01,-2.070592194795608521e-01,1.569491028785705566e-01,-3.585166931152343750e-01,-8.293116092681884766e-02,2.961626350879669189e-01,-3.033231198787689209e-01,4.975365400314331055e-01,-1.139866262674331665e-01,-2.394112944602966309e-01,1.076095104217529297e-01,-2.599429488182067871e-01,7.122665643692016602e-02,4.001530408859252930e-01,3.809457123279571533e-01,7.413497567176818848e-02,0.000000000000000000e+00,0.000000000000000000e+00,1.513410918414592743e-02,-2.904555797576904297e-01,1.000000000000000000e+00,4.490080103278160095e-02,-2.916254997253417969e-01,-1.608133465051651001e-01,3.327981233596801758e-01,4.881081581115722656e-01,0.000000000000000000e+00,-5.147933587431907654e-02,-1.976705342531204224e-01,-1.507485657930374146e-01,-2.217630445957183838e-01,8.208540081977844238e-02,-3.473456203937530518e-01,1.819148510694503784e-01,2.531979978084564209e-01,-3.558609485626220703e-01,-5.424063801765441895e-01,-4.163638874888420105e-02,-4.798367619514465332e-01,-5.435694456100463867e-01,-4.215265810489654541e-01,-4.277871176600456238e-02,0.000000000000000000e+00
3.103578090667724609e-01,3.532506898045539856e-02,-1.159771382808685303e-01,-3.692280054092407227e-01,3.401061147451400757e-02,-2.902595102787017822e-01,-2.615780234336853027e-01,3.327567279338836670e-01,7.744111120700836182e-02,1.380085386335849762e-02,4.171532988548278809e-01,-9.218617528676986694e-02,-5.090354476124048233e-03,-6.627538800239562988e-02,1.688168384134769440e-02,2.071166783571243286e-01,-1.844673603773117065e-01,1.477638352662324905e-02,-2.436096221208572388e-02,-1.481574922800064087e-01,-1.477735638618469238e-01,0.000000000000000000e+00,0.000000000000000000e+00,-9.432892501354217529e-02,4.775830507278442383e-01,4.490080103278160095e-02,1.000000000000000000e+00,-2.931477427482604980e-01,-3.813926875591278076e-01,-2.213035076856613159e-01,2.750610187649726868e-02,0.000000000000000000e+00,6.464680433273315430e-01,6.808032840490341187e-02,1.638243347406387329e-01,-4.554170370101928711e-02,-7.609146833419799805e-02,1.093313917517662048e-01,8.566386252641677856e-02,4.578530788421630859e-02,5.289156734943389893e-02,-2.320737764239311218e-02,-2.423051446676254272e-01,1.180585175752639771e-01,-1.051366254687309265e-01,-1.760795563459396362e-01,7.225892040878534317e-03,0.000000000000000000e+00
3.343372642993927002e-01,3.697515726089477539e-01,-1.915037482976913452e-01,3.510178998112678528e-02,3.141941428184509277e-01,4.526257216930389404e-01,7.711609452962875366e-02,-3.307464122772216797e-01,2.194812297821044922e-01,1.983701288700103760e-01,-2.985672652721405029e-01,2.496842145919799805e-01,-4.182594642043113708e-02,1.545450389385223389e-01,2.316943854093551636e-01,-8.160062879323959351e-02,9.922454133629798889e-03,-2.161149680614471436e-01,-1.907622665166854858e-01,7.862573489546775818e-03,1.829451322555541992e-02,0.000000000000000000e+00,0.000000000000000000e+00,8.748370409011840820e-02,1.404440850019454956e-01,-2.916254997253417969e-01,-2.931477427482604980e-01,1.000000000000000000e+00,5.519592761993408203e-01,6.506762653589248657e-02,-2.023025304079055786e-01,0.000000000000000000e+00,-9.741827845573425293e-02,7.258568704128265381e-02,1.352690607309341431e-01,1.121885180473327637e-01,-1.317138224840164185e-01,1.470274180173873901e-01,-1.481823325157165527e-01,-8.550358563661575317e-02,4.038612246513366699e-01,4.447545707225799561e-01,1.455779373645782471e-01,1.597627699375152588e-01,3.040434718132019043e-01,4.364672005176544189e-01,-8.879964798688888550e-02,0.000000000000000000e+00
-1.477655582129955292e-02,6.442310661077499390e-02,-1.320702582597732544e-01,3.237276673316955566e-01,7.483754307031631470e-02,1.321624368429183960e-01,3.916125297546386719e-01,-2.453363686800003052e-01,-2.009453251957893372e-02,4.227340966463088989e-02,-4.381769597530364990e-01,-6.701995618641376495e-03,-2.214379757642745972e-01,-2.687629461288452148e-01,-2.132496833801269531e-01,-5.995378643274307251e-02,3.965270817279815674e-01,2.485017627477645874e-01,5.736587196588516235e-02,-2.547117508947849274e-02,-7.112145423889160156e-03,0.000000000000000000e+00,0.000000000000000000e+00,6.315395981073379517e-02,-9.843004494905471802e-02,-1.608133465051651001e-01,-3.813926875591278076e-01,5.519592761993408203e-01,1.000000000000000000e+00,1.721346825361251831e-01,-4.420404508709907532e-02,0.000000000000000000e+00,-3.578050136566162109e-01,-2.971894741058349609e-01,-3.008664846420288086e-01,3.211916482541710138e-04,-2.510100603103637695e-01,-2.640708684921264648e-01,-1.673713773488998413e-01,4.472345113754272461e-02,-3.452626615762710571e-02,1.053270697593688965e-01,3.393394127488136292e-02,-1.949986256659030914e-02,1.004873663187026978e-01,1.175063103437423706e-01,-1.264200955629348755e-01,0.000000000000000000e+00
-2.193393558263778687e-01,-3.177701532840728760e-01,2.453872859477996826e-01,2.890477329492568970e-02,8.033857494592666626e-02,-8.613111078739166260e-02,7.662107795476913452e-02,-2.357235699892044067e-01,-1.429376378655433655e-02,1.174493655562400818e-01,-1.126713212579488754e-02,1.758763343095779419e-01,2.097470462322235107e-01,3.308541327714920044e-02,1.119109615683555603e-02,1.148014888167381287e-01,1.392388790845870972e-01,3.398974239826202393e-02,3.440870046615600586e-01,2.520317733287811279e-01,1.254850253462791443e-02,0.000000000000000000e+00,0.000000000000000000e+00,9.075178951025009155e-02,-1.675332486629486084e-01,3.327981233596801758e-01,-2.213035076856613159e-01,6.506762653589248657e-02,1.721346825361251831e-01,1.000000000000000000e+00,4.612922072410583496e-01,0.000000000000000000e+00,-2.657132744789123535e-01,-1.570367217063903809e-01,-1.433861702680587769e-01,-7.396951317787170410e-02,1.437949109822511673e-02,-2.414529174566268921e-01,5.254133418202400208e-02,7.880771905183792114e-02,-1.039629951119422913e-01,-9.043784439563751221e-02,1.609070152044296265e-01,-2.223432511091232300e-01,-2.752363085746765137e-01,-6.344166398048400879e-02,-1.312794834375381470e-01,0.000000000000000000e+00
-2.805408537387847900e-01,-5.441602468490600586e-01,4.785196185111999512e-01,1.167301833629608154e-01,-1.681236475706100464e-01,-3.233701586723327637e-01,1.329537481069564819e-01,-3.605763986706733704e-02,-1.595617085695266724e-01,5.212461948394775391e-02,1.886274516582489014e-01,-1.385432034730911255e-01,3.098975121974945068e-01,-3.191224634647369385e-01,-2.816648483276367188e-01,3.654307723045349121e-01,1.933096945285797119e-01,4.073932766914367676e-01,5.273161530494689941e-01,3.148435950279235840e-01,2.658654749393463135e-02,0.000000000000000000e+00,0.000000000000000000e+00,2.113977372646331787e-01,-1.353905200958251953e-01,4.881081581115722656e-01,2.750610187649726868e-02,-2.023025304079055786e-01,-4.420404136180877686e-02,4.612922072410583496e-01,1.000000000000000000e+00,0.000000000000000000e+00,-1.688030362129211426e-01,-4.011576473712921143e-01,-2.578034698963165283e-01,1.819833368062973022e-01,-1.447119563817977905e-01,-3.925558030605316162e-01,4.993679821491241455e-01,3.930089175701141357e-01,-3.377141356468200684e-01,-3.593153357505798340e-01,9.509411640465259552e-03,-3.680119812488555908e-01,-4.527103304862976074e-01,-2.783074080944061279e-01,-6.157616898417472839e-02,0.000000000000000000e+00
0.000000000000000000e+00,0.000000000000000000e+00,0.000000000000000000e+00,0.000000000000000000e+00,0.000000000000000000e+00,0.000000000000000000e+00,0.000000000000000000e+00,0.000000000000000000e+00,0.000000000000000000e+00,0.000000000000000000e+00,0.000000000000000000e+00,0.000000000000000000e+00,0.000000000000000000e+00,0.000000000000000000e+00,0.000000000000000000e+00,0.000000000000000000e+00,0.000000000000000000e+00,0.000000000000000000e+00,0.000000000000000000e+00,0.000000000000000000e+00,0.000000000000000000e+00,0.000000000000000000e+00,0.000000000000000000e+00,0.000000000000000000e+00,0.000000000000000000e+00,0.000000000000000000e+00,0.000000000000000000e+00,0.000000000000000000e+00,0.000000000000000000e+00,0.000000000000000000e+00,0.000000000000000000e+00,1.000000000000000000e+00,0.000000000000000000e+00,0.000000000000000000e+00,0.000000000000000000e+00,0.000000000000000000e+00,0.000000000000000000e+00,0.000000000000000000e+00,0.000000000000000000e+00,0.000000000000000000e+00,0.000000000000000000e+00,0.000000000000000000e+00,0.000000000000000000e+00,0.000000000000000000e+00,0.000000000000000000e+00,0.000000000000000000e+00,0.000000000000000000e+00,0.000000000000000000e+00
