1.000000000000000000e+00,1.124307438731193542e-01,2.985374256968498230e-02,6.259638071060180664e-02,3.505873382091522217e-01,1.372216641902923584e-01,-1.423761397600173950e-01,-3.121398948132991791e-02,-6.473289802670478821e-03,-1.959194242954254150e-02,-5.965698137879371643e-02,-2.288537472486495972e-01,-1.335900872945785522e-01,-1.769954264163970947e-01,-2.030770629644393921e-01,-1.620613783597946167e-01,-1.286097764968872070e-01,1.761934608221054077e-01,-2.011802047491073608e-01,-1.117767021059989929e-01,1.300957351922988892e-01,0.000000000000000000e+00,0.000000000000000000e+00,-2.411720454692840576e-01,2.969439625740051270e-01,-2.634076476097106934e-01,1.496573239564895630e-01,4.676380157470703125e-01,4.361737966537475586e-01,-9.394445270299911499e-02,-1.825725436210632324e-01,0.000000000000000000e+00,1.384701430797576904e-01,-1.680333763360977173e-01,1.962054893374443054e-02,-3.397900983691215515e-02,-5.954390764236450195e-02,-8.128783106803894043e-02,-1.517158448696136475e-01,-1.455220431089401245e-01,1.956372708082199097e-01,8.439242094755172729e-02,-2.822106890380382538e-02,4.634643718600273132e-02,1.706361472606658936e-01,-7.331200409680604935e-03,-1.992664933204650879e-01,0.000000000000000000e+00
1.124307438731193542e-01,1.000000000000000000e+00,-2.185067236423492432e-01,2.936833798885345459e-01,3.670176565647125244e-01,5.043877959251403809e-01,-4.487989470362663269e-02,4.817711114883422852e-01,4.840356111526489258e-01,-2.021399736404418945e-01,3.213416934013366699e-01,-8.840747177600860596e-02,-1.952574700117111206e-01,-3.278196156024932861e-01,1.086725294589996338e-01,-2.362057268619537354e-01,-3.130813539028167725e-01,5.667262896895408630e-02,-1.330742239952087402e-01,-6.479149311780929565e-02,1.528382208198308945e-02,0.000000000000000000e+00,0.000000000000000000e+00,-3.465333580970764160e-01,-7.038792967796325684e-02,-7.025501877069473267e-02,4.693098962306976318e-01,-1.909127682447433472e-01,-4.602879658341407776e-02,-4.356845915317535400e-01,-2.820768952369689941e-01,0.000000000000000000e+00,4.961422085762023926e-01,3.402265310287475586e-01,2.308900058269500732e-01,-1.763625293970108032e-01,1.892418414354324341e-01,3.443166911602020264e-01,-1.193971931934356689e-01,-3.168075680732727051e-01,5.620442032814025879e-01,3.162398636341094971e-01,-3.654997348785400391e-01,5.661554336547851562e-01,-5.296319723129272461e-02,-3.255848288536071777e-01,-3.350591063499450684e-01,0.000000000000000000e+00
2.985374256968498230e-02,-2.185067236423492432e-01,1.000000000000000000e+00,2.838476896286010742e-01,-1.447557210922241211e-01,-1.138863712549209595e-01,3.031187951564788818e-01,-1.104672625660896301e-01,-2.748526632785797119e-01,-1.150592416524887085e-01,-1.776761561632156372e-01,-1.605387628078460693e-01,-1.333603560924530029e-01,7.786856591701507568e-02,-1.718991398811340332e-01,-6.974230706691741943e-02,1.445293724536895752e-01,1.346217691898345947e-01,-3.815664350986480713e-02,-7.620844990015029907e-02,5.307603254914283752e-02,0.000000000000000000e+00,0.000000000000000000e+00,-5.933914706110954285e-02,4.664358124136924744e-02,1.654577851295471191e-01,-1.242279931902885437e-01,2.608333826065063477e-01,2.484898418188095093e-01,1.298978775739669800e-01,-1.215825304388999939e-01,0.000000000000000000e+00,-2.052751779556274414e-01,-1.423811763525009155e-01,-1.467053592205047607e-01,-4.049528762698173523e-02,-2.677884697914123535e-02,-1.404693424701690674e-01,-3.141265735030174255e-02,7.337985932826995850e-02,-2.297057509422302246e-01,-1.670269817113876343e-01,4.521767795085906982e-02,-2.473029494285583496e-01,-1.704779826104640961e-02,6.189707666635513306e-03,-2.254515141248703003e-02,0.000000000000000000e+00
6.259638071060180664e-02,2.936833798885345459e-01,2.838476896286010742e-01,1.000000000000000000e+00,2.105426490306854248e-01,3.751932680606842041e-01,3.314215540885925293e-01,3.248545229434967041e-01,2.055276781320571899e-01,-2.678374052047729492e-01,1.017133966088294983e-01,-1.680649966001510620e-01,-2.585003972053527832e-01,-1.775615662336349487e-01,-7.228825986385345459e-02,-3.091106712818145752e-01,-1.068668961524963379e-01,1.629853099584579468e-01,-1.264258176088333130e-01,-7.726402580738067627e-02,5.446543544530868530e-02,0.000000000000000000e+00,0.000000000000000000e+00,-3.271021842956542969e-01,-6.791163235902786255e-02,8.835376799106597900e-02,2.889524698257446289e-01,4.478896968066692352e-03,1.244183406233787537e-01,-2.548158466815948486e-01,-3.301655054092407227e-01,0.000000000000000000e+00,2.682215571403503418e-01,1.968984007835388184e-01,1.784908771514892578e-02,-2.259743958711624146e-01,1.301726847887039185e-01,1.782404482364654541e-01,-1.747631877660751343e-01,-2.018669843673706055e-01,2.769264280796051025e-01,1.177569329738616943e-01,-2.664596438407897949e-01,2.322742938995361328e-01,-9.684034436941146851e-02,-2.538012266159057617e-01,-2.922423481941223145e-01,0.000000000000000000e+00
3.505873382091522217e-01,3.670176565647125244e-01,-1.447557210922241211e-01,2.105426490306854248e-01,1.000000000000000000e+00,4.948866963386535645e-01,4.796516150236129761e-02,2.374748438596725464e-01,3.029296696186065674e-01,-3.758213669061660767e-02,1.968607604503631592e-01,-1.183099150657653809e-01,-1.515942960977554321e-01,-1.680352389812469482e-01,-3.970530349761247635e-03,-1.721304208040237427e-01,-1.644308120012283325e-01,8.732404559850692749e-02,-2.214952111244201660e-01,-1.242461279034614563e-01,8.302287012338638306e-02,0.000000000000000000e+00,0.000000000000000000e+00,-2.770028412342071533e-01,3.564060851931571960e-02,-1.195445507764816284e-01,2.215162366628646851e-01,1.153043508529663086e-01,1.776321679353713989e-01,-2.519558966159820557e-01,-2.150889188051223755e-01,0.000000000000000000e+00,2.933508157730102539e-01,-4.915633704513311386e-03,4.383661225438117981e-02,-1.124435737729072571e-01,-6.586223840713500977e-03,8.186361193656921387e-02,-1.057927384972572327e-01,-1.910169273614883423e-01,4.443871378898620605e-01,3.849098980426788330e-01,-1.148406863212585449e-01,3.527308702468872070e-01,2.047237008810043335e-01,-7.696177065372467041e-02,-2.300771027803421021e-01,0.000000000000000000e+00
1.372216641902923584e-01,5.043877959251403809e-01,-1.138863712549209595e-01,3.751932680606842041e-01,4.948866963386535645e-01,1.000000000000000000e+00,1.707222461700439453e-01,4.257059991359710693e-01,4.255792200565338135e-01,-1.802409142255783081e-01,2.778914570808410645e-01,-1.242675483226776123e-01,-1.827648580074310303e-01,-2.275755256414413452e-01,1.242679655551910400e-01,-2.599551677703857422e-01,-1.973936408758163452e-01,5.937254056334495544e-02,-1.755436062812805176e-01,-4.493719711899757385e-02,1.102620288729667664e-01,0.000000000000000000e+00,0.000000000000000000e+00,-3.068057596683502197e-01,-8.010448515415191650e-02,-4.325957968831062317e-03,3.524928390979766846e-01,-1.098146811127662659e-01,2.169623225927352905e-02,-3.478537201881408691e-01,-2.427894622087478638e-01,0.000000000000000000e+00,3.928760886192321777e-01,2.129326611757278442e-01,1.278496235609054565e-01,-1.651207655668258667e-01,1.206923648715019226e-01,2.767665088176727295e-01,-9.637278318405151367e-02,-2.745560109615325928e-01,5.135816335678100586e-01,3.850192725658416748e-01,-2.453757226467132568e-01,4.832266271114349365e-01,3.348471224308013916e-02,-2.257255911827087402e-01,-3.055270612239837646e-01,0.000000000000000000e+00
-1.423761397600173950e-01,-4.487989470362663269e-02,3.031187951564788818e-01,3.314215540885925293e-01,4.796516150236129761e-02,1.707222461700439453e-01,1.000000000000000000e+00,-2.305243909358978271e-02,5.601226352155208588e-03,1.397831644862890244e-02,-1.163499280810356140e-01,6.789336353540420532e-02,3.184622526168823242e-02,1.140196993947029114e-01,-1.314054802060127258e-02,-5.941117927432060242e-02,3.157371282577514648e-01,1.527422815561294556e-01,1.078037098050117493e-01,1.020507961511611938e-01,1.121688187122344971e-01,0.000000000000000000e+00,0.000000000000000000e+00,3.996729850769042969e-02,-1.072749495506286621e-01,2.647594809532165527e-01,-6.350456178188323975e-02,-3.922722116112709045e-02,-1.751734688878059387e-02,9.249234944581985474e-02,1.788214966654777527e-02,0.000000000000000000e+00,-1.134751588106155396e-01,2.755326684564352036e-03,-7.996216416358947754e-02,-2.843295224010944366e-03,3.373793140053749084e-02,1.271046046167612076e-02,2.846235781908035278e-02,1.050361543893814087e-01,-3.126692026853561401e-02,2.039965838193893433e-01,1.338838040828704834e-01,-2.253411104902625084e-03,8.944147080183029175e-02,1.247469410300254822e-01,2.139679342508316040e-02,0.000000000000000000e+00
-3.121398948132991791e-02,4.817710816860198975e-01,-1.104672551155090332e-01,3.248545229434967041e-01,2.374748438596725464e-01,4.257059991359710693e-01,-2.305243909358978271e-02,1.000000000000000000e+00,4.280884265899658203e-01,-3.288259804248809814e-01,3.959344327449798584e-01,-1.311598718166351318e-01,-2.591126561164855957e-01,-2.586194872856140137e-01,1.324988901615142822e-01,-2.817050516605377197e-01,-3.621996343135833740e-01,-5.284399539232254028e-02,-2.065901160240173340e-01,-8.156410604715347290e-02,7.085769623517990112e-02,0.000000000000000000e+00,0.000000000000000000e+00,-3.616448938846588135e-01,-9.109044820070266724e-02,-5.139604210853576660e-03,4.710718989372253418e-01,-2.578916549682617188e-01,-9.892327338457107544e-02,-4.089394211769104004e-01,-3.252500593662261963e-01,0.000000000000000000e+00,5.124922394752502441e-01,3.929602205753326416e-01,1.261184364557266235e-01,-2.914206087589263916e-01,2.689609825611114502e-01,3.500811457633972168e-01,-1.360927075147628784e-01,-3.575330078601837158e-01,4.447387456893920898e-01,9.506493806838989258e-02,-4.399881660938262939e-01,4.371557831764221191e-01,-2.071038633584976196e-01,-4.226128458976745605e-01,-3.699317574501037598e-01,0.000000000000000000e+00
-6.473289802670478821e-03,4.840356111526489258e-01,-2.748526632785797119e-01,2.055276781320571899e-01,3.029296696186065674e-01,4.255792200565338135e-01,5.601226352155208588e-03,4.280883967876434326e-01,1.000000000000000000e+00,-6.628191471099853516e-02,3.246441483497619629e-01,1.351246535778045654e-01,-4.772191122174263000e-02,-2.490665316581726074e-01,1.330644935369491577e-01,-1.819634586572647095e-01,-1.897408664226531982e-01,8.182075619697570801e-02,6.487659411504864693e-04,4.815870150923728943e-02,4.568713903427124023e-02,0.000000000000000000e+00,0.000000000000000000e+00,-1.861694008111953735e-01,-1.084608063101768494e-01,1.301256567239761353e-02,3.936539590358734131e-01,-2.904523015022277832e-01,-2.053957581520080566e-01,-3.641487956047058105e-01,-1.513948291540145874e-01,0.000000000000000000e+00,4.522900879383087158e-01,3.617874085903167725e-01,1.468020230531692505e-01,-1.199528276920318604e-01,1.893229782581329346e-01,3.070292174816131592e-01,-4.956820607185363770e-02,-1.698882579803466797e-01,4.753181040287017822e-01,3.062089979648590088e-01,-2.491056323051452637e-01,5.281080007553100586e-01,-4.053101688623428345e-02,-1.957715749740600586e-01,-1.620706170797348022e-01,0.000000000000000000e+00
-1.959194242954254150e-02,-2.021399736404418945e-01,-1.150592416524887085e-01,-2.678374052047729492e-01,-3.758213669061660767e-02,-1.802409142255783081e-01,1.397831644862890244e-02,-3.288259804248809814e-01,-6.628191471099853516e-02,1.000000000000000000e+00,-6.945706903934478760e-02,4.194638729095458984e-01,4.528551101684570312e-01,1.557645201683044434e-01,1.150607876479625702e-02,1.141670420765876770e-01,3.994229435920715332e-01,2.529413811862468719e-02,3.283929228782653809e-01,3.224259912967681885e-01,2.659250050783157349e-03,0.000000000000000000e+00,0.000000000000000000e+00,2.901973724365234375e-01,-4.507350921630859375e-02,-4.567985888570547104e-03,-2.545910179615020752e-01,5.750323086977005005e-02,-4.569478332996368408e-02,3.580856323242187500e-01,2.925026416778564453e-01,0.000000000000000000e+00,-2.590578794479370117e-01,-1.816095411777496338e-01,-1.956574805080890656e-02,2.168022394180297852e-01,-1.150251477956771851e-01,-1.549638360738754272e-01,1.147631481289863586e-01,2.287755161523818970e-01,-2.175920605659484863e-01,2.374667972326278687e-01,4.909248650074005127e-01,-4.715795069932937622e-02,4.134076833724975586e-01,5.478685498237609863e-01,2.357985824346542358e-01,0.000000000000000000e+00
-5.965698137879371643e-02,3.213416934013366699e-01,-1.776761710643768311e-01,1.017133966088294983e-01,1.968607753515243530e-01,2.778914570808410645e-01,-1.163499280810356140e-01,3.959344327449798584e-01,3.246441483497619629e-01,-6.945706903934478760e-02,1.000000000000000000e+00,5.056714266538619995e-02,-1.134429126977920532e-01,-1.016057282686233521e-01,1.040242537856101990e-01,-1.892756819725036621e-01,-2.593858540058135986e-01,-1.458481401205062866e-01,-1.816240698099136353e-01,-1.046867370605468750e-01,-4.773905500769615173e-02,0.000000000000000000e+00,0.000000000000000000e+00,-2.587393820285797119e-01,-1.394248008728027344e-01,-5.309198796749114990e-02,2.151174694299697876e-01,-2.242898643016815186e-01,-1.486222892999649048e-01,-2.554090619087219238e-01,-2.411289960145950317e-01,0.000000000000000000e+00,2.693794071674346924e-01,1.758783161640167236e-01,1.105019226670265198e-01,-1.735727638006210327e-01,1.540694385766983032e-01,2.184067070484161377e-01,-1.640061289072036743e-02,-2.400711029767990112e-01,2.369105666875839233e-01,1.421917378902435303e-01,-2.151899635791778564e-01,3.736141026020050049e-01,4.640246555209159851e-02,-1.797775775194168091e-01,-2.238743454217910767e-01,0.000000000000000000e+00
-2.288537472486495972e-01,-8.840747177600860596e-02,-1.605387628078460693e-01,-1.680649966001510620e-01,-1.183099150657653809e-01,-1.242675483226776123e-01,6.789336353540420532e-02,-1.311598718166351318e-01,1.351246535778045654e-01,4.194638431072235107e-01,5.056714639067649841e-02,1.000000000000000000e+00,4.288801550865173340e-01,5.472372099757194519e-02,1.103107258677482605e-01,1.076322123408317566e-01,3.068315982818603516e-01,5.093843489885330200e-02,4.043451249599456787e-01,3.690969645977020264e-01,1.645789109170436859e-02,0.000000000000000000e+00,0.000000000000000000e+00,2.935273647308349609e-01,-1.882646232843399048e-01,2.007680386304855347e-01,-8.153097331523895264e-02,-2.025902569293975830e-01,-2.605623900890350342e-01,2.421164065599441528e-01,2.742128968238830566e-01,0.000000000000000000e+00,-9.354750812053680420e-02,5.807067081332206726e-02,1.316892635077238083e-02,1.885130405426025391e-01,-3.006583574460819364e-05,-3.232977911829948425e-02,1.265063732862472534e-01,2.605040371417999268e-01,-1.309892237186431885e-01,1.544703096151351929e-01,3.112388551235198975e-01,5.698685720562934875e-02,1.661809533834457397e-01,3.713265657424926758e-01,2.386459559202194214e-01,0.000000000000000000e+00
-1.335900872945785522e-01,-1.952574551105499268e-01,-1.333603560924530029e-01,-2.585003972053527832e-01,-1.515942960977554321e-01,-1.827648580074310303e-01,3.184622526168823242e-02,-2.591126561164855957e-01,-4.772191494703292847e-02,4.528551101684570312e-01,-1.134429126977920532e-01,4.288801550865173340e-01,1.000000000000000000e+00,3.467385843396186829e-02,8.665388077497482300e-02,7.072738558053970337e-02,4.326934814453125000e-01,-5.763337388634681702e-02,4.756643772125244141e-01,5.020707845687866211e-01,9.944546967744827271e-02,0.000000000000000000e+00,0.000000000000000000e+00,3.364094495773315430e-01,-7.902468740940093994e-02,1.670927852392196655e-01,-2.069547921419143677e-01,-5.215445160865783691e-02,-1.258814781904220581e-01,3.502294719219207764e-01,3.365922272205352783e-01,0.000000000000000000e+00,-2.179531455039978027e-01,-8.772289007902145386e-02,-4.860718548297882080e-02,2.264417558908462524e-01,-7.400428503751754761e-02,-1.092107743024826050e-01,1.005680784583091736e-01,2.006150335073471069e-01,-1.980892717838287354e-01,1.061347648501396179e-01,4.309996664524078369e-01,-8.425518870353698730e-02,1.865882873535156250e-01,4.388293027877807617e-01,2.295193672180175781e-01,0.000000000000000000e+00
-1.769954264163970947e-01,-3.278196156024932861e-01,7.786856591701507568e-02,-1.775615662336349487e-01,-1.680352389812469482e-01,-2.275755256414413452e-01,1.140196993947029114e-01,-2.586194872856140137e-01,-2.490665316581726074e-01,1.557645201683044434e-01,-1.016057282686233521e-01,5.472372099757194519e-02,3.467385843396186829e-02,1.000000000000000000e+00,9.466406702995300293e-02,2.430276572704315186e-01,1.389183849096298218e-01,-1.716375723481178284e-02,-5.184850469231605530e-02,-1.052151769399642944e-01,-5.789877101778984070e-02,0.000000000000000000e+00,0.000000000000000000e+00,2.896513938903808594e-01,-1.984100788831710815e-03,1.827339269220829010e-02,-3.203281462192535400e-01,-2.261015400290489197e-02,-9.742312133312225342e-02,2.000385373830795288e-01,2.357394099235534668e-01,0.000000000000000000e+00,-3.102408647537231445e-01,-1.158375218510627747e-01,-4.628139734268188477e-02,1.646722108125686646e-01,6.226437538862228394e-02,-7.712036371231079102e-02,2.360258251428604126e-01,3.003424704074859619e-01,-3.140116930007934570e-01,-8.736622333526611328e-02,1.782078146934509277e-01,-2.451409399509429932e-01,8.334700763225555420e-02,1.861950606107711792e-01,3.232828676700592041e-01,0.000000000000000000e+00
-2.030770629644393921e-01,1.086725294589996338e-01,-1.718991398811340332e-01,-7.228825986385345459e-02,-3.970530349761247635e-03,1.242679655551910400e-01,-1.314054802060127258e-02,1.324988901615142822e-01,1.330644935369491577e-01,1.150607876479625702e-02,1.040242537856101990e-01,1.103107258677482605e-01,8.665388077497482300e-02,9.466406702995300293e-02,1.000000000000000000e+00,1.898735314607620239e-01,-1.108287498354911804e-01,-1.047914624214172363e-01,-7.214134931564331055e-02,1.143492162227630615e-01,1.115405783057212830e-01,0.000000000000000000e+00,0.000000000000000000e+00,1.813196986913681030e-01,-5.379020422697067261e-02,1.150068864226341248e-01,5.360338091850280762e-02,-3.142648637294769287e-01,-2.749876677989959717e-01,-4.466670379042625427e-02,1.867461204528808594e-01,0.000000000000000000e+00,1.079646646976470947e-01,2.160639464855194092e-01,2.730087339878082275e-01,2.311134636402130127e-01,2.463269084692001343e-01,3.765290677547454834e-01,3.498556613922119141e-01,1.029316633939743042e-01,7.919077575206756592e-02,2.712930552661418915e-02,-9.532606601715087891e-02,1.598932147026062012e-01,-9.874156117439270020e-02,-7.770977914333343506e-02,7.857820391654968262e-02,0.000000000000000000e+00
-1.620613783597946167e-01,-2.362057268619537354e-01,-6.974230706691741943e-02,-3.091106712818145752e-01,-1.721304208040237427e-01,-2.599551677703857422e-01,-5.941117927432060242e-02,-2.817050516605377197e-01,-1.819634586572647095e-01,1.141670420765876770e-01,-1.892756670713424683e-01,1.076322123408317566e-01,7.072738558053970337e-02,2.430276572704315186e-01,1.898735314607620239e-01,1.000000000000000000e+00,9.072424471378326416e-02,-1.669267006218433380e-02,1.569381728768348694e-02,-5.082651600241661072e-02,-8.429049700498580933e-02,0.000000000000000000e+00,0.000000000000000000e+00,4.327992200851440430e-01,1.181548237800598145e-01,-3.150784596800804138e-02,-3.003366887569427490e-01,-1.052405089139938354e-01,-1.953689604997634888e-01,1.168649047613143921e-01,3.391545414924621582e-01,0.000000000000000000e+00,-2.569002807140350342e-01,-1.464938968420028687e-01,-6.630628556013107300e-02,2.835447788238525391e-01,-7.846397906541824341e-02,-1.101333349943161011e-01,3.418984115123748779e-01,4.558241367340087891e-01,-2.047252953052520752e-01,-9.355468302965164185e-02,9.101218730211257935e-02,-2.198722064495086670e-01,-4.165068641304969788e-02,9.711483865976333618e-02,4.385091960430145264e-01,0.000000000000000000e+00
-1.286097764968872070e-01,-3.130813539028167725e-01,1.445293724536895752e-01,-1.068668961524963379e-01,-1.644308120012283325e-01,-1.973936408758163452e-01,3.157371282577514648e-01,-3.621996045112609863e-01,-1.897408664226531982e-01,3.994229435920715332e-01,-2.593858540058135986e-01,3.068315982818603516e-01,4.326934814453125000e-01,1.389183849096298218e-01,-1.108287498354911804e-01,9.072424471378326416e-02,1.000000000000000000e+00,1.061625257134437561e-01,4.598164260387420654e-01,3.842999041080474854e-01,5.258725956082344055e-02,0.000000000000000000e+00,0.000000000000000000e+00,3.119670152664184570e-01,-3.751164302229881287e-02,1.582010686397552490e-01,-3.138358891010284424e-01,8.452413976192474365e-02,-6.320668384432792664e-03,3.999783694744110107e-01,2.758905887603759766e-01,0.000000000000000000e+00,-3.780061304569244385e-01,-1.758881360292434692e-01,-1.431643217802047729e-01,1.657291799783706665e-01,-1.179125308990478516e-01,-2.255066037178039551e-01,5.378310009837150574e-02,2.839823365211486816e-01,-3.077781796455383301e-01,1.594792008399963379e-01,5.240500569343566895e-01,-2.083785384893417358e-01,2.836136519908905029e-01,5.008577704429626465e-01,2.472624629735946655e-01,0.000000000000000000e+00
1.761934757232666016e-01,5.667262896895408630e-02,1.346217691898345947e-01,1.629853248596191406e-01,8.732404559850692749e-02,5.937254056334495544e-02,1.527422815561294556e-01,-5.284399539232254028e-02,8.182074874639511108e-02,2.529413811862468719e-02,-1.458481401205062866e-01,5.093843489885330200e-02,-5.763337388634681702e-02,-1.716375723481178284e-02,-1.047914549708366394e-01,-1.669267006218433380e-02,1.061625257134437561e-01,1.000000000000000000e+00,3.740221634507179260e-02,-2.291380427777767181e-02,5.418919771909713745e-02,0.000000000000000000e+00,0.000000000000000000e+00,-3.245597705245018005e-02,7.342298328876495361e-02,2.708327956497669220e-02,9.291806817054748535e-02,1.461392790079116821e-01,1.215511560440063477e-01,-6.433866918087005615e-02,-8.276513777673244476e-03,0.000000000000000000e+00,3.067104332149028778e-02,8.265528082847595215e-02,1.056428328156471252e-01,1.093383803963661194e-01,1.506800502538681030e-01,5.071353539824485779e-02,2.522139437496662140e-02,2.026358097791671753e-01,6.891501694917678833e-02,1.495933383703231812e-01,2.760565839707851410e-02,5.649775639176368713e-02,1.017680168151855469e-01,4.970397800207138062e-02,8.917769044637680054e-02,0.000000000000000000e+00
-2.011802047491073608e-01,-1.330742239952087402e-01,-3.815664350986480713e-02,-1.264258176088333130e-01,-2.214952111244201660e-01,-1.755436062812805176e-01,1.078037098050117493e-01,-2.065901011228561401e-01,6.487659411504864693e-04,3.283929228782653809e-01,-1.816240549087524414e-01,4.043451249599456787e-01,4.756643772125244141e-01,-5.184850469231605530e-02,-7.214134931564331055e-02,1.569381728768348694e-02,4.598164260387420654e-01,3.740221634507179260e-02,1.000000000000000000e+00,4.834291934967041016e-01,-6.714140530675649643e-03,0.000000000000000000e+00,0.000000000000000000e+00,2.883585393428802490e-01,-1.072183027863502502e-01,2.333374023437500000e-01,-1.061060801148414612e-01,-8.391743898391723633e-02,-1.204248219728469849e-01,3.025317788124084473e-01,2.674025595188140869e-01,0.000000000000000000e+00,-1.571241170167922974e-01,6.425638683140277863e-03,-9.602452069520950317e-02,9.389914572238922119e-02,-8.416585624217987061e-02,-1.566000729799270630e-01,-7.702193409204483032e-02,1.503594368696212769e-01,-1.567873209714889526e-01,8.623582869768142700e-02,3.684175312519073486e-01,-5.942329391837120056e-02,5.867904797196388245e-02,3.528462946414947510e-01,1.849837899208068848e-01,0.000000000000000000e+00
-1.117767021059989929e-01,-6.479149311780929565e-02,-7.620844990015029907e-02,-7.726402580738067627e-02,-1.242461279034614563e-01,-4.493719711899757385e-02,1.020507961511611938e-01,-8.156410604715347290e-02,4.815870150923728943e-02,3.224259912967681885e-01,-1.046867370605468750e-01,3.690969645977020264e-01,5.020707845687866211e-01,-1.052151769399642944e-01,1.143492162227630615e-01,-5.082651600241661072e-02,3.842999041080474854e-01,-2.291380427777767181e-02,4.834291934967041016e-01,1.000000000000000000e+00,2.547091543674468994e-01,0.000000000000000000e+00,0.000000000000000000e+00,2.612132132053375244e-01,-9.022455662488937378e-02,1.840401142835617065e-01,-4.247213248163461685e-03,-7.784664630889892578e-02,-1.020243242383003235e-01,2.944261133670806885e-01,2.796340584754943848e-01,0.000000000000000000e+00,-4.773054644465446472e-02,4.923465475440025330e-02,7.595525123178958893e-03,1.765053272247314453e-01,7.412164006382226944e-03,-2.845939481630921364e-03,1.688116975128650665e-02,8.636013418436050415e-02,-7.752242684364318848e-02,1.146437898278236389e-01,3.383373618125915527e-01,2.313953638076782227e-02,9.375060349702835083e-02,3.355545401573181152e-01,6.506210565567016602e-02,0.000000000000000000e+00
1.300957351922988892e-01,1.528382208198308945e-02,5.307603254914283752e-02,5.446543544530868530e-02,8.302287012338638306e-02,1.102620288729667664e-01,1.121688187122344971e-01,7.085769623517990112e-02,4.568713903427124023e-02,2.659250283613801003e-03,-4.773905500769615173e-02,1.645789109170436859e-02,9.944547712802886963e-02,-5.789877101778984070e-02,1.115405783057212830e-01,-8.429049700498580933e-02,5.258725956082344055e-02,5.418919399380683899e-02,-6.714140530675649643e-03,2.547091543674468994e-01,1.000000000000000000e+00,0.000000000000000000e+00,0.000000000000000000e+00,2.364094927906990051e-02,-5.854322575032711029e-03,3.680803626775741577e-02,1.318268179893493652e-01,8.177440613508224487e-02,8.961270749568939209e-02,9.040185809135437012e-02,9.609104692935943604e-02,0.000000000000000000e+00,1.088993772864341736e-01,2.903899364173412323e-02,6.869857013225555420e-02,1.487563997507095337e-01,5.789113789796829224e-02,6.763648241758346558e-02,5.000263080000877380e-02,-2.886334434151649475e-02,4.597872123122215271e-02,5.663058534264564514e-02,6.544297188520431519e-02,4.660363122820854187e-02,4.743688181042671204e-02,6.425153464078903198e-02,-9.529381990432739258e-02,0.000000000000000000e+00
0.000000000000000000e+00,0.000000000000000000e+00,0.000000000000000000e+00,0.000000000000000000e+00,0.000000000000000000e+00,0.000000000000000000e+00,0.000000000000000000e+00,0.000000000000000000e+00,0.000000000000000000e+00,0.000000000000000000e+00,0.000000000000000000e+00,0.000000000000000000e+00,0.000000000000000000e+00,0.000000000000000000e+00,0.000000000000000000e+00,0.000000000000000000e+00,0.000000000000000000e+00,0.000000000000000000e+00,0.000000000000000000e+00,0.000000000000000000e+00,0.000000000000000000e+00,1.000000000000000000e+00,0.000000000000000000e+00,0.000000000000000000e+00,0.000000000000000000e+00,0.000000000000000000e+00,0.000000000000000000e+00,0.000000000000000000e+00,0.000000000000000000e+00,0.000000000000000000e+00,0.000000000000000000e+00,0.000000000000000000e+00,0.000000000000000000e+00,0.000000000000000000e+00,0.000000000000000000e+00,0.000000000000000000e+00,0.000000000000000000e+00,0.000000000000000000e+00,0.000000000000000000e+00,0.000000000000000000e+00,0.000000000000000000e+00,0.000000000000000000e+00,0.000000000000000000e+00,0.000000000000000000e+00,0.000000000000000000e+00,0.000000000000000000e+00,0.000000000000000000e+00,0.000000000000000000e+00
0.000000000000000000e+00,0.000000000000000000e+00,0.000000000000000000e+00,0.000000000000000000e+00,0.000000000000000000e+00,0.000000000000000000e+00,0.000000000000000000e+00,0.000000000000000000e+00,0.000000000000000000e+00,0.000000000000000000e+00,0.000000000000000000e+00,0.000000000000000000e+00,0.000000000000000000e+00,0.000000000000000000e+00,0.000000000000000000e+00,0.000000000000000000e+00,0.000000000000000000e+00,0.000000000000000000e+00,0.000000000000000000e+00,0.000000000000000000e+00,0.000000000000000000e+00,0.000000000000000000e+00,1.000000000000000000e+00,0.000000000000000000e+00,0.000000000000000000e+00,0.000000000000000000e+00,0.000000000000000000e+00,0.000000000000000000e+00,0.000000000000000000e+00,0.000000000000000000e+00,0.000000000000000000e+00,0.000000000000000000e+00,0.000000000000000000e+00,0.000000000000000000e+00,0.000000000000000000e+00,0.000000000000000000e+00,0.000000000000000000e+00,0.000000000000000000e+00,0.000000000000000000e+00,0.000000000000000000e+00,0.000000000000000000e+00,0.000000000000000000e+00,0.000000000000000000e+00,0.000000000000000000e+00,0.000000000000000000e+00,0.000000000000000000e+00,0.000000000000000000e+00,0.000000000000000000e+00
-2.411720454692840576e-01,-3.465333580970764160e-01,-5.933914706110954285e-02,-3.271021842956542969e-01,-2.770028412342071533e-01,-3.068057596683502197e-01,3.996729850769042969e-02,-3.616448640823364258e-01,-1.861694008111953735e-01,2.901973724365234375e-01,-2.587393820285797119e-01,2.935273647308349609e-01,3.364094793796539307e-01,2.896513938903808594e-01,1.813196986913681030e-01,4.327992200851440430e-01,3.119670152664184570e-01,-3.245597705245018005e-02,2.883585393428802490e-01,2.612132132053375244e-01,2.364094927906990051e-02,0.000000000000000000e+00,0.000000000000000000e+00,1.000000000000000000e+00,4.142608493566513062e-02,1.132289096713066101e-01,-3.403751254081726074e-01,-1.300266832113265991e-01,-2.469135969877243042e-01,3.379085063934326172e-01,5.489798188209533691e-01,0.000000000000000000e+00,-3.079752624034881592e-01,-1.334592550992965698e-01,-8.795451372861862183e-02,3.829927444458007812e-01,-1.139585673809051514e-01,-1.382633000612258911e-01,3.225946724414825439e-01,4.695631563663482666e-01,-3.109309971332550049e-01,-9.675668179988861084e-02,3.188785612583160400e-01,-2.538787424564361572e-01,-1.175051927566528320e-02,3.182634115219116211e-01,5.083658099174499512e-01,0.000000000000000000e+00
2.969439625740051270e-01,-7.038792967796325684e-02,4.664358124136924744e-02,-6.791163235902786255e-02,3.564060851931571960e-02,-8.010448515415191650e-02,-1.072749495506286621e-01,-9.109044820070266724e-02,-1.084608063101768494e-01,-4.507351294159889221e-02,-1.394248008728027344e-01,-1.882646232843399048e-01,-7.902468740940093994e-02,-1.984100788831710815e-03,-5.379020422697067261e-02,1.181548237800598145e-01,-3.751164302229881287e-02,7.342298328876495361e-02,-1.072183027863502502e-01,-9.022455662488937378e-02,-5.854322575032711029e-03,0.000000000000000000e+00,0.000000000000000000e+00,4.142608493566513062e-02,1.000000000000000000e+00,-1.686877012252807617e-01,-2.904430031776428223e-02,2.311322987079620361e-01,1.812950074672698975e-01,-7.686995714902877808e-02,-1.932634040713310242e-02,0.000000000000000000e+00,6.106881424784660339e-03,-1.366145908832550049e-01,-9.700517356395721436e-02,1.505283266305923462e-02,-6.146714091300964355e-03,-7.864417880773544312e-02,1.537315454334020615e-02,8.248118311166763306e-02,2.862534113228321075e-02,-9.611380100250244141e-02,-5.207262933254241943e-02,-1.342258155345916748e-01,-5.803125351667404175e-02,-4.951013997197151184e-02,1.037446036934852600e-01,0.000000000000000000e+00
-2.634076476097106934e-01,-7.025501877069473267e-02,1.654577851295471191e-01,8.835376799106597900e-02,-1.195445507764816284e-01,-4.325957968831062317e-03,2.647594809532165527e-01,-5.139604210853576660e-03,1.301256567239761353e-02,-4.567985888570547104e-03,-5.309198424220085144e-02,2.007680386304855347e-01,1.670927703380584717e-01,1.827339269220829010e-02,1.150068864226341248e-01,-3.150784596800804138e-02,1.582010686397552490e-01,2.708327956497669220e-02,2.333374023437500000e-01,1.840401142835617065e-01,3.680803626775741577e-02,0.000000000000000000e+00,0.000000000000000000e+00,1.132289096713066101e-01,-1.686877012252807617e-01,1.000000000000000000e+00,-2.814862132072448730e-02,-1.354930400848388672e-01,-6.633892655372619629e-02,1.437671631574630737e-01,1.037032902240753174e-01,0.000000000000000000e+00,-5.100949481129646301e-02,1.719936914741992950e-02,-8.909286558628082275e-02,2.628713846206665039e-02,-1.717536151409149170e-02,-2.881242893636226654e-02,-7.158553227782249451e-03,8.619127422571182251e-02,-8.589995652437210083e-02,-6.415463984012603760e-02,7.380168884992599487e-02,-4.621357098221778870e-02,-1.452392637729644775e-01,5.237764865159988403e-02,1.301910877227783203e-01,0.000000000000000000e+00
1.496573239564895630e-01,4.693098962306976318e-01,-1.242279931902885437e-01,2.889524698257446289e-01,2.215162366628646851e-01,3.524928390979766846e-01,-6.350456178188323975e-02,4.710718691349029541e-01,3.936539590358734131e-01,-2.545910179615020752e-01,2.151174694299697876e-01,-8.153097331523895264e-02,-2.069548070430755615e-01,-3.203281462192535400e-01,5.360338091850280762e-02,-3.003366887569427490e-01,-3.138358891010284424e-01,9.291807562112808228e-02,-1.061060801148414612e-01,-4.247213248163461685e-03,1.318268179893493652e-01,0.000000000000000000e+00,0.000000000000000000e+00,-3.403751254081726074e-01,-2.904430031776428223e-02,-2.814862132072448730e-02,1.000000000000000000e+00,-1.287198215723037720e-01,-8.050138130784034729e-03,-3.709012866020202637e-01,-2.802893221378326416e-01,0.000000000000000000e+00,5.496747493743896484e-01,4.135524034500122070e-01,2.007044702768325806e-01,-2.070709615945816040e-01,2.383168935775756836e-01,3.266379535198211670e-01,-1.770508885383605957e-01,-3.351659476757049561e-01,4.475216269493103027e-01,9.952890872955322266e-02,-3.834204971790313721e-01,4.106544256210327148e-01,-1.899197846651077271e-01,-3.424554169178009033e-01,-3.384780883789062500e-01,0.000000000000000000e+00
4.676380455493927002e-01,-1.909127682447433472e-01,2.608333826065063477e-01,4.478896968066692352e-03,1.153043508529663086e-01,-1.098146736621856689e-01,-3.922722116112709045e-02,-2.578916549682617188e-01,-2.904523015022277832e-01,5.750323459506034851e-02,-2.242898643016815186e-01,-2.025902569293975830e-01,-5.215445160865783691e-02,-2.261015586555004120e-02,-3.142648339271545410e-01,-1.052405163645744324e-01,8.452414721250534058e-02,1.461392790079116821e-01,-8.391743898391723633e-02,-7.784663885831832886e-02,8.177440613508224487e-02,0.000000000000000000e+00,0.000000000000000000e+00,-1.300266832113265991e-01,2.311322987079620361e-01,-1.354930400848388672e-01,-1.287198215723037720e-01,1.000000000000000000e+00,5.670939683914184570e-01,1.661115884780883789e-01,-1.061203926801681519e-01,0.000000000000000000e+00,-1.593690216541290283e-01,-3.598729670047760010e-01,-1.378008127212524414e-01,-2.011720649898052216e-02,-1.433251202106475830e-01,-2.953617572784423828e-01,-1.826063096523284912e-01,-2.054217830300331116e-02,-1.226823106408119202e-01,-7.386123389005661011e-02,1.758709847927093506e-01,-2.441715598106384277e-01,2.070676684379577637e-01,1.503152251243591309e-01,-9.813878685235977173e-02,0.000000000000000000e+00
4.361737966537475586e-01,-4.602879658341407776e-02,2.484898418188095093e-01,1.244183406233787537e-01,1.776321679353713989e-01,2.169623225927352905e-02,-1.751734688878059387e-02,-9.892326593399047852e-02,-2.053957581520080566e-01,-4.569477960467338562e-02,-1.486222892999649048e-01,-2.605623900890350342e-01,-1.258814781904220581e-01,-9.742312133312225342e-02,-2.749876677989959717e-01,-1.953689604997634888e-01,-6.320668384432792664e-03,1.215511560440063477e-01,-1.204248219728469849e-01,-1.020243242383003235e-01,8.961270749568939209e-02,0.000000000000000000e+00,0.000000000000000000e+00,-2.469135969877243042e-01,1.812950074672698975e-01,-6.633892655372619629e-02,-8.050138130784034729e-03,5.670939087867736816e-01,1.000000000000000000e+00,7.012420147657394409e-02,-2.075372785329818726e-01,0.000000000000000000e+00,-2.294955588877201080e-02,-2.724554836750030518e-01,-1.176645532250404358e-01,-1.272383630275726318e-01,-9.641572088003158569e-02,-2.198576331138610840e-01,-2.641277909278869629e-01,-1.388065516948699951e-01,-2.942540217190980911e-03,-4.296487942337989807e-02,5.867582187056541443e-02,-1.299723982810974121e-01,1.384022235870361328e-01,2.910622581839561462e-02,-2.087489366531372070e-01,0.000000000000000000e+00
-9.394445270299911499e-02,-4.356845915317535400e-01,1.298978775739669800e-01,-2.548158466815948486e-01,-2.519558966159820557e-01,-3.478537201881408691e-01,9.249234944581985474e-02,-4.089393913745880127e-01,-3.641487956047058105e-01,3.580856323242187500e-01,-2.554090619087219238e-01,2.421164065599441528e-01,3.502294421195983887e-01,2.000385373830795288e-01,-4.466670379042625427e-02,1.168649047613143921e-01,3.999783694744110107e-01,-6.433866918087005615e-02,3.025317788124084473e-01,2.944261133670806885e-01,9.040185809135437012e-02,0.000000000000000000e+00,0.000000000000000000e+00,3.379085063934326172e-01,-7.686995714902877808e-02,1.437671631574630737e-01,-3.709012866020202637e-01,1.661115884780883789e-01,7.012420147657394409e-02,1.000000000000000000e+00,4.061467051506042480e-01,0.000000000000000000e+00,-4.084101617336273193e-01,-3.062510490417480469e-01,-8.385302871465682983e-02,2.738457322120666504e-01,-1.997742354869842529e-01,-2.729863524436950684e-01,8.630316704511642456e-02,2.162317186594009399e-01,-4.489321410655975342e-01,-9.036730229854583740e-02,5.108427405357360840e-01,-3.337934017181396484e-01,2.092029452323913574e-01,4.662795662879943848e-01,2.027326077222824097e-01,0.000000000000000000e+00
-1.825725436210632324e-01,-2.820768952369689941e-01,-1.215825304388999939e-01,-3.301655054092407227e-01,-2.150889188051223755e-01,-2.427894622087478638e-01,1.788214966654777527e-02,-3.252500593662261963e-01,-1.513948291540145874e-01,2.925026416778564453e-01,-2.411289960145950317e-01,2.742128968238830566e-01,3.365922272205352783e-01,2.357394099235534668e-01,1.867461204528808594e-01,3.391545414924621582e-01,2.758905887603759766e-01,-8.276513777673244476e-03,2.674025595188140869e-01,2.796340584754943848e-01,9.609104692935943604e-02,0.000000000000000000e+00,0.000000000000000000e+00,5.489798188209533691e-01,-1.932634040713310242e-02,1.037032902240753174e-01,-2.802893221378326416e-01,-1.061203852295875549e-01,-2.075372785329818726e-01,4.061467051506042480e-01,1.000000000000000000e+00,0.000000000000000000e+00,-2.617007195949554443e-01,-1.269226819276809692e-01,3.321315720677375793e-02,4.545716643333435059e-01,-1.201592087745666504e-01,-7.104394584894180298e-02,3.222488760948181152e-01,3.837520182132720947e-01,-2.611264288425445557e-01,-5.107602104544639587e-02,3.376877009868621826e-01,-1.790926754474639893e-01,4.563141986727714539e-02,3.290367424488067627e-01,4.132210016250610352e-01,0.000000000000000000e+00
0.000000000000000000e+00,0.000000000000000000e+00,0.000000000000000000e+00,0.000000000000000000e+00,0.000000000000000000e+00,0.000000000000000000e+00,0.000000000000000000e+00,0.000000000000000000e+00,0.000000000000000000e+00,0.000000000000000000e+00,0.000000000000000000e+00,0.000000000000000000e+00,0.000000000000000000e+00,0.000000000000000000e+00,0.000000000000000000e+00,0.000000000000000000e+00,0.000000000000000000e+00,0.000000000000000000e+00,0.000000000000000000e+00,0.000000000000000000e+00,0.000000000000000000e+00,0.000000000000000000e+00,0.000000000000000000e+00,0.000000000000000000e+00,0.000000000000000000e+00,0.000000000000000000e+00,0.000000000000000000e+00,0.000000000000000000e+00,0.000000000000000000e+00,0.000000000000000000e+00,0.000000000000000000e+00,1.000000000000000000e+00,0.000000000000000000e+00,0.000000000000000000e+00,0.000000000000000000e+00,0.000000000000000000e+00,0.000000000000000000e+00,0.000000000000000000e+00,0.000000000000000000e+00,0.000000000000000000e+00,0.000000000000000000e+00,0.000000000000000000e+00,0.000000000000000000e+00,0.000000000000000000e+00,0.000000000000000000e+00,0.000000000000000000e+00,0.000000000000000000e+00,0.000000000000000000e+00
