1.000000000000000000e+00,3.393867313861846924e-01,5.971933528780937195e-02,-1.097761839628219604e-01,4.115648269653320312e-01,1.521534025669097900e-01,-1.676146090030670166e-01,3.747487366199493408e-01,3.929885327816009521e-01,1.120777279138565063e-01,1.827633380889892578e-01,2.085869945585727692e-02,-9.812000207602977753e-03,4.887251928448677063e-02,1.879402250051498413e-02,2.860928177833557129e-01,1.561881750822067261e-01,0.000000000000000000e+00,0.000000000000000000e+00,0.000000000000000000e+00,0.000000000000000000e+00,0.000000000000000000e+00,0.000000000000000000e+00,0.000000000000000000e+00,4.666884541511535645e-01,-1.090769618749618530e-01,3.796587288379669189e-01,7.585414648056030273e-01,3.792238235473632812e-01,-3.582252860069274902e-01,1.890793442726135254e-01,0.000000000000000000e+00,4.738461375236511230e-01,8.369580656290054321e-02,7.087159901857376099e-02,-2.263943105936050415e-01,2.428494691848754883e-01,2.754466235637664795e-02,-2.308429032564163208e-01,1.642851531505584717e-01,3.758108317852020264e-01,-5.101463571190834045e-02,-1.026600748300552368e-01,4.905820786952972412e-01,3.773191943764686584e-02,-1.514042615890502930e-01,0.000000000000000000e+00,0.000000000000000000e+00
3.393867313861846924e-01,1.000000000000000000e+00,-6.216596364974975586e-01,-5.801554322242736816e-01,3.498221933841705322e-01,1.807796359062194824e-01,-2.096583098173141479e-01,7.242594957351684570e-01,2.661826312541961670e-01,-9.939680993556976318e-02,2.511984109878540039e-01,-1.111281141638755798e-01,-1.500567495822906494e-01,1.054151505231857300e-01,1.817616373300552368e-01,1.810843795537948608e-01,2.358801364898681641e-01,0.000000000000000000e+00,0.000000000000000000e+00,0.000000000000000000e+00,0.000000000000000000e+00,0.000000000000000000e+00,0.000000000000000000e+00,0.000000000000000000e+00,2.567417025566101074e-01,-4.733949303627014160e-01,4.508165419101715088e-01,1.896117329597473145e-01,3.290719687938690186e-01,-5.172569751739501953e-01,1.522423326969146729e-01,0.000000000000000000e+00,7.992975115776062012e-01,5.605670213699340820e-01,6.148934364318847656e-01,-3.012197911739349365e-01,5.417004227638244629e-01,5.226973295211791992e-01,-2.584255635738372803e-01,-3.549198061227798462e-02,8.359079957008361816e-01,1.063061133027076721e-02,-5.880066156387329102e-01,5.723028182983398438e-01,-1.933728605508804321e-01,-4.939862191677093506e-01,0.000000000000000000e+00,0.000000000000000000e+00
5.971933528780937195e-02,-6.216596364974975586e-01,1.000000000000000000e+00,6.650388240814208984e-01,-8.803793042898178101e-02,4.878746345639228821e-02,2.128752768039703369e-01,-4.765786230564117432e-01,-1.642978340387344360e-01,-7.330297678709030151e-02,-1.308554857969284058e-01,-1.704919268377125263e-03,6.739585846662521362e-02,-4.631252959370613098e-02,-1.806504875421524048e-01,-5.633379146456718445e-02,-1.269856840372085571e-01,0.000000000000000000e+00,0.000000000000000000e+00,0.000000000000000000e+00,0.000000000000000000e+00,0.000000000000000000e+00,0.000000000000000000e+00,0.000000000000000000e+00,-6.768829375505447388e-02,5.970339775085449219e-01,-2.039727419614791870e-01,2.647332251071929932e-01,6.277166306972503662e-02,3.818123340606689453e-01,-3.616839647293090820e-02,0.000000000000000000e+00,-5.127570033073425293e-01,-4.426904320716857910e-01,-6.003348231315612793e-01,3.559719771146774292e-02,-4.257236719131469727e-01,-5.723647475242614746e-01,-4.024489596486091614e-02,4.636990278959274292e-02,-5.513226985931396484e-01,4.750849679112434387e-03,4.581843018531799316e-01,-3.244476914405822754e-01,1.261302083730697632e-01,2.197880893945693970e-01,0.000000000000000000e+00,0.000000000000000000e+00
-1.097761839628219604e-01,-5.801554322242736816e-01,6.650388240814208984e-01,1.000000000000000000e+00,-6.078591570258140564e-02,3.676262795925140381e-01,6.808358430862426758e-01,-6.428218483924865723e-01,-2.020238637924194336e-01,2.232854254543781281e-02,-1.830139607191085815e-01,1.389803141355514526e-01,1.697175502777099609e-01,-1.232588738203048706e-01,-2.543780952692031860e-02,-2.083120495080947876e-01,-3.182812035083770752e-02,0.000000000000000000e+00,0.000000000000000000e+00,0.000000000000000000e+00,0.000000000000000000e+00,0.000000000000000000e+00,0.000000000000000000e+00,0.000000000000000000e+00,-2.523815631866455078e-01,5.911555886268615723e-01,-4.669752120971679688e-01,1.503071840852499008e-02,2.388084828853607178e-01,6.376619338989257812e-01,-1.679671853780746460e-01,0.000000000000000000e+00,-6.457060575485229492e-01,-4.239079356193542480e-01,-5.536699295043945312e-01,3.220565319061279297e-01,-6.265543103218078613e-01,-4.585000574588775635e-01,2.329633831977844238e-01,2.176371170207858086e-03,-5.499798655509948730e-01,3.692380785942077637e-01,6.251087188720703125e-01,-4.520198404788970947e-01,3.149145245552062988e-01,4.231876432895660400e-01,0.000000000000000000e+00,0.000000000000000000e+00
4.115648269653320312e-01,3.498221933841705322e-01,-8.803793042898178101e-02,-6.078591570258140564e-02,1.000000000000000000e+00,5.052708387374877930e-01,1.998212747275829315e-02,2.317634075880050659e-01,2.686223387718200684e-01,2.052866518497467041e-01,3.022148907184600830e-01,2.337750643491744995e-01,-8.501006662845611572e-02,-1.404196321964263916e-01,2.285015732049942017e-01,-6.943503022193908691e-02,-1.251535862684249878e-01,0.000000000000000000e+00,0.000000000000000000e+00,0.000000000000000000e+00,0.000000000000000000e+00,0.000000000000000000e+00,0.000000000000000000e+00,0.000000000000000000e+00,-5.642348900437355042e-03,-6.052527949213981628e-02,2.175052613019943237e-01,4.147023558616638184e-01,3.864196538925170898e-01,-7.039745897054672241e-02,4.006604254245758057e-01,0.000000000000000000e+00,3.203005790710449219e-01,1.213501617312431335e-01,1.697690337896347046e-01,7.527426630258560181e-02,1.257882080972194672e-02,1.299331486225128174e-01,1.357002258300781250e-01,1.395002156496047974e-01,4.758117496967315674e-01,3.208996951580047607e-01,-1.439428180456161499e-01,2.985842525959014893e-01,9.787061065435409546e-02,-8.823850750923156738e-02,0.000000000000000000e+00,0.000000000000000000e+00
1.521534025669097900e-01,1.807796359062194824e-01,4.878746345639228821e-02,3.676262795925140381e-01,5.052708387374877930e-01,1.000000000000000000e+00,5.131006836891174316e-01,-7.291138172149658203e-02,2.936388598755002022e-03,-5.543491616845130920e-02,-1.469006575644016266e-02,1.085042115300893784e-02,-7.026499509811401367e-02,-3.020755350589752197e-01,3.659798577427864075e-02,-2.254728078842163086e-01,-4.378808289766311646e-02,0.000000000000000000e+00,0.000000000000000000e+00,0.000000000000000000e+00,0.000000000000000000e+00,0.000000000000000000e+00,0.000000000000000000e+00,0.000000000000000000e+00,2.561109326779842377e-02,1.878817677497863770e-01,-5.621753260493278503e-02,1.491234451532363892e-01,4.553164541721343994e-01,1.723775863647460938e-01,1.939352303743362427e-01,0.000000000000000000e+00,2.820048294961452484e-02,-1.081302389502525330e-01,-1.205341443419456482e-01,1.231912523508071899e-01,-3.133877515792846680e-01,-1.328166276216506958e-01,1.236720308661460876e-01,-1.892217807471752167e-02,2.812437713146209717e-01,5.599799752235412598e-01,1.386967897415161133e-01,-5.833617597818374634e-02,8.545053005218505859e-02,-1.012442782521247864e-01,0.000000000000000000e+00,0.000000000000000000e+00
-1.676146090030670166e-01,-2.096583098173141479e-01,2.128752768039703369e-01,6.808358430862426758e-01,1.998212747275829315e-02,5.131006836891174316e-01,1.000000000000000000e+00,-4.528652727603912354e-01,-3.138123080134391785e-02,1.976801902055740356e-01,1.523229572921991348e-02,3.301335573196411133e-01,1.160312071442604065e-01,-1.773547530174255371e-01,1.974482983350753784e-01,-2.628459334373474121e-01,1.541337817907333374e-01,0.000000000000000000e+00,0.000000000000000000e+00,0.000000000000000000e+00,0.000000000000000000e+00,0.000000000000000000e+00,0.000000000000000000e+00,0.000000000000000000e+00,-3.507180809974670410e-01,3.603903651237487793e-01,-4.716402888298034668e-01,-1.169422864913940430e-01,3.767677545547485352e-01,6.722081303596496582e-01,-1.055406108498573303e-01,0.000000000000000000e+00,-3.891770541667938232e-01,-1.300264298915863037e-01,-2.028881311416625977e-01,4.908203482627868652e-01,-4.833873510360717773e-01,-5.016446858644485474e-02,3.865781724452972412e-01,-2.965786028653383255e-03,-2.448045313358306885e-01,5.993824005126953125e-01,5.500124692916870117e-01,-2.884202599525451660e-01,4.979114234447479248e-01,4.593533277511596680e-01,0.000000000000000000e+00,0.000000000000000000e+00
3.747487366199493408e-01,7.242594957351684570e-01,-4.765786230564117432e-01,-6.428218483924865723e-01,2.317634075880050659e-01,-7.291138172149658203e-02,-4.528652727603912354e-01,1.000000000000000000e+00,3.175764977931976318e-01,-1.890484839677810669e-01,3.563323318958282471e-01,-1.999664157629013062e-01,-1.258113384246826172e-01,3.183873593807220459e-01,2.088576108217239380e-01,3.775839805603027344e-01,2.292390018701553345e-01,0.000000000000000000e+00,0.000000000000000000e+00,0.000000000000000000e+00,0.000000000000000000e+00,0.000000000000000000e+00,0.000000000000000000e+00,0.000000000000000000e+00,4.122591316699981689e-01,-3.893408179283142090e-01,5.591374039649963379e-01,2.149133831262588501e-01,8.342405408620834351e-02,-6.636093258857727051e-01,1.868154108524322510e-01,0.000000000000000000e+00,8.384812474250793457e-01,5.790885686874389648e-01,5.228384137153625488e-01,-5.048819780349731445e-01,7.518305778503417969e-01,4.648059010505676270e-01,-4.443674683570861816e-01,1.061671897768974304e-01,6.481938958168029785e-01,-2.618518769741058350e-01,-6.522947549819946289e-01,6.403611898422241211e-01,-3.493430316448211670e-01,-5.673776268959045410e-01,0.000000000000000000e+00,0.000000000000000000e+00
3.929885327816009521e-01,2.661826312541961670e-01,-1.642978340387344360e-01,-2.020238637924194336e-01,2.686223387718200684e-01,2.936388598755002022e-03,-3.138123080134391785e-02,3.175764977931976318e-01,1.000000000000000000e+00,5.576805472373962402e-01,5.816791057586669922e-01,5.201840400695800781e-01,1.743106842041015625e-01,5.541367828845977783e-02,3.715704977512359619e-01,3.186763226985931396e-01,1.356344819068908691e-01,0.000000000000000000e+00,0.000000000000000000e+00,0.000000000000000000e+00,0.000000000000000000e+00,0.000000000000000000e+00,0.000000000000000000e+00,0.000000000000000000e+00,9.872957319021224976e-02,-1.862754374742507935e-01,2.104419171810150146e-01,2.680719494819641113e-01,5.861907079815864563e-02,-1.183813214302062988e-01,1.378741115331649780e-01,0.000000000000000000e+00,3.464489877223968506e-01,2.262280285358428955e-01,2.248908877372741699e-01,1.697263866662979126e-01,3.487315475940704346e-01,3.960687816143035889e-01,1.533999741077423096e-01,2.024355232715606689e-01,1.896663308143615723e-01,1.387625932693481445e-01,-2.122622914612293243e-02,7.080429196357727051e-01,3.464393913745880127e-01,1.498583108186721802e-01,0.000000000000000000e+00,0.000000000000000000e+00
1.120777204632759094e-01,-9.939680248498916626e-02,-7.330297678709030151e-02,2.232854068279266357e-02,2.052866518497467041e-01,-5.543491616845130920e-02,1.976802051067352295e-01,-1.890484690666198730e-01,5.576805472373962402e-01,1.000000000000000000e+00,3.328363001346588135e-01,7.975437045097351074e-01,2.812574803829193115e-01,-1.490050554275512695e-01,3.377678096294403076e-01,-6.957361474633216858e-03,-1.100040972232818604e-01,0.000000000000000000e+00,0.000000000000000000e+00,0.000000000000000000e+00,0.000000000000000000e+00,0.000000000000000000e+00,0.000000000000000000e+00,0.000000000000000000e+00,-2.498653829097747803e-01,-3.164559602737426758e-02,-1.766175925731658936e-01,1.154988110065460205e-01,-3.953219205141067505e-02,3.703453540802001953e-01,1.401194334030151367e-01,0.000000000000000000e+00,-1.312702745199203491e-01,1.481989212334156036e-02,7.627560198307037354e-02,7.042919397354125977e-01,-4.268465191125869751e-02,2.535600662231445312e-01,6.825262904167175293e-01,1.889072358608245850e-01,-1.508046388626098633e-01,4.475834369659423828e-01,4.257113039493560791e-01,3.114102780818939209e-01,7.178868055343627930e-01,6.554251909255981445e-01,0.000000000000000000e+00,0.000000000000000000e+00
1.827633380889892578e-01,2.511984109878540039e-01,-1.308554857969284058e-01,-1.830139607191085815e-01,3.022148907184600830e-01,-1.469006575644016266e-02,1.523229572921991348e-02,3.563323318958282471e-01,5.816791057586669922e-01,3.328363299369812012e-01,1.000000000000000000e+00,4.746636748313903809e-01,6.969628483057022095e-02,1.229509487748146057e-01,5.490989685058593750e-01,1.421038359403610229e-01,2.214491367340087891e-01,0.000000000000000000e+00,0.000000000000000000e+00,0.000000000000000000e+00,0.000000000000000000e+00,0.000000000000000000e+00,0.000000000000000000e+00,0.000000000000000000e+00,-1.359537709504365921e-03,4.321749508380889893e-02,2.022942006587982178e-01,1.253517121076583862e-01,1.426586061716079712e-01,-5.579935759305953979e-02,1.617469638586044312e-01,0.000000000000000000e+00,2.853912115097045898e-01,2.856952846050262451e-01,2.428286671638488770e-01,8.124474436044692993e-02,3.037967979907989502e-01,4.256335198879241943e-01,1.039130315184593201e-01,2.146440446376800537e-01,1.865794807672500610e-01,1.121351420879364014e-01,-1.270672082901000977e-01,5.314201712608337402e-01,2.531825304031372070e-01,2.556065097451210022e-02,0.000000000000000000e+00,0.000000000000000000e+00
2.085869945585727692e-02,-1.111281141638755798e-01,-1.704919268377125263e-03,1.389803141355514526e-01,2.337750643491744995e-01,1.085042115300893784e-02,3.301335573196411133e-01,-1.999664157629013062e-01,5.201840400695800781e-01,7.975437045097351074e-01,4.746636748313903809e-01,1.000000000000000000e+00,2.968905866146087646e-01,-1.613696366548538208e-01,5.805235505104064941e-01,1.571500091813504696e-03,3.348537161946296692e-02,0.000000000000000000e+00,0.000000000000000000e+00,0.000000000000000000e+00,0.000000000000000000e+00,0.000000000000000000e+00,0.000000000000000000e+00,0.000000000000000000e+00,-3.101892173290252686e-01,6.463371217250823975e-02,-1.150250062346458435e-01,6.864366680383682251e-02,1.205260604619979858e-01,5.007101893424987793e-01,9.703996032476425171e-02,0.000000000000000000e+00,-1.850204616785049438e-01,1.536964476108551025e-01,7.574845850467681885e-02,6.942567229270935059e-01,-4.452721774578094482e-02,3.453118503093719482e-01,6.773023009300231934e-01,3.047510683536529541e-01,-2.050348669290542603e-01,4.506082534790039062e-01,3.986548781394958496e-01,2.514108717441558838e-01,7.297313809394836426e-01,6.214414834976196289e-01,0.000000000000000000e+00,0.000000000000000000e+00
-9.812000207602977753e-03,-1.500567495822906494e-01,6.739585846662521362e-02,1.697175502777099609e-01,-8.501006662845611572e-02,-7.026499509811401367e-02,1.160312071442604065e-01,-1.258113384246826172e-01,1.743106842041015625e-01,2.812574803829193115e-01,6.969628483057022095e-02,2.968905866146087646e-01,1.000000000000000000e+00,6.932932138442993164e-02,1.223842427134513855e-01,1.059183180332183838e-01,7.319716364145278931e-02,0.000000000000000000e+00,0.000000000000000000e+00,0.000000000000000000e+00,0.000000000000000000e+00,0.000000000000000000e+00,0.000000000000000000e+00,0.000000000000000000e+00,-1.817637234926223755e-01,2.548962831497192383e-02,-1.763353496789932251e-01,3.337874636054039001e-02,4.871623218059539795e-02,2.095052897930145264e-01,-1.303148418664932251e-01,0.000000000000000000e+00,-1.410263627767562866e-01,1.836267486214637756e-02,1.264797430485486984e-02,2.882416844367980957e-01,2.011513710021972656e-02,1.091027110815048218e-01,2.269952297210693359e-01,1.724682748317718506e-01,-1.514937877655029297e-01,9.322896599769592285e-02,2.649625837802886963e-01,9.039280563592910767e-02,2.520772814750671387e-01,3.313478827476501465e-01,0.000000000000000000e+00,0.000000000000000000e+00
4.887251928448677063e-02,1.054151505231857300e-01,-4.631252959370613098e-02,-1.232588738203048706e-01,-1.404196321964263916e-01,-3.020755350589752197e-01,-1.773547530174255371e-01,3.183873593807220459e-01,5.541367828845977783e-02,-1.490050554275512695e-01,1.229509487748146057e-01,-1.613696366548538208e-01,6.932932138442993164e-02,1.000000000000000000e+00,2.007548213005065918e-01,2.427085340023040771e-01,1.429389715194702148e-01,0.000000000000000000e+00,0.000000000000000000e+00,0.000000000000000000e+00,0.000000000000000000e+00,0.000000000000000000e+00,0.000000000000000000e+00,0.000000000000000000e+00,6.753611564636230469e-02,-1.234607473015785217e-01,-3.718781843781471252e-02,-2.540125884115695953e-02,-2.203606367111206055e-01,-2.687422633171081543e-01,-1.137669757008552551e-02,0.000000000000000000e+00,1.954984366893768311e-01,2.527426779270172119e-01,2.150880247354507446e-01,-2.226630896329879761e-01,3.041056394577026367e-01,2.233171463012695312e-01,-2.140688598155975342e-01,3.851768001914024353e-02,4.668670706450939178e-03,-3.027629256248474121e-01,-2.022904008626937866e-01,1.286943405866622925e-01,-1.370497047901153564e-01,-9.017410874366760254e-02,0.000000000000000000e+00,0.000000000000000000e+00
1.879402250051498413e-02,1.817616373300552368e-01,-1.806505024433135986e-01,-2.543780952692031860e-02,2.285015732049942017e-01,3.659798577427864075e-02,1.974482983350753784e-01,2.088575959205627441e-01,3.715704679489135742e-01,3.377678096294403076e-01,5.490989685058593750e-01,5.805234909057617188e-01,1.223842427134513855e-01,2.007548213005065918e-01,1.000000000000000000e+00,1.118835061788558960e-01,2.727028727531433105e-01,0.000000000000000000e+00,0.000000000000000000e+00,0.000000000000000000e+00,0.000000000000000000e+00,0.000000000000000000e+00,0.000000000000000000e+00,0.000000000000000000e+00,-1.338864713907241821e-01,-4.580636322498321533e-02,8.040107786655426025e-02,-3.493927046656608582e-02,1.192291900515556335e-01,1.775025129318237305e-01,1.637829840183258057e-01,0.000000000000000000e+00,1.196891888976097107e-01,5.100470185279846191e-01,3.274278938770294189e-01,3.004955649375915527e-01,2.795991599559783936e-01,6.221502423286437988e-01,3.516221344470977783e-01,3.642261326313018799e-01,1.800279133021831512e-02,2.231096029281616211e-01,-6.278716027736663818e-02,3.535003960132598877e-01,3.355927467346191406e-01,1.530173122882843018e-01,0.000000000000000000e+00,0.000000000000000000e+00
2.860928177833557129e-01,1.810843795537948608e-01,-5.633379146456718445e-02,-2.083120495080947876e-01,-6.943503022193908691e-02,-2.254728078842163086e-01,-2.628459334373474121e-01,3.775839805603027344e-01,3.186763226985931396e-01,-6.957361008971929550e-03,1.421038359403610229e-01,1.571500091813504696e-03,1.059183180332183838e-01,2.427085340023040771e-01,1.118835061788558960e-01,1.000000000000000000e+00,3.754015564918518066e-01,0.000000000000000000e+00,0.000000000000000000e+00,0.000000000000000000e+00,0.000000000000000000e+00,0.000000000000000000e+00,0.000000000000000000e+00,0.000000000000000000e+00,2.676432728767395020e-01,-1.792616248130798340e-01,3.089821636676788330e-01,1.319621354341506958e-01,-5.294660478830337524e-02,-3.045667111873626709e-01,2.769441343843936920e-03,0.000000000000000000e+00,2.980803549289703369e-01,2.310857176780700684e-01,1.557169556617736816e-01,-2.632836997509002686e-01,4.035532176494598389e-01,1.877364218235015869e-01,-3.208311498165130615e-01,2.238732129335403442e-01,8.016576617956161499e-02,-2.251106202602386475e-01,-1.646915376186370850e-01,4.290871024131774902e-01,-7.993337512016296387e-02,-2.182306349277496338e-01,0.000000000000000000e+00,0.000000000000000000e+00
1.561881750822067261e-01,2.358801364898681641e-01,-1.269856840372085571e-01,-3.182812035083770752e-02,-1.251535862684249878e-01,-4.378808289766311646e-02,1.541337817907333374e-01,2.292390018701553345e-01,1.356344819068908691e-01,-1.100041046738624573e-01,2.214491367340087891e-01,3.348537161946296692e-02,7.319716364145278931e-02,1.429389715194702148e-01,2.727028727531433105e-01,3.754015564918518066e-01,1.000000000000000000e+00,0.000000000000000000e+00,0.000000000000000000e+00,0.000000000000000000e+00,0.000000000000000000e+00,0.000000000000000000e+00,0.000000000000000000e+00,0.000000000000000000e+00,4.821632429957389832e-02,-1.146161258220672607e-01,1.090701296925544739e-01,4.171935841441154480e-02,1.992892622947692871e-01,-4.921579360961914062e-02,-1.274499297142028809e-01,0.000000000000000000e+00,2.495663464069366455e-01,2.619507908821105957e-01,2.199248075485229492e-01,-1.229732483625411987e-01,2.638197243213653564e-01,3.142338693141937256e-01,-1.541256606578826904e-01,1.776987761259078979e-01,1.421473473310470581e-01,-8.263162523508071899e-02,-1.427826285362243652e-01,2.374961674213409424e-01,-7.116108387708663940e-02,-7.962651550769805908e-02,0.000000000000000000e+00,0.000000000000000000e+00
0.000000000000000000e+00,0.000000000000000000e+00,0.000000000000000000e+00,0.000000000000000000e+00,0.000000000000000000e+00,0.000000000000000000e+00,0.000000000000000000e+00,0.000000000000000000e+00,0.000000000000000000e+00,0.000000000000000000e+00,0.000000000000000000e+00,0.000000000000000000e+00,0.000000000000000000e+00,0.000000000000000000e+00,0.000000000000000000e+00,0.000000000000000000e+00,0.000000000000000000e+00,1.000000000000000000e+00,0.000000000000000000e+00,0.000000000000000000e+00,0.000000000000000000e+00,0.000000000000000000e+00,0.000000000000000000e+00,0.000000000000000000e+00,0.000000000000000000e+00,0.000000000000000000e+00,0.000000000000000000e+00,0.000000000000000000e+00,0.000000000000000000e+00,0.000000000000000000e+00,0.000000000000000000e+00,0.000000000000000000e+00,0.000000000000000000e+00,0.000000000000000000e+00,0.000000000000000000e+00,0.000000000000000000e+00,0.000000000000000000e+00,0.000000000000000000e+00,0.000000000000000000e+00,0.000000000000000000e+00,0.000000000000000000e+00,0.000000000000000000e+00,0.000000000000000000e+00,0.000000000000000000e+00,0.000000000000000000e+00,0.000000000000000000e+00,0.000000000000000000e+00,0.000000000000000000e+00
0.000000000000000000e+00,0.000000000000000000e+00,0.000000000000000000e+00,0.000000000000000000e+00,0.000000000000000000e+00,0.000000000000000000e+00,0.000000000000000000e+00,0.000000000000000000e+00,0.000000000000000000e+00,0.000000000000000000e+00,0.000000000000000000e+00,0.000000000000000000e+00,0.000000000000000000e+00,0.000000000000000000e+00,0.000000000000000000e+00,0.000000000000000000e+00,0.000000000000000000e+00,0.000000000000000000e+00,1.000000000000000000e+00,0.000000000000000000e+00,0.000000000000000000e+00,0.000000000000000000e+00,0.000000000000000000e+00,0.000000000000000000e+00,0.000000000000000000e+00,0.000000000000000000e+00,0.000000000000000000e+00,0.000000000000000000e+00,0.000000000000000000e+00,0.000000000000000000e+00,0.000000000000000000e+00,0.000000000000000000e+00,0.000000000000000000e+00,0.000000000000000000e+00,0.000000000000000000e+00,0.000000000000000000e+00,0.000000000000000000e+00,0.000000000000000000e+00,0.000000000000000000e+00,0.000000000000000000e+00,0.000000000000000000e+00,0.000000000000000000e+00,0.000000000000000000e+00,0.000000000000000000e+00,0.000000000000000000e+00,0.000000000000000000e+00,0.000000000000000000e+00,0.000000000000000000e+00
0.000000000000000000e+00,0.000000000000000000e+00,0.000000000000000000e+00,0.000000000000000000e+00,0.000000000000000000e+00,0.000000000000000000e+00,0.000000000000000000e+00,0.000000000000000000e+00,0.000000000000000000e+00,0.000000000000000000e+00,0.000000000000000000e+00,0.000000000000000000e+00,0.000000000000000000e+00,0.000000000000000000e+00,0.000000000000000000e+00,0.000000000000000000e+00,0.000000000000000000e+00,0.000000000000000000e+00,0.000000000000000000e+00,1.000000000000000000e+00,0.000000000000000000e+00,0.000000000000000000e+00,0.000000000000000000e+00,0.000000000000000000e+00,0.000000000000000000e+00,0.000000000000000000e+00,0.000000000000000000e+00,0.000000000000000000e+00,0.000000000000000000e+00,0.000000000000000000e+00,0.000000000000000000e+00,0.000000000000000000e+00,0.000000000000000000e+00,0.000000000000000000e+00,0.000000000000000000e+00,0.000000000000000000e+00,0.000000000000000000e+00,0.000000000000000000e+00,0.000000000000000000e+00,0.000000000000000000e+00,0.000000000000000000e+00,0.000000000000000000e+00,0.000000000000000000e+00,0.000000000000000000e+00,0.000000000000000000e+00,0.000000000000000000e+00,0.000000000000000000e+00,0.000000000000000000e+00
0.000000000000000000e+00,0.000000000000000000e+00,0.000000000000000000e+00,0.000000000000000000e+00,0.000000000000000000e+00,0.000000000000000000e+00,0.000000000000000000e+00,0.000000000000000000e+00,0.000000000000000000e+00,0.000000000000000000e+00,0.000000000000000000e+00,0.000000000000000000e+00,0.000000000000000000e+00,0.000000000000000000e+00,0.000000000000000000e+00,0.000000000000000000e+00,0.000000000000000000e+00,0.000000000000000000e+00,0.000000000000000000e+00,0.000000000000000000e+00,1.000000000000000000e+00,0.000000000000000000e+00,0.000000000000000000e+00,0.000000000000000000e+00,0.000000000000000000e+00,0.000000000000000000e+00,0.000000000000000000e+00,0.000000000000000000e+00,0.000000000000000000e+00,0.000000000000000000e+00,0.000000000000000000e+00,0.000000000000000000e+00,0.000000000000000000e+00,0.000000000000000000e+00,0.000000000000000000e+00,0.000000000000000000e+00,0.000000000000000000e+00,0.000000000000000000e+00,0.000000000000000000e+00,0.000000000000000000e+00,0.000000000000000000e+00,0.000000000000000000e+00,0.000000000000000000e+00,0.000000000000000000e+00,0.000000000000000000e+00,0.000000000000000000e+00,0.000000000000000000e+00,0.000000000000000000e+00
0.000000000000000000e+00,0.000000000000000000e+00,0.000000000000000000e+00,0.000000000000000000e+00,0.000000000000000000e+00,0.000000000000000000e+00,0.000000000000000000e+00,0.000000000000000000e+00,0.000000000000000000e+00,0.000000000000000000e+00,0.000000000000000000e+00,0.000000000000000000e+00,0.000000000000000000e+00,0.000000000000000000e+00,0.000000000000000000e+00,0.000000000000000000e+00,0.000000000000000000e+00,0.000000000000000000e+00,0.000000000000000000e+00,0.000000000000000000e+00,0.000000000000000000e+00,1.000000000000000000e+00,0.000000000000000000e+00,0.000000000000000000e+00,0.000000000000000000e+00,0.000000000000000000e+00,0.000000000000000000e+00,0.000000000000000000e+00,0.000000000000000000e+00,0.000000000000000000e+00,0.000000000000000000e+00,0.000000000000000000e+00,0.000000000000000000e+00,0.000000000000000000e+00,0.000000000000000000e+00,0.000000000000000000e+00,0.000000000000000000e+00,0.000000000000000000e+00,0.000000000000000000e+00,0.000000000000000000e+00,0.000000000000000000e+00,0.000000000000000000e+00,0.000000000000000000e+00,0.000000000000000000e+00,0.000000000000000000e+00,0.000000000000000000e+00,0.000000000000000000e+00,0.000000000000000000e+00
0.000000000000000000e+00,0.000000000000000000e+00,0.000000000000000000e+00,0.000000000000000000e+00,0.000000000000000000e+00,0.000000000000000000e+00,0.000000000000000000e+00,0.000000000000000000e+00,0.000000000000000000e+00,0.000000000000000000e+00,0.000000000000000000e+00,0.000000000000000000e+00,0.000000000000000000e+00,0.000000000000000000e+00,0.000000000000000000e+00,0.000000000000000000e+00,0.000000000000000000e+00,0.000000000000000000e+00,0.000000000000000000e+00,0.000000000000000000e+00,0.000000000000000000e+00,0.000000000000000000e+00,1.000000000000000000e+00,0.000000000000000000e+00,0.000000000000000000e+00,0.000000000000000000e+00,0.000000000000000000e+00,0.000000000000000000e+00,0.000000000000000000e+00,0.000000000000000000e+00,0.000000000000000000e+00,0.000000000000000000e+00,0.000000000000000000e+00,0.000000000000000000e+00,0.000000000000000000e+00,0.000000000000000000e+00,0.000000000000000000e+00,0.000000000000000000e+00,0.000000000000000000e+00,0.000000000000000000e+00,0.000000000000000000e+00,0.000000000000000000e+00,0.000000000000000000e+00,0.000000000000000000e+00,0.000000000000000000e+00,0.000000000000000000e+00,0.000000000000000000e+00,0.000000000000000000e+00
0.000000000000000000e+00,0.000000000000000000e+00,0.000000000000000000e+00,0.000000000000000000e+00,0.000000000000000000e+00,0.000000000000000000e+00,0.000000000000000000e+00,0.000000000000000000e+00,0.000000000000000000e+00,0.000000000000000000e+00,0.000000000000000000e+00,0.000000000000000000e+00,0.000000000000000000e+00,0.000000000000000000e+00,0.000000000000000000e+00,0.000000000000000000e+00,0.000000000000000000e+00,0.000000000000000000e+00,0.000000000000000000e+00,0.000000000000000000e+00,0.000000000000000000e+00,0.000000000000000000e+00,0.000000000000000000e+00,1.000000000000000000e+00,0.000000000000000000e+00,0.000000000000000000e+00,0.000000000000000000e+00,0.000000000000000000e+00,0.000000000000000000e+00,0.000000000000000000e+00,0.000000000000000000e+00,0.000000000000000000e+00,0.000000000000000000e+00,0.000000000000000000e+00,0.000000000000000000e+00,0.000000000000000000e+00,0.000000000000000000e+00,0.000000000000000000e+00,0.000000000000000000e+00,0.000000000000000000e+00,0.000000000000000000e+00,0.000000000000000000e+00,0.000000000000000000e+00,0.000000000000000000e+00,0.000000000000000000e+00,0.000000000000000000e+00,0.000000000000000000e+00,0.000000000000000000e+00
4.666884541511535645e-01,2.567417025566101074e-01,-6.768829375505447388e-02,-2.523815631866455078e-01,-5.642348900437355042e-03,2.561109326779842377e-02,-3.507180809974670410e-01,4.122591316699981689e-01,9.872957319021224976e-02,-2.498653829097747803e-01,-1.359537709504365921e-03,-3.101892173290252686e-01,-1.817637234926223755e-01,6.753611564636230469e-02,-1.338864713907241821e-01,2.676432728767395020e-01,4.821632429957389832e-02,0.000000000000000000e+00,0.000000000000000000e+00,0.000000000000000000e+00,0.000000000000000000e+00,0.000000000000000000e+00,0.000000000000000000e+00,0.000000000000000000e+00,1.000000000000000000e+00,-6.388693302869796753e-02,5.616654157638549805e-01,2.898632287979125977e-01,7.654190808534622192e-02,-4.862932562828063965e-01,8.704199455678462982e-03,0.000000000000000000e+00,4.224142432212829590e-01,2.775244228541851044e-02,-4.419560357928276062e-02,-4.942034482955932617e-01,2.685366570949554443e-01,-1.628299355506896973e-01,-4.875126779079437256e-01,2.623414807021617889e-02,2.748301327228546143e-01,-3.074243366718292236e-01,-2.402885258197784424e-01,3.231178224086761475e-01,-3.086581230163574219e-01,-5.220114588737487793e-01,0.000000000000000000e+00,0.000000000000000000e+00
-1.090769618749618530e-01,-4.733949303627014160e-01,5.970339775085449219e-01,5.911555886268615723e-01,-6.052528321743011475e-02,1.878817677497863770e-01,3.603903651237487793e-01,-3.893408179283142090e-01,-1.862754374742507935e-01,-3.164559602737426758e-02,4.321749508380889893e-02,6.463371217250823975e-02,2.548963017761707306e-02,-1.234607473015785217e-01,-4.580636322498321533e-02,-1.792616099119186401e-01,-1.146161258220672607e-01,0.000000000000000000e+00,0.000000000000000000e+00,0.000000000000000000e+00,0.000000000000000000e+00,0.000000000000000000e+00,0.000000000000000000e+00,0.000000000000000000e+00,-6.388693302869796753e-02,1.000000000000000000e+00,-2.157256901264190674e-01,1.392737589776515961e-02,1.240199655294418335e-01,4.693897664546966553e-01,-1.276169121265411377e-01,0.000000000000000000e+00,-4.850284159183502197e-01,-3.169749081134796143e-01,-4.436579346656799316e-01,1.491322815418243408e-01,-4.169570207595825195e-01,-4.106432795524597168e-01,7.447810471057891846e-02,-2.003747783601284027e-02,-4.394730925559997559e-01,2.867121696472167969e-01,4.873414933681488037e-01,-2.572510838508605957e-01,2.749375104904174805e-01,2.146910130977630615e-01,0.000000000000000000e+00,0.000000000000000000e+00
3.796587288379669189e-01,4.508165419101715088e-01,-2.039727270603179932e-01,-4.669752120971679688e-01,2.175052613019943237e-01,-5.621753260493278503e-02,-4.716402888298034668e-01,5.591374039649963379e-01,2.104419171810150146e-01,-1.766175925731658936e-01,2.022942155599594116e-01,-1.150250136852264404e-01,-1.763353496789932251e-01,-3.718782216310501099e-02,8.040107786655426025e-02,3.089821636676788330e-01,1.090701296925544739e-01,0.000000000000000000e+00,0.000000000000000000e+00,0.000000000000000000e+00,0.000000000000000000e+00,0.000000000000000000e+00,0.000000000000000000e+00,0.000000000000000000e+00,5.616654157638549805e-01,-2.157256901264190674e-01,1.000000000000000000e+00,3.173704147338867188e-01,7.937169820070266724e-02,-4.507367312908172607e-01,1.878740787506103516e-01,0.000000000000000000e+00,5.883506536483764648e-01,2.872467935085296631e-01,1.542495489120483398e-01,-4.606285393238067627e-01,4.973496496677398682e-01,1.210379004478454590e-01,-3.984864056110382080e-01,1.846782267093658447e-01,4.285757541656494141e-01,-1.873758882284164429e-01,-4.995292723178863525e-01,4.446805715560913086e-01,-2.520505189895629883e-01,-5.129766464233398438e-01,0.000000000000000000e+00,0.000000000000000000e+00
7.585414052009582520e-01,1.896117478609085083e-01,2.647332251071929932e-01,1.503071840852499008e-02,4.147023558616638184e-01,1.491234451532363892e-01,-1.169422864913940430e-01,2.149133980274200439e-01,2.680719494819641113e-01,1.154988110065460205e-01,1.253517121076583862e-01,6.864365935325622559e-02,3.337874636054039001e-02,-2.540125884115695953e-02,-3.493927046656608582e-02,1.319621205329895020e-01,4.171935841441154480e-02,0.000000000000000000e+00,0.000000000000000000e+00,0.000000000000000000e+00,0.000000000000000000e+00,0.000000000000000000e+00,0.000000000000000000e+00,0.000000000000000000e+00,2.898632287979125977e-01,1.392737496644258499e-02,3.173704445362091064e-01,1.000000000000000000e+00,4.743666648864746094e-01,-1.912268698215484619e-01,1.775185763835906982e-01,0.000000000000000000e+00,2.848125994205474854e-01,5.474679917097091675e-02,-5.251305922865867615e-02,-1.430080533027648926e-01,1.128809079527854919e-01,-6.891427189111709595e-02,-1.483834534883499146e-01,1.640922278165817261e-01,2.653234601020812988e-01,4.049326758831739426e-03,-1.139870658516883850e-02,3.200927972793579102e-01,9.273391962051391602e-02,-7.246965914964675903e-02,0.000000000000000000e+00,0.000000000000000000e+00
3.792238533496856689e-01,3.290719687938690186e-01,6.277166306972503662e-02,2.388084828853607178e-01,3.864196240901947021e-01,4.553164541721343994e-01,3.767677545547485352e-01,8.342405408620834351e-02,5.861907452344894409e-02,-3.953219205141067505e-02,1.426586210727691650e-01,1.205260604619979858e-01,4.871622845530509949e-02,-2.203606367111206055e-01,1.192291975021362305e-01,-5.294660478830337524e-02,1.992892473936080933e-01,0.000000000000000000e+00,0.000000000000000000e+00,0.000000000000000000e+00,0.000000000000000000e+00,0.000000000000000000e+00,0.000000000000000000e+00,0.000000000000000000e+00,7.654190063476562500e-02,1.240199655294418335e-01,7.937169820070266724e-02,4.743666648864746094e-01,1.000000000000000000e+00,1.556831300258636475e-01,-5.367373302578926086e-02,0.000000000000000000e+00,1.504510045051574707e-01,1.201701760292053223e-01,-5.205160006880760193e-03,1.736958511173725128e-02,-1.213826388120651245e-01,3.658427298069000244e-02,-3.334857895970344543e-02,7.982779294252395630e-02,3.184235095977783203e-01,2.947718501091003418e-01,8.844088762998580933e-02,1.702906787395477295e-01,1.722548156976699829e-01,-8.871993422508239746e-02,0.000000000000000000e+00,0.000000000000000000e+00
-3.582252860069274902e-01,-5.172569751739501953e-01,3.818123340606689453e-01,6.376619338989257812e-01,-7.039745897054672241e-02,1.723775863647460938e-01,6.722081303596496582e-01,-6.636093258857727051e-01,-1.183813214302062988e-01,3.703453540802001953e-01,-5.579935759305953979e-02,5.007101893424987793e-01,2.095052897930145264e-01,-2.687422633171081543e-01,1.775025129318237305e-01,-3.045667111873626709e-01,-4.921579360961914062e-02,0.000000000000000000e+00,0.000000000000000000e+00,0.000000000000000000e+00,0.000000000000000000e+00,0.000000000000000000e+00,0.000000000000000000e+00,0.000000000000000000e+00,-4.862932562828063965e-01,4.693897366523742676e-01,-4.507367312908172607e-01,-1.912268698215484619e-01,1.556831300258636475e-01,1.000000000000000000e+00,-6.701590120792388916e-02,0.000000000000000000e+00,-6.629178524017333984e-01,-1.943159699440002441e-01,-2.783791422843933105e-01,7.327141165733337402e-01,-5.196149349212646484e-01,-1.105385497212409973e-01,6.601137518882751465e-01,1.540139019489288330e-01,-5.737539529800415039e-01,5.623329877853393555e-01,7.120584845542907715e-01,-4.185078144073486328e-01,6.130527257919311523e-01,6.568377614021301270e-01,0.000000000000000000e+00,0.000000000000000000e+00
1.890793442726135254e-01,1.522423326969146729e-01,-3.616839647293090820e-02,-1.679671853780746460e-01,4.006604254245758057e-01,1.939352303743362427e-01,-1.055406108498573303e-01,1.868154108524322510e-01,1.378741115331649780e-01,1.401194334030151367e-01,1.617469638586044312e-01,9.703996032476425171e-02,-1.303148418664932251e-01,-1.137669757008552551e-02,1.637829989194869995e-01,2.769441343843936920e-03,-1.274499297142028809e-01,0.000000000000000000e+00,0.000000000000000000e+00,0.000000000000000000e+00,0.000000000000000000e+00,0.000000000000000000e+00,0.000000000000000000e+00,0.000000000000000000e+00,8.704199455678462982e-03,-1.276169121265411377e-01,1.878740787506103516e-01,1.775185614824295044e-01,-5.367373302578926086e-02,-6.701590120792388916e-02,1.000000000000000000e+00,0.000000000000000000e+00,2.055831104516983032e-01,1.139860600233078003e-01,2.197818011045455933e-01,1.105424240231513977e-01,7.184475660324096680e-02,1.417563259601593018e-01,1.657303273677825928e-01,2.146526277065277100e-01,2.054748833179473877e-01,2.654560506343841553e-01,-1.673362553119659424e-01,1.200371459126472473e-01,3.777705132961273193e-02,-7.967638969421386719e-02,0.000000000000000000e+00,0.000000000000000000e+00
0.000000000000000000e+00,0.000000000000000000e+00,0.000000000000000000e+00,0.000000000000000000e+00,0.000000000000000000e+00,0.000000000000000000e+00,0.000000000000000000e+00,0.000000000000000000e+00,0.000000000000000000e+00,0.000000000000000000e+00,0.000000000000000000e+00,0.000000000000000000e+00,0.000000000000000000e+00,0.000000000000000000e+00,0.000000000000000000e+00,0.000000000000000000e+00,0.000000000000000000e+00,0.000000000000000000e+00,0.000000000000000000e+00,0.000000000000000000e+00,0.000000000000000000e+00,0.000000000000000000e+00,0.000000000000000000e+00,0.000000000000000000e+00,0.000000000000000000e+00,0.000000000000000000e+00,0.000000000000000000e+00,0.000000000000000000e+00,0.000000000000000000e+00,0.000000000000000000e+00,0.000000000000000000e+00,1.000000000000000000e+00,0.000000000000000000e+00,0.000000000000000000e+00,0.000000000000000000e+00,0.000000000000000000e+00,0.000000000000000000e+00,0.000000000000000000e+00,0.000000000000000000e+00,0.000000000000000000e+00,0.000000000000000000e+00,0.000000000000000000e+00,0.000000000000000000e+00,0.000000000000000000e+00,0.000000000000000000e+00,0.000000000000000000e+00,0.000000000000000000e+00,0.000000000000000000e+00
4.738461375236511230e-01,7.992975711822509766e-01,-5.127570033073425293e-01,-6.457059979438781738e-01,3.203006088733673096e-01,2.820048294961452484e-02,-3.891770839691162109e-01,8.384811878204345703e-01,3.464489579200744629e-01,-1.312702745199203491e-01,2.853912115097045898e-01,-1.850204616785049438e-01,-1.410263478755950928e-01,1.954984217882156372e-01,1.196891888976097107e-01,2.980803549289703369e-01,2.495663464069366455e-01,0.000000000000000000e+00,0.000000000000000000e+00,0.000000000000000000e+00,0.000000000000000000e+00,0.000000000000000000e+00,0.000000000000000000e+00,0.000000000000000000e+00,4.224142432212829590e-01,-4.850284159183502197e-01,5.883506536483764648e-01,2.848125994205474854e-01,1.504510045051574707e-01,-6.629177927970886230e-01,2.055830955505371094e-01,0.000000000000000000e+00,1.000000000000000000e+00,5.154426097869873047e-01,5.238968729972839355e-01,-4.527587592601776123e-01,6.604139208793640137e-01,4.320365786552429199e-01,-3.996335566043853760e-01,7.535073906183242798e-02,7.569590210914611816e-01,-2.003753334283828735e-01,-6.508706212043762207e-01,6.332064867019653320e-01,-3.216374814510345459e-01,-5.349376797676086426e-01,0.000000000000000000e+00,0.000000000000000000e+00
