1.000000000000000000e+00,4.141389429569244385e-01,-2.218861132860183716e-01,-6.479585170745849609e-02,4.948188364505767822e-01,1.712990850210189819e-01,-1.847282499074935913e-01,3.658579289913177490e-01,8.140443824231624603e-04,1.722482144832611084e-01,2.932488024234771729e-01,2.569519877433776855e-01,-2.129843458533287048e-02,2.319164723157882690e-01,4.036341905593872070e-01,-2.691733650863170624e-03,6.397482007741928101e-02,0.000000000000000000e+00,0.000000000000000000e+00,-3.175279200077056885e-01,0.000000000000000000e+00,0.000000000000000000e+00,0.000000000000000000e+00,0.000000000000000000e+00,2.596832215785980225e-01,-1.896168887615203857e-01,-8.865847438573837280e-02,3.023422658443450928e-01,4.822183400392532349e-02,-2.889062464237213135e-01,-2.562615871429443359e-01,0.000000000000000000e+00,2.338337451219558716e-01,-4.366252198815345764e-02,3.190998733043670654e-01,-2.608509659767150879e-01,1.171560883522033691e-01,4.549939930438995361e-01,8.024903945624828339e-03,3.023639321327209473e-01,3.651521205902099609e-01,2.015963643789291382e-01,-2.903232574462890625e-01,4.581896364688873291e-01,3.259676694869995117e-01,-1.197263449430465698e-01,0.000000000000000000e+00,0.000000000000000000e+00
4.141389727592468262e-01,1.000000000000000000e+00,-6.129968166351318359e-01,-3.603721857070922852e-01,3.293448388576507568e-01,1.486414074897766113e-01,-3.400417268276214600e-01,2.894693911075592041e-01,-1.052660227287560701e-04,-4.270689096301794052e-03,3.012196421623229980e-01,2.222365438938140869e-01,1.286483556032180786e-01,1.652952842414379120e-02,4.978919923305511475e-01,-2.442843765020370483e-01,-2.788584232330322266e-01,0.000000000000000000e+00,0.000000000000000000e+00,-5.019211173057556152e-01,0.000000000000000000e+00,0.000000000000000000e+00,0.000000000000000000e+00,0.000000000000000000e+00,2.394025623798370361e-01,-5.598231554031372070e-01,-2.677828669548034668e-01,-1.107479408383369446e-01,1.738127171993255615e-01,-4.252370297908782959e-01,-4.101820588111877441e-01,0.000000000000000000e+00,8.338911086320877075e-02,4.334502667188644409e-02,6.655601263046264648e-01,-3.242540657520294189e-01,8.325903862714767456e-02,6.374961137771606445e-01,-2.652283608913421631e-01,1.381053477525711060e-01,7.235208153724670410e-01,4.944263994693756104e-01,-2.636553049087524414e-01,6.309862732887268066e-01,3.672338426113128662e-01,-3.616987764835357666e-01,0.000000000000000000e+00,0.000000000000000000e+00
-2.218860983848571777e-01,-6.129968166351318359e-01,1.000000000000000000e+00,6.446779370307922363e-01,-6.399116665124893188e-02,1.850797981023788452e-01,5.881994962692260742e-01,-2.149020582437515259e-01,1.229853034019470215e-01,2.102499268949031830e-02,-5.773562192916870117e-02,-1.753584742546081543e-01,-1.549276709556579590e-02,6.404864042997360229e-02,-4.011698365211486816e-01,2.382908314466476440e-01,1.406250000000000000e-01,0.000000000000000000e+00,0.000000000000000000e+00,5.622633695602416992e-01,0.000000000000000000e+00,0.000000000000000000e+00,0.000000000000000000e+00,0.000000000000000000e+00,-4.874564111232757568e-01,4.600262641906738281e-01,-4.396602511405944824e-02,3.483340442180633545e-01,3.083244664594531059e-04,3.940973877906799316e-01,4.265354871749877930e-01,0.000000000000000000e+00,-2.241823524236679077e-01,-3.490427881479263306e-02,-5.662375688552856445e-01,3.395729959011077881e-01,-2.477791607379913330e-01,-5.176531672477722168e-01,2.489870637655258179e-01,-1.264586746692657471e-01,-5.583409070968627930e-01,-9.860726445913314819e-02,5.174980759620666504e-01,-3.897915780544281006e-01,-9.001093357801437378e-02,4.530238807201385498e-01,0.000000000000000000e+00,0.000000000000000000e+00
-6.479585170745849609e-02,-3.603721857070922852e-01,6.446778774261474609e-01,1.000000000000000000e+00,-1.786106638610363007e-02,3.483285307884216309e-01,4.519766271114349365e-01,-2.220121473073959351e-01,2.049909532070159912e-02,1.513351351022720337e-01,3.021755628287792206e-02,5.168229341506958008e-02,-1.182545796036720276e-01,-5.474177747964859009e-02,-2.556760013103485107e-01,3.352764546871185303e-01,4.234691709280014038e-02,0.000000000000000000e+00,0.000000000000000000e+00,5.486320853233337402e-01,0.000000000000000000e+00,0.000000000000000000e+00,0.000000000000000000e+00,0.000000000000000000e+00,-6.102258563041687012e-01,1.313134282827377319e-01,-1.049420014023780823e-01,1.955842226743698120e-01,-2.662681341171264648e-01,2.189390659332275391e-01,5.333756208419799805e-01,0.000000000000000000e+00,-1.221968010067939758e-01,-2.778896130621433258e-02,-3.454101979732513428e-01,4.255159795284271240e-01,-8.454507589340209961e-02,-1.811523288488388062e-01,3.904297649860382080e-01,-2.314040511846542358e-01,-3.297003507614135742e-01,-7.404667884111404419e-02,6.031173467636108398e-01,-8.572183549404144287e-02,1.700634956359863281e-01,5.437732934951782227e-01,0.000000000000000000e+00,0.000000000000000000e+00
4.948188364505767822e-01,3.293448388576507568e-01,-6.399116665124893188e-02,-1.786106638610363007e-02,1.000000000000000000e+00,4.176913797855377197e-01,5.953938513994216919e-02,1.804451644420623779e-01,-1.239572390913963318e-01,-8.770039677619934082e-02,1.451663523912429810e-01,-1.519189924001693726e-01,1.393352150917053223e-01,1.953555494546890259e-01,1.027780398726463318e-01,-1.708068996667861938e-01,8.657240122556686401e-02,0.000000000000000000e+00,0.000000000000000000e+00,-2.084484398365020752e-01,0.000000000000000000e+00,0.000000000000000000e+00,0.000000000000000000e+00,0.000000000000000000e+00,2.186185419559478760e-01,3.245569020509719849e-02,9.800057858228683472e-03,2.472604513168334961e-01,1.281442940235137939e-01,-1.705723851919174194e-01,-1.213882341980934143e-01,0.000000000000000000e+00,6.840531248599290848e-03,-1.570049822330474854e-01,1.756341606378555298e-01,-6.304267793893814087e-02,1.656394004821777344e-01,1.683895438909530640e-01,-7.801994681358337402e-02,3.174646794795989990e-01,4.077768921852111816e-01,5.201988220214843750e-01,-1.790124326944351196e-01,2.049415260553359985e-01,5.191113948822021484e-01,-2.928843498229980469e-01,0.000000000000000000e+00,0.000000000000000000e+00
1.712990850210189819e-01,1.486414074897766113e-01,1.850798130035400391e-01,3.483285307884216309e-01,4.176913797855377197e-01,1.000000000000000000e+00,5.686252117156982422e-01,-2.361146658658981323e-01,-4.994761943817138672e-02,1.129439696669578552e-01,-7.577487826347351074e-02,4.129247367382049561e-02,1.120160520076751709e-01,-2.463359087705612183e-01,-1.514247506856918335e-01,2.438094168901443481e-01,-9.465369582176208496e-02,0.000000000000000000e+00,0.000000000000000000e+00,2.100492864847183228e-01,0.000000000000000000e+00,0.000000000000000000e+00,0.000000000000000000e+00,0.000000000000000000e+00,-9.291196614503860474e-02,7.096481323242187500e-02,-8.749071508646011353e-02,3.019387722015380859e-01,2.101275324821472168e-01,1.446209400892257690e-01,6.381516158580780029e-02,0.000000000000000000e+00,-4.009146988391876221e-02,-1.750471591949462891e-01,-3.112509148195385933e-03,2.265567481517791748e-01,-1.500348895788192749e-01,9.097126312553882599e-03,2.547665238380432129e-01,-6.767623871564865112e-02,3.838297128677368164e-01,5.401096343994140625e-01,3.427198529243469238e-01,6.289422512054443359e-02,2.914834916591644287e-01,2.434394806623458862e-01,0.000000000000000000e+00,0.000000000000000000e+00
-1.847282499074935913e-01,-3.400417268276214600e-01,5.881994962692260742e-01,4.519766271114349365e-01,5.953938513994216919e-02,5.686252117156982422e-01,1.000000000000000000e+00,-2.785125970840454102e-01,2.244610488414764404e-01,5.993410199880599976e-02,-2.166520357131958008e-01,-1.105983257293701172e-01,-2.751385979354381561e-02,-1.471461951732635498e-01,-4.000182449817657471e-01,3.654811084270477295e-01,9.135571867227554321e-02,0.000000000000000000e+00,0.000000000000000000e+00,4.773077964782714844e-01,0.000000000000000000e+00,0.000000000000000000e+00,0.000000000000000000e+00,0.000000000000000000e+00,-3.266648352146148682e-01,4.404430389404296875e-01,-1.421819776296615601e-01,3.676747381687164307e-01,2.960014939308166504e-01,5.322968363761901855e-01,2.351049929857254028e-01,0.000000000000000000e+00,-1.307594180107116699e-01,-1.200127415359020233e-02,-3.427939414978027344e-01,5.141208767890930176e-01,-3.684315681457519531e-01,-4.234809577465057373e-01,3.716269731521606445e-01,-2.593447268009185791e-01,-2.241697013378143311e-01,3.156356215476989746e-01,5.772591233253479004e-01,-2.500353753566741943e-01,-1.209227666258811951e-01,3.961223065853118896e-01,0.000000000000000000e+00,0.000000000000000000e+00
3.658579289913177490e-01,2.894693911075592041e-01,-2.149020433425903320e-01,-2.220121473073959351e-01,1.804451644420623779e-01,-2.361146658658981323e-01,-2.785125970840454102e-01,1.000000000000000000e+00,2.046365290880203247e-01,-1.402542144060134888e-01,4.340282678604125977e-01,1.013687327504158020e-01,6.461717188358306885e-02,5.376414060592651367e-01,4.138951897621154785e-01,-1.447842419147491455e-01,-7.155755162239074707e-02,0.000000000000000000e+00,0.000000000000000000e+00,-3.326563537120819092e-01,0.000000000000000000e+00,0.000000000000000000e+00,0.000000000000000000e+00,0.000000000000000000e+00,1.259198784828186035e-01,-2.185401469469070435e-01,-1.106907650828361511e-01,4.883252829313278198e-02,9.021975845098495483e-02,-3.799299001693725586e-01,-1.270602196455001831e-01,0.000000000000000000e+00,2.118615061044692993e-01,4.493998289108276367e-01,7.539843022823333740e-02,-3.386653363704681396e-01,3.325654566287994385e-01,1.719004511833190918e-01,-2.050908207893371582e-01,4.258876740932464600e-01,9.729862213134765625e-02,-1.123887151479721069e-01,-3.829155862331390381e-01,2.701350450515747070e-01,-6.971805822104215622e-03,-3.934837877750396729e-01,0.000000000000000000e+00,0.000000000000000000e+00
8.140443824231624603e-04,-1.052660300047136843e-04,1.229853034019470215e-01,2.049909532070159912e-02,-1.239572316408157349e-01,-4.994761943817138672e-02,2.244610488414764404e-01,2.046365290880203247e-01,1.000000000000000000e+00,2.632140517234802246e-01,2.578874528408050537e-01,2.186380922794342041e-01,-1.927956938743591309e-01,-2.458520792424678802e-02,1.134546995162963867e-01,9.615590423345565796e-02,-1.530996412038803101e-01,0.000000000000000000e+00,0.000000000000000000e+00,2.062176354229450226e-02,0.000000000000000000e+00,0.000000000000000000e+00,0.000000000000000000e+00,0.000000000000000000e+00,-2.147652506828308105e-01,-1.166404485702514648e-01,-3.433860838413238525e-01,3.160556852817535400e-01,4.186514914035797119e-01,3.382347524166107178e-01,-1.020313724875450134e-01,0.000000000000000000e+00,-2.632156759500503540e-02,2.193620949983596802e-01,-1.952087134122848511e-02,2.216025888919830322e-01,-3.883876502513885498e-01,-1.180207431316375732e-01,1.082969978451728821e-01,-1.356171518564224243e-01,-2.209532856941223145e-01,5.825245007872581482e-02,2.967027127742767334e-01,3.090424537658691406e-01,-6.301344186067581177e-02,1.253318339586257935e-01,0.000000000000000000e+00,0.000000000000000000e+00
1.722482144832611084e-01,-4.270689096301794052e-03,2.102499082684516907e-02,1.513351351022720337e-01,-8.770040422677993774e-02,1.129439696669578552e-01,5.993410199880599976e-02,-1.402542144060134888e-01,2.632140517234802246e-01,1.000000000000000000e+00,4.848468303680419922e-02,6.489953994750976562e-01,-1.697434857487678528e-02,-2.773313522338867188e-01,2.429594695568084717e-01,5.539690852165222168e-01,-1.785658299922943115e-01,0.000000000000000000e+00,0.000000000000000000e+00,8.927433192729949951e-02,0.000000000000000000e+00,0.000000000000000000e+00,0.000000000000000000e+00,0.000000000000000000e+00,-1.701098382472991943e-01,7.069886475801467896e-02,3.049514815211296082e-02,1.041662171483039856e-01,-3.703963756561279297e-02,1.590076386928558350e-01,-1.414055079221725464e-01,0.000000000000000000e+00,-8.562247455120086670e-02,-2.789564132690429688e-01,8.691538125276565552e-02,2.523499131202697754e-01,-2.596736550331115723e-01,1.164701282978057861e-01,5.561124086380004883e-01,-2.323151677846908569e-01,-6.582154333591461182e-02,1.762876659631729126e-02,2.610476016998291016e-01,2.325828224420547485e-01,1.773826330900192261e-01,5.840246081352233887e-01,0.000000000000000000e+00,0.000000000000000000e+00
2.932488024234771729e-01,3.012196421623229980e-01,-5.773562192916870117e-02,3.021755628287792206e-02,1.451663672924041748e-01,-7.577487826347351074e-02,-2.166520357131958008e-01,4.340282678604125977e-01,2.578874528408050537e-01,4.848468303680419922e-02,1.000000000000000000e+00,3.403497040271759033e-01,2.265228331089019775e-02,3.282769024372100830e-01,5.188856124877929688e-01,-1.041564624756574631e-03,-1.349318176507949829e-01,0.000000000000000000e+00,0.000000000000000000e+00,-7.907909341156482697e-03,0.000000000000000000e+00,0.000000000000000000e+00,0.000000000000000000e+00,0.000000000000000000e+00,-9.901557117700576782e-02,-3.977270424365997314e-01,-4.888312816619873047e-01,1.066804006695747375e-01,5.453652888536453247e-02,-1.915159523487091064e-01,-2.546659111976623535e-02,0.000000000000000000e+00,-2.078727930784225464e-01,1.663728356361389160e-01,2.177826762199401855e-01,-2.151721902191638947e-02,-1.341802924871444702e-01,3.533479869365692139e-01,6.203081458806991577e-02,-3.882983699440956116e-02,9.593972563743591309e-02,7.956504076719284058e-02,2.847809158265590668e-02,3.193375468254089355e-01,2.627554833889007568e-01,-9.622173011302947998e-02,0.000000000000000000e+00,0.000000000000000000e+00
2.569519877433776855e-01,2.222365438938140869e-01,-1.753584742546081543e-01,5.168229341506958008e-02,-1.519189924001693726e-01,4.129246994853019714e-02,-1.105983257293701172e-01,1.013687402009963989e-01,2.186380922794342041e-01,6.489954590797424316e-01,3.403496742248535156e-01,1.000000000000000000e+00,3.628702461719512939e-02,-1.419661939144134521e-01,6.063607931137084961e-01,4.706827998161315918e-01,-2.839813530445098877e-01,0.000000000000000000e+00,0.000000000000000000e+00,-1.675019785761833191e-02,0.000000000000000000e+00,0.000000000000000000e+00,0.000000000000000000e+00,0.000000000000000000e+00,-8.614957332611083984e-03,-2.049870342016220093e-01,-1.291694790124893188e-01,-5.077862367033958435e-02,-1.396012902259826660e-01,-3.006603382527828217e-02,-1.258663833141326904e-01,0.000000000000000000e+00,-9.188150614500045776e-02,-9.417903423309326172e-02,1.928010433912277222e-01,8.849867433309555054e-02,-1.209829077124595642e-01,3.733808696269989014e-01,4.171460866928100586e-01,-2.002275884151458740e-01,5.186662077903747559e-02,-1.381213776767253876e-02,1.186554506421089172e-01,2.121340483427047729e-01,1.556732952594757080e-01,3.355028033256530762e-01,0.000000000000000000e+00,0.000000000000000000e+00
-2.129843458533287048e-02,1.286483556032180786e-01,-1.549276709556579590e-02,-1.182545796036720276e-01,1.393352150917053223e-01,1.120160520076751709e-01,-2.751385793089866638e-02,6.461717188358306885e-02,-1.927956938743591309e-01,-1.697434857487678528e-02,2.265228331089019775e-02,3.628702461719512939e-02,1.000000000000000000e+00,5.084312334656715393e-02,6.513353437185287476e-02,-5.505427718162536621e-02,-2.082095891237258911e-01,0.000000000000000000e+00,0.000000000000000000e+00,1.601068228483200073e-01,0.000000000000000000e+00,0.000000000000000000e+00,0.000000000000000000e+00,0.000000000000000000e+00,1.561485230922698975e-01,1.424992084503173828e-02,6.819774955511093140e-02,-3.873708099126815796e-02,7.254347950220108032e-02,-1.676517128944396973e-01,-1.419802010059356689e-01,0.000000000000000000e+00,-1.974580585956573486e-01,-4.830811172723770142e-02,5.661103129386901855e-02,-9.040993452072143555e-02,-6.661669351160526276e-03,3.304431214928627014e-02,-5.587867274880409241e-02,7.655879855155944824e-02,1.779674738645553589e-01,1.966198831796646118e-01,-1.176306083798408508e-01,-1.226339638233184814e-01,4.740996286273002625e-02,-3.769049793481826782e-02,0.000000000000000000e+00,0.000000000000000000e+00
2.319164723157882690e-01,1.652952842414379120e-02,6.404864042997360229e-02,-5.474177747964859009e-02,1.953555494546890259e-01,-2.463359087705612183e-01,-1.471461951732635498e-01,5.376414060592651367e-01,-2.458520792424678802e-02,-2.773313522338867188e-01,3.282769024372100830e-01,-1.419662088155746460e-01,5.084311962127685547e-02,1.000000000000000000e+00,2.865354716777801514e-01,-1.504518240690231323e-01,1.770052164793014526e-01,0.000000000000000000e+00,0.000000000000000000e+00,-7.997225224971771240e-02,0.000000000000000000e+00,0.000000000000000000e+00,0.000000000000000000e+00,0.000000000000000000e+00,-7.501433789730072021e-02,6.265073269605636597e-02,-2.317197769880294800e-01,-4.008439369499683380e-03,-3.246261179447174072e-02,-2.446068972349166870e-01,1.176152005791664124e-02,0.000000000000000000e+00,-2.879079245030879974e-02,3.570642769336700439e-01,3.005202300846576691e-02,-1.683545708656311035e-01,2.081669121980667114e-01,8.928882330656051636e-02,-1.226245686411857605e-01,3.076284527778625488e-01,-9.250083565711975098e-02,-9.570773690938949585e-02,-2.796663939952850342e-01,6.385996937751770020e-02,-6.830491125583648682e-02,-2.391778677701950073e-01,0.000000000000000000e+00,0.000000000000000000e+00
4.036341607570648193e-01,4.978919923305511475e-01,-4.011698365211486816e-01,-2.556760013103485107e-01,1.027780398726463318e-01,-1.514247357845306396e-01,-4.000182449817657471e-01,4.138952195644378662e-01,1.134546995162963867e-01,2.429594695568084717e-01,5.188856124877929688e-01,6.063607931137084961e-01,6.513353437185287476e-02,2.865354716777801514e-01,1.000000000000000000e+00,3.789817169308662415e-02,-1.801809370517730713e-01,0.000000000000000000e+00,0.000000000000000000e+00,-3.198450803756713867e-01,0.000000000000000000e+00,0.000000000000000000e+00,0.000000000000000000e+00,0.000000000000000000e+00,2.031318545341491699e-01,-3.618440628051757812e-01,-2.710979282855987549e-01,-1.363033950328826904e-01,-8.685132861137390137e-02,-2.765198945999145508e-01,-2.516384422779083252e-01,0.000000000000000000e+00,-4.673479124903678894e-02,1.267559379339218140e-01,4.806552231311798096e-01,-1.910505145788192749e-01,6.920471787452697754e-02,6.516848206520080566e-01,4.815646633505821228e-02,9.618251770734786987e-02,2.536614537239074707e-01,9.513346850872039795e-02,-2.916810810565948486e-01,3.981592953205108643e-01,2.629320025444030762e-01,-1.693616062402725220e-01,0.000000000000000000e+00,0.000000000000000000e+00
-2.691733650863170624e-03,-2.442843765020370483e-01,2.382908314466476440e-01,3.352764546871185303e-01,-1.708069145679473877e-01,2.438094168901443481e-01,3.654811382293701172e-01,-1.447842419147491455e-01,9.615590423345565796e-02,5.539690852165222168e-01,-1.041564624756574631e-03,4.706827998161315918e-01,-5.505427718162536621e-02,-1.504518091678619385e-01,3.789817169308662415e-02,1.000000000000000000e+00,-1.634345948696136475e-01,0.000000000000000000e+00,0.000000000000000000e+00,3.657467961311340332e-01,0.000000000000000000e+00,0.000000000000000000e+00,0.000000000000000000e+00,0.000000000000000000e+00,-2.677751183509826660e-01,1.854082047939300537e-01,-6.927577406167984009e-02,3.896005451679229736e-02,-1.155613213777542114e-01,2.866273820400238037e-01,2.423657923936843872e-01,0.000000000000000000e+00,-1.504331231117248535e-01,-1.790527850389480591e-01,-1.464506834745407104e-01,4.554749429225921631e-01,-2.344435304403305054e-01,-8.919733017683029175e-02,7.716112732887268066e-01,-2.870118319988250732e-01,-2.213713526725769043e-01,-1.109186653047800064e-02,4.381321668624877930e-01,-1.237624585628509521e-01,6.204545963555574417e-03,6.052898764610290527e-01,0.000000000000000000e+00,0.000000000000000000e+00
6.397482007741928101e-02,-2.788584530353546143e-01,1.406250000000000000e-01,4.234691709280014038e-02,8.657240867614746094e-02,-9.465369582176208496e-02,9.135571867227554321e-02,-7.155755162239074707e-02,-1.530996412038803101e-01,-1.785658299922943115e-01,-1.349318176507949829e-01,-2.839813828468322754e-01,-2.082095891237258911e-01,1.770052313804626465e-01,-1.801809221506118774e-01,-1.634345948696136475e-01,1.000000000000000000e+00,0.000000000000000000e+00,0.000000000000000000e+00,2.137359417974948883e-02,0.000000000000000000e+00,0.000000000000000000e+00,0.000000000000000000e+00,0.000000000000000000e+00,1.056734565645456314e-02,3.102125525474548340e-01,1.442562341690063477e-01,7.362522929906845093e-02,-9.974654018878936768e-02,1.097552776336669922e-01,3.428228199481964111e-02,0.000000000000000000e+00,1.346596926450729370e-01,7.759159803390502930e-02,-1.125797480344772339e-01,7.861310243606567383e-02,1.575028896331787109e-02,-1.017036885023117065e-01,-3.287231922149658203e-02,4.531998559832572937e-02,-2.006195932626724243e-01,-1.591466218233108521e-01,-1.951418668031692505e-01,-1.752527058124542236e-01,-1.767563074827194214e-01,-5.330363661050796509e-02,0.000000000000000000e+00,0.000000000000000000e+00
0.000000000000000000e+00,0.000000000000000000e+00,0.000000000000000000e+00,0.000000000000000000e+00,0.000000000000000000e+00,0.000000000000000000e+00,0.000000000000000000e+00,0.000000000000000000e+00,0.000000000000000000e+00,0.000000000000000000e+00,0.000000000000000000e+00,0.000000000000000000e+00,0.000000000000000000e+00,0.000000000000000000e+00,0.000000000000000000e+00,0.000000000000000000e+00,0.000000000000000000e+00,1.000000000000000000e+00,0.000000000000000000e+00,0.000000000000000000e+00,0.000000000000000000e+00,0.000000000000000000e+00,0.000000000000000000e+00,0.000000000000000000e+00,0.000000000000000000e+00,0.000000000000000000e+00,0.000000000000000000e+00,0.000000000000000000e+00,0.000000000000000000e+00,0.000000000000000000e+00,0.000000000000000000e+00,0.000000000000000000e+00,0.000000000000000000e+00,0.000000000000000000e+00,0.000000000000000000e+00,0.000000000000000000e+00,0.000000000000000000e+00,0.000000000000000000e+00,0.000000000000000000e+00,0.000000000000000000e+00,0.000000000000000000e+00,0.000000000000000000e+00,0.000000000000000000e+00,0.000000000000000000e+00,0.000000000000000000e+00,0.000000000000000000e+00,0.000000000000000000e+00,0.000000000000000000e+00
0.000000000000000000e+00,0.000000000000000000e+00,0.000000000000000000e+00,0.000000000000000000e+00,0.000000000000000000e+00,0.000000000000000000e+00,0.000000000000000000e+00,0.000000000000000000e+00,0.000000000000000000e+00,0.000000000000000000e+00,0.000000000000000000e+00,0.000000000000000000e+00,0.000000000000000000e+00,0.000000000000000000e+00,0.000000000000000000e+00,0.000000000000000000e+00,0.000000000000000000e+00,0.000000000000000000e+00,1.000000000000000000e+00,0.000000000000000000e+00,0.000000000000000000e+00,0.000000000000000000e+00,0.000000000000000000e+00,0.000000000000000000e+00,0.000000000000000000e+00,0.000000000000000000e+00,0.000000000000000000e+00,0.000000000000000000e+00,0.000000000000000000e+00,0.000000000000000000e+00,0.000000000000000000e+00,0.000000000000000000e+00,0.000000000000000000e+00,0.000000000000000000e+00,0.000000000000000000e+00,0.000000000000000000e+00,0.000000000000000000e+00,0.000000000000000000e+00,0.000000000000000000e+00,0.000000000000000000e+00,0.000000000000000000e+00,0.000000000000000000e+00,0.000000000000000000e+00,0.000000000000000000e+00,0.000000000000000000e+00,0.000000000000000000e+00,0.000000000000000000e+00,0.000000000000000000e+00
-3.175279200077056885e-01,-5.019211173057556152e-01,5.622633695602416992e-01,5.486320853233337402e-01,-2.084484398365020752e-01,2.100492864847183228e-01,4.773077964782714844e-01,-3.326563537120819092e-01,2.062176354229450226e-02,8.927433192729949951e-02,-7.907909341156482697e-03,-1.675019785761833191e-02,1.601068228483200073e-01,-7.997225970029830933e-02,-3.198450505733489990e-01,3.657467961311340332e-01,2.137359417974948883e-02,0.000000000000000000e+00,0.000000000000000000e+00,1.000000000000000000e+00,0.000000000000000000e+00,0.000000000000000000e+00,0.000000000000000000e+00,0.000000000000000000e+00,-4.349575340747833252e-01,2.005194425582885742e-01,-1.234453395009040833e-01,1.071092784404754639e-01,-4.376330226659774780e-02,2.809502780437469482e-01,3.841224312782287598e-01,0.000000000000000000e+00,-2.741370499134063721e-01,-3.483097255229949951e-02,-3.980238735675811768e-01,4.222329258918762207e-01,-3.405871689319610596e-01,-3.264211118221282959e-01,4.031841456890106201e-01,-3.123526275157928467e-01,-3.690952658653259277e-01,-1.085836663842201233e-01,5.198457241058349609e-01,-3.427608609199523926e-01,-1.942092776298522949e-01,5.252860188484191895e-01,0.000000000000000000e+00,0.000000000000000000e+00
0.000000000000000000e+00,0.000000000000000000e+00,0.000000000000000000e+00,0.000000000000000000e+00,0.000000000000000000e+00,0.000000000000000000e+00,0.000000000000000000e+00,0.000000000000000000e+00,0.000000000000000000e+00,0.000000000000000000e+00,0.000000000000000000e+00,0.000000000000000000e+00,0.000000000000000000e+00,0.000000000000000000e+00,0.000000000000000000e+00,0.000000000000000000e+00,0.000000000000000000e+00,0.000000000000000000e+00,0.000000000000000000e+00,0.000000000000000000e+00,1.000000000000000000e+00,0.000000000000000000e+00,0.000000000000000000e+00,0.000000000000000000e+00,0.000000000000000000e+00,0.000000000000000000e+00,0.000000000000000000e+00,0.000000000000000000e+00,0.000000000000000000e+00,0.000000000000000000e+00,0.000000000000000000e+00,0.000000000000000000e+00,0.000000000000000000e+00,0.000000000000000000e+00,0.000000000000000000e+00,0.000000000000000000e+00,0.000000000000000000e+00,0.000000000000000000e+00,0.000000000000000000e+00,0.000000000000000000e+00,0.000000000000000000e+00,0.000000000000000000e+00,0.000000000000000000e+00,0.000000000000000000e+00,0.000000000000000000e+00,0.000000000000000000e+00,0.000000000000000000e+00,0.000000000000000000e+00
0.000000000000000000e+00,0.000000000000000000e+00,0.000000000000000000e+00,0.000000000000000000e+00,0.000000000000000000e+00,0.000000000000000000e+00,0.000000000000000000e+00,0.000000000000000000e+00,0.000000000000000000e+00,0.000000000000000000e+00,0.000000000000000000e+00,0.000000000000000000e+00,0.000000000000000000e+00,0.000000000000000000e+00,0.000000000000000000e+00,0.000000000000000000e+00,0.000000000000000000e+00,0.000000000000000000e+00,0.000000000000000000e+00,0.000000000000000000e+00,0.000000000000000000e+00,1.000000000000000000e+00,0.000000000000000000e+00,0.000000000000000000e+00,0.000000000000000000e+00,0.000000000000000000e+00,0.000000000000000000e+00,0.000000000000000000e+00,0.000000000000000000e+00,0.000000000000000000e+00,0.000000000000000000e+00,0.000000000000000000e+00,0.000000000000000000e+00,0.000000000000000000e+00,0.000000000000000000e+00,0.000000000000000000e+00,0.000000000000000000e+00,0.000000000000000000e+00,0.000000000000000000e+00,0.000000000000000000e+00,0.000000000000000000e+00,0.000000000000000000e+00,0.000000000000000000e+00,0.000000000000000000e+00,0.000000000000000000e+00,0.000000000000000000e+00,0.000000000000000000e+00,0.000000000000000000e+00
0.000000000000000000e+00,0.000000000000000000e+00,0.000000000000000000e+00,0.000000000000000000e+00,0.000000000000000000e+00,0.000000000000000000e+00,0.000000000000000000e+00,0.000000000000000000e+00,0.000000000000000000e+00,0.000000000000000000e+00,0.000000000000000000e+00,0.000000000000000000e+00,0.000000000000000000e+00,0.000000000000000000e+00,0.000000000000000000e+00,0.000000000000000000e+00,0.000000000000000000e+00,0.000000000000000000e+00,0.000000000000000000e+00,0.000000000000000000e+00,0.000000000000000000e+00,0.000000000000000000e+00,1.000000000000000000e+00,0.000000000000000000e+00,0.000000000000000000e+00,0.000000000000000000e+00,0.000000000000000000e+00,0.000000000000000000e+00,0.000000000000000000e+00,0.000000000000000000e+00,0.000000000000000000e+00,0.000000000000000000e+00,0.000000000000000000e+00,0.000000000000000000e+00,0.000000000000000000e+00,0.000000000000000000e+00,0.000000000000000000e+00,0.000000000000000000e+00,0.000000000000000000e+00,0.000000000000000000e+00,0.000000000000000000e+00,0.000000000000000000e+00,0.000000000000000000e+00,0.000000000000000000e+00,0.000000000000000000e+00,0.000000000000000000e+00,0.000000000000000000e+00,0.000000000000000000e+00
0.000000000000000000e+00,0.000000000000000000e+00,0.000000000000000000e+00,0.000000000000000000e+00,0.000000000000000000e+00,0.000000000000000000e+00,0.000000000000000000e+00,0.000000000000000000e+00,0.000000000000000000e+00,0.000000000000000000e+00,0.000000000000000000e+00,0.000000000000000000e+00,0.000000000000000000e+00,0.000000000000000000e+00,0.000000000000000000e+00,0.000000000000000000e+00,0.000000000000000000e+00,0.000000000000000000e+00,0.000000000000000000e+00,0.000000000000000000e+00,0.000000000000000000e+00,0.000000000000000000e+00,0.000000000000000000e+00,1.000000000000000000e+00,0.000000000000000000e+00,0.000000000000000000e+00,0.000000000000000000e+00,0.000000000000000000e+00,0.000000000000000000e+00,0.000000000000000000e+00,0.000000000000000000e+00,0.000000000000000000e+00,0.000000000000000000e+00,0.000000000000000000e+00,0.000000000000000000e+00,0.000000000000000000e+00,0.000000000000000000e+00,0.000000000000000000e+00,0.000000000000000000e+00,0.000000000000000000e+00,0.000000000000000000e+00,0.000000000000000000e+00,0.000000000000000000e+00,0.000000000000000000e+00,0.000000000000000000e+00,0.000000000000000000e+00,0.000000000000000000e+00,0.000000000000000000e+00
2.596832215785980225e-01,2.394025623798370361e-01,-4.874564111232757568e-01,-6.102258563041687012e-01,2.186185419559478760e-01,-9.291196614503860474e-02,-3.266648352146148682e-01,1.259198784828186035e-01,-2.147652506828308105e-01,-1.701098382472991943e-01,-9.901557117700576782e-02,-8.614957332611083984e-03,1.561485230922698975e-01,-7.501434534788131714e-02,2.031318545341491699e-01,-2.677751183509826660e-01,1.056734565645456314e-02,0.000000000000000000e+00,0.000000000000000000e+00,-4.349575340747833252e-01,0.000000000000000000e+00,0.000000000000000000e+00,0.000000000000000000e+00,0.000000000000000000e+00,1.000000000000000000e+00,-4.944946616888046265e-02,3.012619912624359131e-01,-3.786691650748252869e-02,1.111076697707176208e-01,-1.399291306734085083e-01,-3.502487540245056152e-01,0.000000000000000000e+00,1.658324003219604492e-01,-1.683963686227798462e-01,1.719225347042083740e-01,-3.519223928451538086e-01,1.690542548894882202e-01,1.933128684759140015e-01,-3.075588941574096680e-01,3.037724494934082031e-01,3.637939989566802979e-01,1.010759845376014709e-01,-5.675719976425170898e-01,-3.772201761603355408e-02,4.051158949732780457e-02,-5.101873278617858887e-01,0.000000000000000000e+00,0.000000000000000000e+00
-1.896168887615203857e-01,-5.598232150077819824e-01,4.600262641906738281e-01,1.313134282827377319e-01,3.245569020509719849e-02,7.096481323242187500e-02,4.404430687427520752e-01,-2.185401469469070435e-01,-1.166404485702514648e-01,7.069886475801467896e-02,-3.977270424365997314e-01,-2.049870193004608154e-01,1.424992084503173828e-02,6.265073269605636597e-02,-3.618440330028533936e-01,1.854082047939300537e-01,3.102125525474548340e-01,0.000000000000000000e+00,0.000000000000000000e+00,2.005194425582885742e-01,0.000000000000000000e+00,0.000000000000000000e+00,0.000000000000000000e+00,0.000000000000000000e+00,-4.944946616888046265e-02,1.000000000000000000e+00,3.123881518840789795e-01,1.322320103645324707e-01,2.355640754103660583e-03,3.283447623252868652e-01,1.019732952117919922e-01,0.000000000000000000e+00,-1.693947426974773407e-02,-1.799249351024627686e-01,-4.356831312179565430e-01,1.964163333177566528e-01,-1.004581898450851440e-01,-5.169033408164978027e-01,1.692553013563156128e-01,6.164528895169496536e-03,-3.700504899024963379e-01,-3.687385469675064087e-02,9.481170028448104858e-02,-4.501856267452239990e-01,-2.258899956941604614e-01,2.428410202264785767e-01,0.000000000000000000e+00,0.000000000000000000e+00
-8.865847438573837280e-02,-2.677828669548034668e-01,-4.396602511405944824e-02,-1.049420014023780823e-01,9.800057858228683472e-03,-8.749071508646011353e-02,-1.421819925308227539e-01,-1.106907650828361511e-01,-3.433860838413238525e-01,3.049514815211296082e-02,-4.888312816619873047e-01,-1.291694790124893188e-01,6.819774955511093140e-02,-2.317197769880294800e-01,-2.710978984832763672e-01,-6.927577406167984009e-02,1.442562341690063477e-01,0.000000000000000000e+00,0.000000000000000000e+00,-1.234453395009040833e-01,0.000000000000000000e+00,0.000000000000000000e+00,0.000000000000000000e+00,0.000000000000000000e+00,3.012619912624359131e-01,3.123881518840789795e-01,1.000000000000000000e+00,-1.857649162411689758e-02,-2.294471859931945801e-01,-1.145555302500724792e-01,5.825347080826759338e-02,0.000000000000000000e+00,4.688652157783508301e-01,-2.155720442533493042e-01,-2.850724458694458008e-01,-1.912067383527755737e-01,3.881047368049621582e-01,-2.148869931697845459e-01,-8.353518694639205933e-02,2.047088444232940674e-01,-1.345849595963954926e-02,-3.102034926414489746e-01,-2.947951555252075195e-01,-3.232661783695220947e-01,-1.181353554129600525e-01,-4.951052740216255188e-02,0.000000000000000000e+00,0.000000000000000000e+00
3.023422658443450928e-01,-1.107479408383369446e-01,3.483340442180633545e-01,1.955842226743698120e-01,2.472604513168334961e-01,3.019387722015380859e-01,3.676747381687164307e-01,4.883252829313278198e-02,3.160556852817535400e-01,1.041662171483039856e-01,1.066804006695747375e-01,-5.077862367033958435e-02,-3.873708099126815796e-02,-4.008438903838396072e-03,-1.363033950328826904e-01,3.896005451679229736e-02,7.362522929906845093e-02,0.000000000000000000e+00,0.000000000000000000e+00,1.071092784404754639e-01,0.000000000000000000e+00,0.000000000000000000e+00,0.000000000000000000e+00,0.000000000000000000e+00,-3.786691650748252869e-02,1.322320103645324707e-01,-1.857649162411689758e-02,1.000000000000000000e+00,5.369223952293395996e-01,2.879627346992492676e-01,-9.166254661977291107e-03,0.000000000000000000e+00,1.232060864567756653e-01,6.724716722965240479e-02,-2.190072983503341675e-01,1.752327382564544678e-01,-3.085593879222869873e-01,-2.448859214782714844e-01,1.262787878513336182e-01,-1.935566216707229614e-02,8.253810927271842957e-03,1.457626968622207642e-01,2.166175544261932373e-01,9.573465585708618164e-02,6.490948051214218140e-02,1.186465546488761902e-01,0.000000000000000000e+00,0.000000000000000000e+00
4.822183400392532349e-02,1.738127171993255615e-01,3.083244373556226492e-04,-2.662681341171264648e-01,1.281442940235137939e-01,2.101275324821472168e-01,2.960014939308166504e-01,9.021975845098495483e-02,4.186514914035797119e-01,-3.703963756561279297e-02,5.453652888536453247e-02,-1.396012902259826660e-01,7.254347950220108032e-02,-3.246261179447174072e-02,-8.685132116079330444e-02,-1.155613213777542114e-01,-9.974654018878936768e-02,0.000000000000000000e+00,0.000000000000000000e+00,-4.376330226659774780e-02,0.000000000000000000e+00,0.000000000000000000e+00,0.000000000000000000e+00,0.000000000000000000e+00,1.111076697707176208e-01,2.355640754103660583e-03,-2.294471859931945801e-01,5.369223952293395996e-01,1.000000000000000000e+00,3.356624245643615723e-01,-3.333287239074707031e-01,0.000000000000000000e+00,-3.711504116654396057e-02,1.892713904380798340e-01,1.015797164291143417e-02,8.344427496194839478e-02,-4.037652611732482910e-01,-2.036813199520111084e-01,-9.998103976249694824e-02,-1.642963290214538574e-02,1.929653733968734741e-01,3.672945201396942139e-01,1.389962583780288696e-01,1.146942749619483948e-01,-1.182904168963432312e-01,-1.321082264184951782e-01,0.000000000000000000e+00,0.000000000000000000e+00
-2.889062464237213135e-01,-4.252370595932006836e-01,3.940974175930023193e-01,2.189390659332275391e-01,-1.705724000930786133e-01,1.446209400892257690e-01,5.322968363761901855e-01,-3.799299001693725586e-01,3.382347524166107178e-01,1.590076386928558350e-01,-1.915159523487091064e-01,-3.006603382527828217e-02,-1.676517128944396973e-01,-2.446068823337554932e-01,-2.765198945999145508e-01,2.866273820400238037e-01,1.097552776336669922e-01,0.000000000000000000e+00,0.000000000000000000e+00,2.809502780437469482e-01,0.000000000000000000e+00,0.000000000000000000e+00,0.000000000000000000e+00,0.000000000000000000e+00,-1.399291306734085083e-01,3.283447623252868652e-01,-1.145555302500724792e-01,2.879627346992492676e-01,3.356624245643615723e-01,1.000000000000000000e+00,1.528890132904052734e-01,0.000000000000000000e+00,-2.970794141292572021e-01,-1.595771163702011108e-01,-2.618670463562011719e-01,6.866708397865295410e-01,-4.196885228157043457e-01,-3.823406100273132324e-01,3.814548552036285400e-01,-2.890622019767761230e-01,-4.145593047142028809e-01,1.077448949217796326e-01,5.266322493553161621e-01,-2.519423961639404297e-01,-2.383168041706085205e-02,2.727832496166229248e-01,0.000000000000000000e+00,0.000000000000000000e+00
-2.562615871429443359e-01,-4.101820588111877441e-01,4.265354573726654053e-01,5.333756208419799805e-01,-1.213882341980934143e-01,6.381516158580780029e-02,2.351049929857254028e-01,-1.270602196455001831e-01,-1.020313724875450134e-01,-1.414055079221725464e-01,-2.546659111976623535e-02,-1.258663833141326904e-01,-1.419802010059356689e-01,1.176152098923921585e-02,-2.516384422779083252e-01,2.423657923936843872e-01,3.428228199481964111e-02,0.000000000000000000e+00,0.000000000000000000e+00,3.841224312782287598e-01,0.000000000000000000e+00,0.000000000000000000e+00,0.000000000000000000e+00,0.000000000000000000e+00,-3.502487540245056152e-01,1.019732952117919922e-01,5.825347080826759338e-02,-9.166254661977291107e-03,-3.333287239074707031e-01,1.528890132904052734e-01,1.000000000000000000e+00,0.000000000000000000e+00,-1.033904217183589935e-02,-8.582650125026702881e-02,-3.447668552398681641e-01,3.316937685012817383e-01,1.295344233512878418e-01,-2.320947349071502686e-01,2.500740289688110352e-01,-1.308498680591583252e-01,-3.088047504425048828e-01,-2.040173858404159546e-01,3.549735844135284424e-01,-2.787774205207824707e-01,-3.811829810729250312e-05,1.878993362188339233e-01,0.000000000000000000e+00,0.000000000000000000e+00
0.000000000000000000e+00,0.000000000000000000e+00,0.000000000000000000e+00,0.000000000000000000e+00,0.000000000000000000e+00,0.000000000000000000e+00,0.000000000000000000e+00,0.000000000000000000e+00,0.000000000000000000e+00,0.000000000000000000e+00,0.000000000000000000e+00,0.000000000000000000e+00,0.000000000000000000e+00,0.000000000000000000e+00,0.000000000000000000e+00,0.000000000000000000e+00,0.000000000000000000e+00,0.000000000000000000e+00,0.000000000000000000e+00,0.000000000000000000e+00,0.000000000000000000e+00,0.000000000000000000e+00,0.000000000000000000e+00,0.000000000000000000e+00,0.000000000000000000e+00,0.000000000000000000e+00,0.000000000000000000e+00,0.000000000000000000e+00,0.000000000000000000e+00,0.000000000000000000e+00,0.000000000000000000e+00,1.000000000000000000e+00,0.000000000000000000e+00,0.000000000000000000e+00,0.000000000000000000e+00,0.000000000000000000e+00,0.000000000000000000e+00,0.000000000000000000e+00,0.000000000000000000e+00,0.000000000000000000e+00,0.000000000000000000e+00,0.000000000000000000e+00,0.000000000000000000e+00,0.000000000000000000e+00,0.000000000000000000e+00,0.000000000000000000e+00,0.000000000000000000e+00,0.000000000000000000e+00
