1.000000000000000000e+00,3.704145252704620361e-01,-2.053535729646682739e-01,-4.203427582979202271e-02,3.975413367152214050e-02,-7.381427288055419922e-02,-3.777126073837280273e-01,3.639766573905944824e-01,1.258520334959030151e-01,-6.449796259403228760e-02,5.299790948629379272e-02,-7.114158570766448975e-02,-2.331163436174392700e-01,-3.463784456253051758e-01,-5.956611782312393188e-02,5.638672411441802979e-02,-2.355122268199920654e-01,2.648639976978302002e-01,-6.223439797759056091e-02,-1.039724647998809814e-01,-7.240046560764312744e-02,0.000000000000000000e+00,0.000000000000000000e+00,-2.696778178215026855e-01,4.511854946613311768e-01,-4.111497998237609863e-01,4.860787391662597656e-01,2.226900905370712280e-01,1.537431776523590088e-01,-5.305767655372619629e-01,-4.245474040508270264e-01,0.000000000000000000e+00,4.419785439968109131e-01,3.783818334341049194e-02,-1.279090810567140579e-02,-2.774130702018737793e-01,-1.849042773246765137e-01,2.398800104856491089e-01,5.228055641055107117e-02,3.511908650398254395e-02,3.684157431125640869e-01,2.381733432412147522e-02,-1.526938676834106445e-01,3.486898494884371758e-03,7.763271033763885498e-02,-1.783374845981597900e-01,7.470262795686721802e-02,0.000000000000000000e+00
3.704145252704620361e-01,1.000000000000000000e+00,-1.802097707986831665e-01,1.334066241979598999e-01,5.711997151374816895e-01,3.783515691757202148e-01,-1.750722229480743408e-01,4.137236773967742920e-01,4.331205487251281738e-01,1.708833724260330200e-01,-5.607214942574501038e-02,2.983262063935399055e-03,-1.806401759386062622e-01,-9.354345500469207764e-02,-1.469611972570419312e-01,5.601173639297485352e-02,-3.075602278113365173e-02,5.186850205063819885e-02,3.370654955506324768e-02,-5.971258133649826050e-02,-9.822486340999603271e-02,0.000000000000000000e+00,0.000000000000000000e+00,-1.717527508735656738e-01,2.270223796367645264e-01,-3.721592426300048828e-01,3.318553268909454346e-01,4.462164938449859619e-01,2.619396746158599854e-01,-1.893976032733917236e-01,-1.337230205535888672e-02,0.000000000000000000e+00,3.765845596790313721e-01,1.726045757532119751e-01,4.260048270225524902e-01,5.472953245043754578e-02,-1.216575969010591507e-02,3.918854594230651855e-01,2.031880170106887817e-01,1.250588893890380859e-01,7.005396485328674316e-01,5.511360168457031250e-01,1.820133924484252930e-01,4.820642173290252686e-01,3.889026641845703125e-01,1.526869237422943115e-01,3.153413906693458557e-02,0.000000000000000000e+00
-2.053535729646682739e-01,-1.802097707986831665e-01,1.000000000000000000e+00,4.699753224849700928e-01,-1.402834355831146240e-01,-5.337004363536834717e-02,5.680983662605285645e-01,-3.502590954303741455e-01,9.739326685667037964e-02,2.280285507440567017e-01,-1.683975756168365479e-01,1.206870377063751221e-01,3.246808350086212158e-01,4.243018850684165955e-02,1.196769922971725464e-01,2.194611430168151855e-01,5.450009107589721680e-01,-2.230410128831863403e-01,3.080813288688659668e-01,1.008292883634567261e-01,2.148099392652511597e-01,0.000000000000000000e+00,0.000000000000000000e+00,2.101835161447525024e-01,8.183747529983520508e-02,5.379419922828674316e-01,-3.094259798526763916e-01,-1.707094311714172363e-01,-2.213979810476303101e-01,3.731482326984405518e-01,2.258336991071701050e-01,0.000000000000000000e+00,-3.019387368112802505e-03,-1.052102744579315186e-01,-3.732482716441154480e-02,1.557152867317199707e-01,5.362586677074432373e-02,-2.412143200635910034e-01,5.775041878223419189e-02,-2.367438003420829773e-02,2.565306052565574646e-02,-5.955418571829795837e-02,2.164963334798812866e-01,8.714818954467773438e-02,-3.833289816975593567e-02,1.672127395868301392e-01,-6.094605475664138794e-02,0.000000000000000000e+00
-4.203427582979202271e-02,1.334066241979598999e-01,4.699753224849700928e-01,1.000000000000000000e+00,1.264881193637847900e-01,1.312002986669540405e-01,4.435725510120391846e-01,-1.423290967941284180e-01,2.612986862659454346e-01,2.907343804836273193e-01,2.704455982893705368e-03,9.562437236309051514e-02,2.662635445594787598e-01,-2.018220424652099609e-01,-4.204899817705154419e-02,2.201797217130661011e-01,4.897872507572174072e-01,3.336890833452343941e-03,2.364076822996139526e-01,1.680910885334014893e-01,1.642514765262603760e-01,0.000000000000000000e+00,0.000000000000000000e+00,1.482028216123580933e-01,-2.859235182404518127e-02,5.140197277069091797e-02,-3.604939579963684082e-01,-1.725993901491165161e-01,-5.376369506120681763e-02,1.048423126339912415e-01,2.313977628946304321e-01,0.000000000000000000e+00,-7.036660611629486084e-02,1.656982004642486572e-01,1.547150313854217529e-01,1.942194551229476929e-01,-1.772969588637351990e-02,1.002917513251304626e-01,2.753005921840667725e-01,1.580373346805572510e-01,1.169340685009956360e-01,3.106400370597839355e-01,4.604786336421966553e-01,3.043252527713775635e-01,3.034043014049530029e-01,4.353564083576202393e-01,-2.325542643666267395e-02,0.000000000000000000e+00
3.975413367152214050e-02,5.711997151374816895e-01,-1.402834504842758179e-01,1.264881193637847900e-01,1.000000000000000000e+00,7.202571034431457520e-01,4.428766295313835144e-02,3.513768017292022705e-01,4.076884090900421143e-01,1.630692183971405029e-01,3.202557936310768127e-02,1.283308118581771851e-01,-1.225527301430702209e-01,1.725584082305431366e-02,1.096159741282463074e-01,1.136109977960586548e-01,7.063250988721847534e-02,-8.547255396842956543e-02,4.767373949289321899e-02,-6.199686601758003235e-02,-9.245005995035171509e-02,0.000000000000000000e+00,0.000000000000000000e+00,-1.410144418478012085e-01,7.728767395019531250e-02,-1.453775465488433838e-01,9.226624667644500732e-02,4.244064688682556152e-01,1.807255595922470093e-01,7.611526176333427429e-03,1.395327001810073853e-01,0.000000000000000000e+00,2.123437970876693726e-01,2.326055169105529785e-01,3.188486695289611816e-01,2.383074164390563965e-01,-1.875023543834686279e-02,3.650358617305755615e-01,2.459907382726669312e-01,-3.342691808938980103e-02,5.281481146812438965e-01,4.928116202354431152e-01,1.888182759284973145e-01,5.624449253082275391e-01,2.906870543956756592e-01,1.767568439245223999e-01,-7.516827434301376343e-02,0.000000000000000000e+00
-7.381427288055419922e-02,3.783515691757202148e-01,-5.337004363536834717e-02,1.312002986669540405e-01,7.202570438385009766e-01,1.000000000000000000e+00,2.335007488727569580e-01,2.203644812107086182e-01,3.286792337894439697e-01,9.120438992977142334e-02,3.875677287578582764e-02,7.611977308988571167e-02,-8.476845175027847290e-02,4.427496343851089478e-02,1.815402805805206299e-01,1.139480248093605042e-01,1.457024216651916504e-01,-1.799032837152481079e-01,1.552777588367462158e-01,-1.054796800017356873e-01,-1.055634021759033203e-01,0.000000000000000000e+00,0.000000000000000000e+00,-4.328350722789764404e-02,6.997331976890563965e-02,5.145507864654064178e-03,4.030010849237442017e-02,2.085515260696411133e-01,-9.786149114370346069e-02,2.068992704153060913e-02,1.270024776458740234e-01,0.000000000000000000e+00,2.507037520408630371e-01,3.023160696029663086e-01,2.534982860088348389e-01,2.708362936973571777e-01,9.756470471620559692e-02,3.054212629795074463e-01,2.753776311874389648e-01,-6.880570203065872192e-02,4.042836129665374756e-01,3.507899343967437744e-01,7.533879578113555908e-02,4.927589297294616699e-01,1.828645616769790649e-01,5.215149000287055969e-02,-7.121729105710983276e-02,0.000000000000000000e+00
-3.777126073837280273e-01,-1.750722229480743408e-01,5.680983662605285645e-01,4.435725510120391846e-01,4.428766295313835144e-02,2.335007488727569580e-01,1.000000000000000000e+00,-3.513707518577575684e-01,1.491553634405136108e-01,2.052028775215148926e-01,-1.434589549899101257e-02,1.564982086420059204e-01,3.441552519798278809e-01,7.419584691524505615e-02,3.082262873649597168e-01,2.266403734683990479e-01,7.153292894363403320e-01,-2.854526042938232422e-01,3.992022573947906494e-01,1.327293813228607178e-01,3.081080019474029541e-01,0.000000000000000000e+00,0.000000000000000000e+00,2.685457170009613037e-01,-1.048191357403993607e-02,5.209071636199951172e-01,-3.871133625507354736e-01,-3.301938474178314209e-01,-4.228457212448120117e-01,3.540488779544830322e-01,2.881871461868286133e-01,0.000000000000000000e+00,-7.208711933344602585e-03,6.877304613590240479e-02,-1.262628706172108650e-03,2.120788395404815674e-01,1.890630871057510376e-01,-1.228045448660850525e-01,7.454298436641693115e-02,-7.406931370496749878e-02,-1.971652545034885406e-02,-9.174224687740206718e-04,2.182019352912902832e-01,2.249946892261505127e-01,-1.762766577303409576e-02,1.686832457780838013e-01,-5.160642787814140320e-02,0.000000000000000000e+00
3.639766573905944824e-01,4.137236773967742920e-01,-3.502590954303741455e-01,-1.423290967941284180e-01,3.513768315315246582e-01,2.203644812107086182e-01,-3.513707518577575684e-01,1.000000000000000000e+00,3.177653253078460693e-01,8.548977784812450409e-03,3.435190916061401367e-01,1.247363463044166565e-01,-1.619984805583953857e-01,5.415445566177368164e-02,1.906960457563400269e-01,6.091695278882980347e-02,-3.474344015121459961e-01,1.407089531421661377e-01,-2.624604478478431702e-02,-5.919783189892768860e-02,-3.203355669975280762e-01,0.000000000000000000e+00,0.000000000000000000e+00,-3.097881972789764404e-01,2.422815859317779541e-01,-2.352501600980758667e-01,3.203969597816467285e-01,2.738308012485504150e-01,2.019662111997604370e-01,-3.184342086315155029e-01,-2.428937107324600220e-01,0.000000000000000000e+00,2.034566402435302734e-01,1.106320396065711975e-01,2.072090804576873779e-01,-1.493370998650789261e-02,-2.821083739399909973e-02,5.473530888557434082e-01,1.292988806962966919e-01,2.336699888110160828e-02,3.196884095668792725e-01,1.645362526178359985e-01,-1.583994626998901367e-01,2.884634435176849365e-01,2.189162820577621460e-01,-4.446532204747200012e-02,3.591391071677207947e-02,0.000000000000000000e+00
1.258520334959030151e-01,4.331205487251281738e-01,9.739326685667037964e-02,2.612986862659454346e-01,4.076884090900421143e-01,3.286792337894439697e-01,1.491553634405136108e-01,3.177653253078460693e-01,1.000000000000000000e+00,3.034547269344329834e-01,3.094468414783477783e-01,3.013407886028289795e-01,2.634796686470508575e-02,-3.423179965466260910e-03,1.511501967906951904e-01,5.816502124071121216e-02,1.509194523096084595e-01,-8.847002685070037842e-02,1.527077555656433105e-01,2.213794970884919167e-03,-4.115891829133033752e-02,0.000000000000000000e+00,0.000000000000000000e+00,-6.816431879997253418e-02,2.327105253934860229e-01,-5.293511226773262024e-02,2.814580313861370087e-02,9.567056596279144287e-02,-1.096407845616340637e-01,-2.570956572890281677e-02,7.047552615404129028e-02,0.000000000000000000e+00,2.701739668846130371e-01,2.276156693696975708e-01,3.039822280406951904e-01,1.421508789062500000e-01,2.434442937374114990e-02,2.430053353309631348e-01,8.910323679447174072e-02,1.559659466147422791e-02,3.879037201404571533e-01,2.892432212829589844e-01,1.618930697441101074e-01,5.196961164474487305e-01,2.586089670658111572e-01,1.966324895620346069e-01,6.593970954418182373e-02,0.000000000000000000e+00
-6.449796259403228760e-02,1.708833724260330200e-01,2.280285507440567017e-01,2.907344102859497070e-01,1.630692034959793091e-01,9.120438992977142334e-02,2.052028924226760864e-01,8.548977784812450409e-03,3.034547269344329834e-01,1.000000000000000000e+00,8.034943020902574062e-04,6.411999464035034180e-01,3.355980813503265381e-01,-1.156087368726730347e-01,1.215240284800529480e-01,4.204205870628356934e-01,2.629464864730834961e-01,3.268597275018692017e-02,2.757019177079200745e-02,5.599446296691894531e-01,3.122430443763732910e-01,0.000000000000000000e+00,0.000000000000000000e+00,-3.373983502388000488e-02,-1.558921933174133301e-01,6.690185982733964920e-03,-4.819319769740104675e-02,-6.813796702772378922e-03,4.971107095479965210e-02,4.662060737609863281e-02,1.372507363557815552e-01,0.000000000000000000e+00,-1.114004850387573242e-01,-1.792170107364654541e-01,-2.601922675967216492e-02,-5.921245552599430084e-03,-1.721735447645187378e-01,-6.261544674634933472e-02,7.449321448802947998e-02,-9.248504787683486938e-02,2.083308696746826172e-01,1.868071854114532471e-01,2.963533997535705566e-01,3.915117681026458740e-01,2.266505211591720581e-01,5.041521191596984863e-01,8.033028244972229004e-02,0.000000000000000000e+00
5.299790948629379272e-02,-5.607214942574501038e-02,-1.683975756168365479e-01,2.704455982893705368e-03,3.202557936310768127e-02,3.875677287578582764e-02,-1.434589549899101257e-02,3.435190916061401367e-01,3.094468414783477783e-01,8.034943602979183197e-04,1.000000000000000000e+00,3.021007478237152100e-01,9.695608913898468018e-02,7.317750900983810425e-02,3.200686275959014893e-01,2.277095615863800049e-02,-7.978120446205139160e-02,2.033412605524063110e-01,-3.468463942408561707e-02,7.283861935138702393e-02,-3.539238125085830688e-02,0.000000000000000000e+00,0.000000000000000000e+00,6.804375909268856049e-03,1.078429911285638809e-02,-3.484083339571952820e-02,-2.939554303884506226e-02,-3.110690712928771973e-01,-2.168411761522293091e-01,-1.472632586956024170e-01,-1.040713638067245483e-01,0.000000000000000000e+00,-3.826037421822547913e-02,1.718553900718688965e-01,9.332030266523361206e-02,-3.507903963327407837e-02,1.215061023831367493e-01,1.496817022562026978e-01,-4.285121709108352661e-02,1.469705067574977875e-02,-1.188682112842798233e-02,-1.746857613325119019e-01,-1.122526526451110840e-01,4.392609000205993652e-02,-5.007445812225341797e-02,-3.026524744927883148e-02,1.901428997516632080e-01,0.000000000000000000e+00
-7.114158570766448975e-02,2.983262063935399055e-03,1.206870377063751221e-01,9.562437236309051514e-02,1.283308118581771851e-01,7.611977308988571167e-02,1.564982086420059204e-01,1.247363463044166565e-01,3.013407886028289795e-01,6.412000060081481934e-01,3.021007478237152100e-01,1.000000000000000000e+00,3.269537985324859619e-01,-3.635670244693756104e-02,4.490829408168792725e-01,3.990782797336578369e-01,1.048230603337287903e-01,1.504292488098144531e-01,-3.354074060916900635e-02,4.455503225326538086e-01,2.386066466569900513e-01,0.000000000000000000e+00,0.000000000000000000e+00,-6.069223210215568542e-02,-1.005569621920585632e-01,1.257694810628890991e-01,-8.315528184175491333e-02,-9.207335859537124634e-02,-9.030188433825969696e-03,-7.308326661586761475e-02,-9.815364331007003784e-02,0.000000000000000000e+00,-9.620332717895507812e-02,-1.532643437385559082e-01,-2.436580322682857513e-02,-1.106672286987304688e-01,-1.132412925362586975e-01,6.505381781607866287e-03,-9.772679209709167480e-02,-2.060575336217880249e-01,1.422269493341445923e-01,-1.264311671257019043e-01,-7.683756947517395020e-02,2.828323841094970703e-01,-1.310407966375350952e-01,1.621569544076919556e-01,1.944883465766906738e-01,0.000000000000000000e+00
-2.331163436174392700e-01,-1.806401759386062622e-01,3.246808350086212158e-01,2.662635445594787598e-01,-1.225527301430702209e-01,-8.476845175027847290e-02,3.441552519798278809e-01,-1.619984805583953857e-01,2.634796686470508575e-02,3.355980515480041504e-01,9.695608913898468018e-02,3.269537985324859619e-01,1.000000000000000000e+00,-4.197007510811090469e-03,1.924066543579101562e-01,3.710733056068420410e-01,3.189539909362792969e-01,4.634373355656862259e-03,1.539554148912429810e-01,4.636647403240203857e-01,2.595176994800567627e-01,0.000000000000000000e+00,0.000000000000000000e+00,2.201737314462661743e-01,-3.457294404506683350e-02,1.919930726289749146e-01,-3.151779472827911377e-01,-2.012907415628433228e-01,-1.599484682083129883e-01,1.659975647926330566e-01,1.722003370523452759e-01,0.000000000000000000e+00,-9.218867868185043335e-02,-7.229126244783401489e-02,-3.908620402216911316e-02,7.149161398410797119e-02,1.017723754048347473e-01,-9.502240270376205444e-02,5.512786284089088440e-02,-2.106224745512008667e-01,-2.791062742471694946e-02,-5.218223109841346741e-02,1.844346821308135986e-01,2.910181693732738495e-02,1.571001834236085415e-03,3.484399020671844482e-01,1.355115920305252075e-01,0.000000000000000000e+00
-3.463784456253051758e-01,-9.354345500469207764e-02,4.243018850684165955e-02,-2.018220424652099609e-01,1.725584082305431366e-02,4.427496343851089478e-02,7.419584691524505615e-02,5.415445566177368164e-02,-3.423179965466260910e-03,-1.156087368726730347e-01,7.317750900983810425e-02,-3.635670244693756104e-02,-4.197007510811090469e-03,1.000000000000000000e+00,8.896942436695098877e-02,-2.386851608753204346e-01,-2.702037990093231201e-02,-3.076542317867279053e-01,9.034201502799987793e-02,-2.824736386537551880e-02,-2.168897688388824463e-01,0.000000000000000000e+00,0.000000000000000000e+00,9.694946557283401489e-02,1.101294183172285557e-03,3.346900939941406250e-01,-8.693329989910125732e-02,1.063017547130584717e-01,-3.142951428890228271e-02,3.722996115684509277e-01,2.332071810960769653e-01,0.000000000000000000e+00,-6.638874858617782593e-02,-1.732505857944488525e-01,-8.497281372547149658e-02,1.450873073190450668e-02,1.363775879144668579e-01,-1.125408113002777100e-01,-2.139263451099395752e-01,1.025395467877388000e-01,-6.820457428693771362e-02,1.490142848342657089e-02,4.554482176899909973e-02,-6.280758976936340332e-02,5.155413225293159485e-02,6.194080039858818054e-02,-1.845086663961410522e-01,0.000000000000000000e+00
-5.956611782312393188e-02,-1.469611972570419312e-01,1.196769922971725464e-01,-4.204899817705154419e-02,1.096159666776657104e-01,1.815402805805206299e-01,3.082262873649597168e-01,1.906960457563400269e-01,1.511501967906951904e-01,1.215240284800529480e-01,3.200686275959014893e-01,4.490829408168792725e-01,1.924066543579101562e-01,8.896942436695098877e-02,1.000000000000000000e+00,4.129903018474578857e-01,1.970431357622146606e-01,1.721589453518390656e-02,7.566750049591064453e-02,6.701777130365371704e-02,1.775798946619033813e-01,0.000000000000000000e+00,0.000000000000000000e+00,-9.116441011428833008e-03,1.153482198715209961e-01,2.116319686174392700e-01,-1.413801461458206177e-01,-1.560322195291519165e-01,-2.757652401924133301e-01,2.135500498116016388e-02,-5.940461903810501099e-02,0.000000000000000000e+00,3.297378867864608765e-02,1.347315460443496704e-01,3.009721823036670685e-02,1.000834628939628601e-01,1.536758095026016235e-01,2.376894503831863403e-01,9.942580014467239380e-02,-3.069555163383483887e-01,5.664062500000000000e-02,-1.968514621257781982e-01,-2.035731971263885498e-01,2.304220199584960938e-01,-1.558823734521865845e-01,-1.149011999368667603e-01,1.704024225473403931e-01,0.000000000000000000e+00
5.638672038912773132e-02,5.601173639297485352e-02,2.194611430168151855e-01,2.201797366142272949e-01,1.136109977960586548e-01,1.139480248093605042e-01,2.266403585672378540e-01,6.091695278882980347e-02,5.816502124071121216e-02,4.204205870628356934e-01,2.277095615863800049e-02,3.990783095359802246e-01,3.710733056068420410e-01,-2.386851459741592407e-01,4.129903316497802734e-01,1.000000000000000000e+00,2.665188610553741455e-01,1.226954907178878784e-01,4.436726495623588562e-02,3.584355711936950684e-01,2.572941184043884277e-01,0.000000000000000000e+00,0.000000000000000000e+00,-5.412087589502334595e-02,7.586558815091848373e-03,-5.938819609582424164e-03,-5.169491842389106750e-02,-3.335107490420341492e-02,-2.985573187470436096e-02,-4.469547048211097717e-02,7.347126305103302002e-02,0.000000000000000000e+00,-4.172353819012641907e-02,2.195180952548980713e-02,7.080669701099395752e-02,1.853425353765487671e-01,-6.898408383131027222e-02,2.401445806026458740e-01,4.398818016052246094e-01,-2.618242800235748291e-01,1.604139208793640137e-01,4.208403080701828003e-02,9.912414103746414185e-02,2.066750973463058472e-01,8.991031348705291748e-02,1.898159384727478027e-01,1.365826576948165894e-01,0.000000000000000000e+00
-2.355122268199920654e-01,-3.075602278113365173e-02,5.450008511543273926e-01,4.897872507572174072e-01,7.063250988721847534e-02,1.457024216651916504e-01,7.153293490409851074e-01,-3.474343717098236084e-01,1.509194523096084595e-01,2.629464864730834961e-01,-7.978120446205139160e-02,1.048230603337287903e-01,3.189539909362792969e-01,-2.702037990093231201e-02,1.970431357622146606e-01,2.665188610553741455e-01,1.000000000000000000e+00,-1.180775687098503113e-01,4.497343599796295166e-01,1.790934652090072632e-01,4.483443796634674072e-01,0.000000000000000000e+00,0.000000000000000000e+00,2.192536592483520508e-01,-7.271853834390640259e-02,2.384458035230636597e-01,-3.864148855209350586e-01,-2.028892785310745239e-01,-2.720796763896942139e-01,2.516950964927673340e-01,3.087797462940216064e-01,0.000000000000000000e+00,-3.446605429053306580e-02,9.263353049755096436e-02,-5.859151110053062439e-02,1.402032822370529175e-01,1.786013990640640259e-01,-2.054997086524963379e-01,8.332952111959457397e-02,-3.998053446412086487e-02,5.372766405344009399e-02,2.103115618228912354e-01,4.442872405052185059e-01,3.149190843105316162e-01,1.658253818750381470e-01,3.018240034580230713e-01,8.763227611780166626e-03,0.000000000000000000e+00
2.648639976978302002e-01,5.186850205063819885e-02,-2.230410128831863403e-01,3.336890833452343941e-03,-8.547255396842956543e-02,-1.799032837152481079e-01,-2.854526042938232422e-01,1.407089531421661377e-01,-8.847002685070037842e-02,3.268596902489662170e-02,2.033412605524063110e-01,1.504292488098144531e-01,4.634373355656862259e-03,-3.076542317867279053e-01,1.721589453518390656e-02,1.226954907178878784e-01,-1.180775761604309082e-01,1.000000000000000000e+00,-1.287012547254562378e-01,9.654433280229568481e-02,8.381930738687515259e-02,0.000000000000000000e+00,0.000000000000000000e+00,-3.175178170204162598e-02,-3.927562758326530457e-02,-3.468423783779144287e-01,2.695904672145843506e-02,-8.128079771995544434e-02,2.494215369224548340e-01,-3.675066232681274414e-01,-1.809935718774795532e-01,0.000000000000000000e+00,-5.223365500569343567e-02,1.020740419626235962e-01,-5.028155446052551270e-02,-1.963742077350616455e-01,-1.315100938081741333e-01,9.645341336727142334e-02,4.758871719241142273e-02,1.268513407558202744e-02,4.540974274277687073e-02,-4.549288004636764526e-02,-7.138823717832565308e-02,-1.129497960209846497e-01,-1.037178337574005127e-01,-6.471958756446838379e-02,1.116821467876434326e-01,0.000000000000000000e+00
-6.223439797759056091e-02,3.370654955506324768e-02,3.080813288688659668e-01,2.364076822996139526e-01,4.767373949289321899e-02,1.552777588367462158e-01,3.992022573947906494e-01,-2.624604478478431702e-02,1.527077555656433105e-01,2.757019177079200745e-02,-3.468463942408561707e-02,-3.354074060916900635e-02,1.539554148912429810e-01,9.034201502799987793e-02,7.566750049591064453e-02,4.436726868152618408e-02,4.497343301773071289e-01,-1.287012547254562378e-01,1.000000000000000000e+00,7.010417431592941284e-02,8.679296821355819702e-02,0.000000000000000000e+00,0.000000000000000000e+00,1.074821650981903076e-01,1.122495681047439575e-01,2.124024033546447754e-01,-1.361792385578155518e-01,-3.206470981240272522e-02,-1.402028799057006836e-01,1.181864291429519653e-01,1.770749688148498535e-01,0.000000000000000000e+00,8.320018649101257324e-02,8.972138166427612305e-02,5.918268114328384399e-03,1.367477178573608398e-01,1.334319263696670532e-01,2.706975862383842468e-02,7.412598282098770142e-02,1.748816482722759247e-02,6.523223221302032471e-02,1.286881119012832642e-01,2.613291442394256592e-01,1.437662839889526367e-01,1.237249150872230530e-01,1.709906309843063354e-01,-4.144365340471267700e-02,0.000000000000000000e+00
-1.039724647998809814e-01,-5.971257761120796204e-02,1.008292883634567261e-01,1.680911034345626831e-01,-6.199686601758003235e-02,-1.054796874523162842e-01,1.327293813228607178e-01,-5.919783189892768860e-02,2.213794970884919167e-03,5.599446296691894531e-01,7.283861935138702393e-02,4.455502927303314209e-01,4.636647403240203857e-01,-2.824736572802066803e-02,6.701777130365371704e-02,3.584355711936950684e-01,1.790934652090072632e-01,9.654434025287628174e-02,7.010417431592941284e-02,1.000000000000000000e+00,2.851671278476715088e-01,0.000000000000000000e+00,0.000000000000000000e+00,3.455178113654255867e-03,-1.381758749485015869e-01,3.125036507844924927e-02,-9.291160851716995239e-02,-9.328579902648925781e-02,6.164992973208427429e-02,1.129142791032791138e-01,1.920810043811798096e-01,0.000000000000000000e+00,-2.380526661872863770e-01,-2.668709158897399902e-01,-1.762523651123046875e-01,-3.759386017918586731e-02,-2.021794617176055908e-01,-1.454904526472091675e-01,3.937644418329000473e-03,-1.399645656347274780e-01,-1.125688757747411728e-02,-1.386483479291200638e-02,3.124588429927825928e-01,-9.220344014465808868e-03,1.282316148281097412e-01,5.106392502784729004e-01,1.636199206113815308e-01,0.000000000000000000e+00
-7.240046560764312744e-02,-9.822486340999603271e-02,2.148099392652511597e-01,1.642514765262603760e-01,-9.245005995035171509e-02,-1.055634021759033203e-01,3.081080019474029541e-01,-3.203355669975280762e-01,-4.115891829133033752e-02,3.122430443763732910e-01,-3.539238125085830688e-02,2.386066466569900513e-01,2.595176994800567627e-01,-2.168897688388824463e-01,1.775798946619033813e-01,2.572941184043884277e-01,4.483443498611450195e-01,8.381930738687515259e-02,8.679296821355819702e-02,2.851671576499938965e-01,1.000000000000000000e+00,0.000000000000000000e+00,0.000000000000000000e+00,1.389610171318054199e-01,-1.755643934011459351e-01,-4.851940646767616272e-02,-1.818326413631439209e-01,-2.239520698785781860e-01,-1.732443124055862427e-01,8.837769925594329834e-02,1.276169568300247192e-01,0.000000000000000000e+00,-8.618412166833877563e-02,7.257014978677034378e-03,-6.379458308219909668e-02,-6.192166823893785477e-03,8.779078722000122070e-02,-1.990443766117095947e-01,-2.262908965349197388e-02,-1.149769946932792664e-01,5.570669658482074738e-03,-5.473363772034645081e-02,1.783004701137542725e-01,7.659015804529190063e-02,-1.101543679833412170e-01,1.390728801488876343e-01,1.731920987367630005e-01,0.000000000000000000e+00
0.000000000000000000e+00,0.000000000000000000e+00,0.000000000000000000e+00,0.000000000000000000e+00,0.000000000000000000e+00,0.000000000000000000e+00,0.000000000000000000e+00,0.000000000000000000e+00,0.000000000000000000e+00,0.000000000000000000e+00,0.000000000000000000e+00,0.000000000000000000e+00,0.000000000000000000e+00,0.000000000000000000e+00,0.000000000000000000e+00,0.000000000000000000e+00,0.000000000000000000e+00,0.000000000000000000e+00,0.000000000000000000e+00,0.000000000000000000e+00,0.000000000000000000e+00,1.000000000000000000e+00,0.000000000000000000e+00,0.000000000000000000e+00,0.000000000000000000e+00,0.000000000000000000e+00,0.000000000000000000e+00,0.000000000000000000e+00,0.000000000000000000e+00,0.000000000000000000e+00,0.000000000000000000e+00,0.000000000000000000e+00,0.000000000000000000e+00,0.000000000000000000e+00,0.000000000000000000e+00,0.000000000000000000e+00,0.000000000000000000e+00,0.000000000000000000e+00,0.000000000000000000e+00,0.000000000000000000e+00,0.000000000000000000e+00,0.000000000000000000e+00,0.000000000000000000e+00,0.000000000000000000e+00,0.000000000000000000e+00,0.000000000000000000e+00,0.000000000000000000e+00,0.000000000000000000e+00
0.000000000000000000e+00,0.000000000000000000e+00,0.000000000000000000e+00,0.000000000000000000e+00,0.000000000000000000e+00,0.000000000000000000e+00,0.000000000000000000e+00,0.000000000000000000e+00,0.000000000000000000e+00,0.000000000000000000e+00,0.000000000000000000e+00,0.000000000000000000e+00,0.000000000000000000e+00,0.000000000000000000e+00,0.000000000000000000e+00,0.000000000000000000e+00,0.000000000000000000e+00,0.000000000000000000e+00,0.000000000000000000e+00,0.000000000000000000e+00,0.000000000000000000e+00,0.000000000000000000e+00,1.000000000000000000e+00,0.000000000000000000e+00,0.000000000000000000e+00,0.000000000000000000e+00,0.000000000000000000e+00,0.000000000000000000e+00,0.000000000000000000e+00,0.000000000000000000e+00,0.000000000000000000e+00,0.000000000000000000e+00,0.000000000000000000e+00,0.000000000000000000e+00,0.000000000000000000e+00,0.000000000000000000e+00,0.000000000000000000e+00,0.000000000000000000e+00,0.000000000000000000e+00,0.000000000000000000e+00,0.000000000000000000e+00,0.000000000000000000e+00,0.000000000000000000e+00,0.000000000000000000e+00,0.000000000000000000e+00,0.000000000000000000e+00,0.000000000000000000e+00,0.000000000000000000e+00
-2.696778178215026855e-01,-1.717527508735656738e-01,2.101835161447525024e-01,1.482028216123580933e-01,-1.410144418478012085e-01,-4.328350722789764404e-02,2.685457170009613037e-01,-3.097881972789764404e-01,-6.816431879997253418e-02,-3.373983129858970642e-02,6.804375909268856049e-03,-6.069223210215568542e-02,2.201737314462661743e-01,9.694946557283401489e-02,-9.116441011428833008e-03,-5.412087216973304749e-02,2.192536592483520508e-01,-3.175178170204162598e-02,1.074821650981903076e-01,3.455178113654255867e-03,1.389610171318054199e-01,0.000000000000000000e+00,0.000000000000000000e+00,1.000000000000000000e+00,-1.433820929378271103e-02,1.519007086753845215e-01,-2.952434122562408447e-01,-2.673659026622772217e-01,-2.626243531703948975e-01,2.605446875095367432e-01,2.228406071662902832e-01,0.000000000000000000e+00,7.526687346398830414e-03,1.169069632887840271e-01,1.261723935604095459e-01,1.417671889066696167e-01,2.217136621475219727e-01,-1.592861413955688477e-01,-1.572773046791553497e-02,1.064640283584594727e-02,-1.039151996374130249e-01,-4.082613810896873474e-02,6.166874617338180542e-02,-9.555533528327941895e-02,-3.076668456196784973e-02,7.965141534805297852e-02,9.101005643606185913e-02,0.000000000000000000e+00
4.511854946613311768e-01,2.270223796367645264e-01,8.183747529983520508e-02,-2.859235182404518127e-02,7.728767395019531250e-02,6.997331976890563965e-02,-1.048191357403993607e-02,2.422815859317779541e-01,2.327105253934860229e-01,-1.558921933174133301e-01,1.078429911285638809e-02,-1.005569621920585632e-01,-3.457294404506683350e-02,1.101294183172285557e-03,1.153482198715209961e-01,7.586558815091848373e-03,-7.271853834390640259e-02,-3.927562758326530457e-02,1.122495681047439575e-01,-1.381758749485015869e-01,-1.755643934011459351e-01,0.000000000000000000e+00,0.000000000000000000e+00,-1.433820929378271103e-02,1.000000000000000000e+00,3.001655265688896179e-02,2.457672208547592163e-01,2.740949988365173340e-01,-7.463845610618591309e-02,-8.262465149164199829e-02,-1.450161933898925781e-01,0.000000000000000000e+00,6.286394000053405762e-01,1.863699108362197876e-01,1.866090446710586548e-01,-4.344132170081138611e-02,-8.150079287588596344e-03,1.888138502836227417e-01,-1.462023332715034485e-02,-6.736686825752258301e-02,3.118886649608612061e-01,-6.760887056589126587e-02,-1.324081271886825562e-01,-3.290379652753472328e-03,-1.580307260155677795e-02,-1.748435199260711670e-01,5.012430250644683838e-02,0.000000000000000000e+00
-4.111497998237609863e-01,-3.721592426300048828e-01,5.379419922828674316e-01,5.140197277069091797e-02,-1.453775465488433838e-01,5.145507864654064178e-03,5.209071636199951172e-01,-2.352501600980758667e-01,-5.293511226773262024e-02,6.690185982733964920e-03,-3.484083339571952820e-02,1.257694810628890991e-01,1.919930726289749146e-01,3.346900939941406250e-01,2.116319686174392700e-01,-5.938819609582424164e-03,2.384458035230636597e-01,-3.468423783779144287e-01,2.124024033546447754e-01,3.125036507844924927e-02,-4.851940646767616272e-02,0.000000000000000000e+00,0.000000000000000000e+00,1.519007086753845215e-01,3.001655265688896179e-02,1.000000000000000000e+00,-2.154777646064758301e-01,-1.869933754205703735e-01,-2.026160806417465210e-01,4.183659851551055908e-01,1.341188699007034302e-01,0.000000000000000000e+00,-8.930245786905288696e-02,-2.357334196567535400e-01,-1.566649973392486572e-01,1.141202077269554138e-01,7.962295413017272949e-02,-2.209037840366363525e-01,-1.363463103771209717e-01,-3.531850129365921021e-02,-1.771370172500610352e-01,-3.013757467269897461e-01,-8.628550171852111816e-02,-6.780618429183959961e-02,-2.439238280057907104e-01,-8.059917390346527100e-02,-1.581855863332748413e-01,0.000000000000000000e+00
4.860787391662597656e-01,3.318553268909454346e-01,-3.094259798526763916e-01,-3.604939579963684082e-01,9.226625412702560425e-02,4.030010849237442017e-02,-3.871133625507354736e-01,3.203969597816467285e-01,2.814580313861370087e-02,-4.819319769740104675e-02,-2.939554303884506226e-02,-8.315528184175491333e-02,-3.151779472827911377e-01,-8.693329989910125732e-02,-1.413801461458206177e-01,-5.169491842389106750e-02,-3.864149153232574463e-01,2.695904672145843506e-02,-1.361792385578155518e-01,-9.291160851716995239e-02,-1.818326413631439209e-01,0.000000000000000000e+00,0.000000000000000000e+00,-2.952434122562408447e-01,2.457672208547592163e-01,-2.154777646064758301e-01,1.000000000000000000e+00,2.523382008075714111e-01,1.698484271764755249e-01,-3.086492717266082764e-01,-2.566848695278167725e-01,0.000000000000000000e+00,3.469776809215545654e-01,-1.518994122743606567e-01,-4.946624487638473511e-02,-2.414047420024871826e-01,-7.361159473657608032e-02,1.390093415975570679e-01,-7.026351243257522583e-02,2.172495797276496887e-02,3.399885296821594238e-01,-1.155478432774543762e-01,-3.154712319374084473e-01,-1.074902713298797607e-01,-1.142026633024215698e-01,-3.051109015941619873e-01,-2.327681286260485649e-03,0.000000000000000000e+00
2.226900905370712280e-01,4.462164938449859619e-01,-1.707094311714172363e-01,-1.725993901491165161e-01,4.244064390659332275e-01,2.085515260696411133e-01,-3.301938474178314209e-01,2.738308012485504150e-01,9.567056596279144287e-02,-6.813797168433666229e-03,-3.110690712928771973e-01,-9.207335859537124634e-02,-2.012907415628433228e-01,1.063017547130584717e-01,-1.560322195291519165e-01,-3.335107490420341492e-02,-2.028892636299133301e-01,-8.128079771995544434e-02,-3.206470981240272522e-02,-9.328579902648925781e-02,-2.239520698785781860e-01,0.000000000000000000e+00,0.000000000000000000e+00,-2.673659026622772217e-01,2.740949988365173340e-01,-1.869933754205703735e-01,2.523382008075714111e-01,1.000000000000000000e+00,5.060431957244873047e-01,-7.515484094619750977e-02,-3.506189584732055664e-02,0.000000000000000000e+00,2.984974980354309082e-01,-8.181358873844146729e-02,6.392015516757965088e-02,-9.582843631505966187e-02,-2.308829575777053833e-01,1.421378850936889648e-01,-6.404049694538116455e-02,-5.670854821801185608e-02,3.466420173645019531e-01,3.965693116188049316e-01,9.128359705209732056e-02,1.962956786155700684e-01,1.985431760549545288e-01,6.830558925867080688e-02,-6.857252120971679688e-02,0.000000000000000000e+00
1.537431776523590088e-01,2.619396746158599854e-01,-2.213979810476303101e-01,-5.376369506120681763e-02,1.807255595922470093e-01,-9.786149114370346069e-02,-4.228457212448120117e-01,2.019662111997604370e-01,-1.096407845616340637e-01,4.971107095479965210e-02,-2.168411761522293091e-01,-9.030188433825969696e-03,-1.599484682083129883e-01,-3.142951428890228271e-02,-2.757652401924133301e-01,-2.985573187470436096e-02,-2.720796763896942139e-01,2.494215369224548340e-01,-1.402028799057006836e-01,6.164992973208427429e-02,-1.732443124055862427e-01,0.000000000000000000e+00,0.000000000000000000e+00,-2.626243531703948975e-01,-7.463845610618591309e-02,-2.026160806417465210e-01,1.698484271764755249e-01,5.060431957244873047e-01,1.000000000000000000e+00,-8.450810611248016357e-02,-1.307478733360767365e-02,0.000000000000000000e+00,-1.025451794266700745e-01,-2.052159458398818970e-01,-2.045030705630779266e-02,-1.333696544170379639e-01,-3.627435564994812012e-01,1.203522831201553345e-01,1.705235801637172699e-02,1.281087845563888550e-01,6.251194328069686890e-02,2.719498276710510254e-01,1.426788717508316040e-01,3.121519926935434341e-03,1.460285186767578125e-01,1.469693332910537720e-01,-6.438781321048736572e-02,0.000000000000000000e+00
-5.305767655372619629e-01,-1.893976032733917236e-01,3.731482326984405518e-01,1.048423126339912415e-01,7.611526176333427429e-03,2.068992704153060913e-02,3.540488779544830322e-01,-3.184342086315155029e-01,-2.570956572890281677e-02,4.662060737609863281e-02,-1.472632586956024170e-01,-7.308326661586761475e-02,1.659975647926330566e-01,3.722996115684509277e-01,2.135500498116016388e-02,-4.469546675682067871e-02,2.516950964927673340e-01,-3.675066232681274414e-01,1.181864291429519653e-01,1.129142791032791138e-01,8.837769925594329834e-02,0.000000000000000000e+00,0.000000000000000000e+00,2.605446875095367432e-01,-8.262465149164199829e-02,4.183659851551055908e-01,-3.086492717266082764e-01,-7.515484094619750977e-02,-8.450810611248016357e-02,1.000000000000000000e+00,6.462790369987487793e-01,0.000000000000000000e+00,-2.650654315948486328e-01,-9.182602912187576294e-02,4.004853591322898865e-02,4.430371820926666260e-01,3.386680036783218384e-02,-2.165616154670715332e-01,1.299552470445632935e-01,-6.218545883893966675e-02,-1.179917156696319580e-01,7.323043793439865112e-02,3.340410292148590088e-01,-4.381040856242179871e-02,4.022920504212379456e-02,2.914833724498748779e-01,-7.162506878376007080e-02,0.000000000000000000e+00
-4.245474040508270264e-01,-1.337230205535888672e-02,2.258336991071701050e-01,2.313977628946304321e-01,1.395327150821685791e-01,1.270024776458740234e-01,2.881871461868286133e-01,-2.428937107324600220e-01,7.047552615404129028e-02,1.372507363557815552e-01,-1.040713638067245483e-01,-9.815364331007003784e-02,1.722003370523452759e-01,2.332071810960769653e-01,-5.940461903810501099e-02,7.347126305103302002e-02,3.087797462940216064e-01,-1.809935718774795532e-01,1.770749688148498535e-01,1.920810192823410034e-01,1.276169568300247192e-01,0.000000000000000000e+00,0.000000000000000000e+00,2.228406071662902832e-01,-1.450161933898925781e-01,1.341188699007034302e-01,-2.566848695278167725e-01,-3.506189584732055664e-02,-1.307478733360767365e-02,6.462790369987487793e-01,1.000000000000000000e+00,0.000000000000000000e+00,-2.308609336614608765e-01,1.357594877481460571e-01,1.524321287870407104e-01,6.140343546867370605e-01,-2.340952306985855103e-02,-4.514176771044731140e-02,4.143145978450775146e-01,3.375114127993583679e-02,-8.210650086402893066e-02,2.231657207012176514e-01,5.231795907020568848e-01,3.670241683721542358e-02,1.958061307668685913e-01,4.176198542118072510e-01,2.929947804659605026e-03,0.000000000000000000e+00
0.000000000000000000e+00,0.000000000000000000e+00,0.000000000000000000e+00,0.000000000000000000e+00,0.000000000000000000e+00,0.000000000000000000e+00,0.000000000000000000e+00,0.000000000000000000e+00,0.000000000000000000e+00,0.000000000000000000e+00,0.000000000000000000e+00,0.000000000000000000e+00,0.000000000000000000e+00,0.000000000000000000e+00,0.000000000000000000e+00,0.000000000000000000e+00,0.000000000000000000e+00,0.000000000000000000e+00,0.000000000000000000e+00,0.000000000000000000e+00,0.000000000000000000e+00,0.000000000000000000e+00,0.000000000000000000e+00,0.000000000000000000e+00,0.000000000000000000e+00,0.000000000000000000e+00,0.000000000000000000e+00,0.000000000000000000e+00,0.000000000000000000e+00,0.000000000000000000e+00,0.000000000000000000e+00,1.000000000000000000e+00,0.000000000000000000e+00,0.000000000000000000e+00,0.000000000000000000e+00,0.000000000000000000e+00,0.000000000000000000e+00,0.000000000000000000e+00,0.000000000000000000e+00,0.000000000000000000e+00,0.000000000000000000e+00,0.000000000000000000e+00,0.000000000000000000e+00,0.000000000000000000e+00,0.000000000000000000e+00,0.000000000000000000e+00,0.000000000000000000e+00,0.000000000000000000e+00
