1.000000000000000000e+00,1.202329918742179871e-01,3.146143853664398193e-01,3.485585451126098633e-01,3.072498142719268799e-01,4.609332978725433350e-01,1.239572167396545410e-01,2.797902524471282959e-01,1.288652122020721436e-01,-1.760546565055847168e-01,-3.626952320337295532e-02,-2.972275614738464355e-01,-1.334437429904937744e-01,3.619839251041412354e-02,-2.857440412044525146e-01,-1.054277941584587097e-01,1.356042027473449707e-01,0.000000000000000000e+00,3.030335307121276855e-01,-1.390236765146255493e-01,0.000000000000000000e+00,0.000000000000000000e+00,0.000000000000000000e+00,-1.750718802213668823e-01,4.456736445426940918e-01,-9.471191093325614929e-03,4.493408501148223877e-01,7.457083463668823242e-01,4.845485687255859375e-01,1.897714734077453613e-01,2.436085790395736694e-01,0.000000000000000000e+00,2.651371657848358154e-01,-9.057848900556564331e-02,5.950383096933364868e-02,3.455784916877746582e-01,-6.743661314249038696e-02,-1.530355066061019897e-01,1.996888220310211182e-01,3.566624820232391357e-01,4.257758855819702148e-01,3.969489634037017822e-01,3.408260345458984375e-01,1.955861002206802368e-01,2.227886468172073364e-01,-2.451918721199035645e-01,0.000000000000000000e+00,0.000000000000000000e+00
1.202329918742179871e-01,1.000000000000000000e+00,-4.622470438480377197e-01,-8.744515478610992432e-02,4.888324141502380371e-01,4.410851895809173584e-01,2.098385840654373169e-01,4.958494007587432861e-01,6.980656981468200684e-01,1.160360053181648254e-01,4.381537437438964844e-01,-3.406902542337775230e-03,8.709838986396789551e-02,3.664931952953338623e-01,1.361493915319442749e-01,-1.364215612411499023e-01,-2.791355252265930176e-01,0.000000000000000000e+00,-2.594296634197235107e-01,-9.894655644893646240e-02,0.000000000000000000e+00,0.000000000000000000e+00,0.000000000000000000e+00,9.139268100261688232e-02,2.917810678482055664e-01,-4.932150244712829590e-01,3.683111071586608887e-01,1.830114126205444336e-01,2.695202827453613281e-01,2.476425282657146454e-02,1.731344014406204224e-01,0.000000000000000000e+00,2.880959808826446533e-01,2.805563509464263916e-01,5.091702342033386230e-01,3.582755029201507568e-01,-1.135369762778282166e-01,3.733443915843963623e-01,3.502592742443084717e-01,1.410651355981826782e-01,6.539090275764465332e-01,6.555585265159606934e-01,8.229854702949523926e-02,7.149820327758789062e-01,5.817360281944274902e-01,9.532266855239868164e-02,0.000000000000000000e+00,0.000000000000000000e+00
3.146143853664398193e-01,-4.622470438480377197e-01,1.000000000000000000e+00,3.860566914081573486e-01,-5.006021261215209961e-01,-1.063762605190277100e-01,2.412456646561622620e-02,-2.620729207992553711e-01,-4.699806869029998779e-01,-2.458130270242691040e-01,-4.025349318981170654e-01,-2.513192892074584961e-01,-2.272801995277404785e-01,-2.962186634540557861e-01,-2.949138879776000977e-01,-1.304691880941390991e-01,3.396800160408020020e-01,0.000000000000000000e+00,2.892405092716217041e-01,5.601555854082107544e-02,0.000000000000000000e+00,0.000000000000000000e+00,0.000000000000000000e+00,-2.300417721271514893e-01,-2.930438518524169922e-01,2.349564880132675171e-01,-7.873990386724472046e-02,2.835847437381744385e-01,1.688323020935058594e-01,3.778693079948425293e-01,8.617423474788665771e-02,0.000000000000000000e+00,-1.738973259925842285e-01,-3.802548348903656006e-01,-1.879329532384872437e-01,8.267673850059509277e-02,-1.072406098246574402e-01,-2.650522589683532715e-01,-1.089052632451057434e-01,-4.647128656506538391e-02,-2.564910948276519775e-01,-9.689541906118392944e-02,2.510088980197906494e-01,-2.358987331390380859e-01,-8.826100826263427734e-02,-1.522587984800338745e-01,0.000000000000000000e+00,0.000000000000000000e+00
3.485585451126098633e-01,-8.744515478610992432e-02,3.860566914081573486e-01,1.000000000000000000e+00,1.162693575024604797e-01,4.691862165927886963e-01,6.391682624816894531e-01,3.023854643106460571e-02,-1.174173317849636078e-02,-2.866086363792419434e-01,-1.869856119155883789e-01,-4.114126861095428467e-01,-1.807371228933334351e-01,-1.256333291530609131e-01,-3.201619982719421387e-01,-3.006529808044433594e-01,5.502339005470275879e-01,0.000000000000000000e+00,1.602268964052200317e-01,-3.369012475013732910e-01,0.000000000000000000e+00,0.000000000000000000e+00,0.000000000000000000e+00,-1.857836544513702393e-01,1.871432177722454071e-02,1.067169606685638428e-01,8.631574362516403198e-02,4.987260699272155762e-01,5.850864052772521973e-01,2.630282640457153320e-01,1.619715988636016846e-01,0.000000000000000000e+00,9.819225221872329712e-02,-3.921668827533721924e-01,1.290397346019744873e-01,3.347349762916564941e-01,-4.599886760115623474e-02,-6.312422454357147217e-02,5.808871239423751831e-02,7.199157029390335083e-02,1.650515943765640259e-01,1.445889770984649658e-01,2.611204981803894043e-01,1.192424073815345764e-01,1.058736518025398254e-01,-1.710191071033477783e-01,0.000000000000000000e+00,0.000000000000000000e+00
3.072498142719268799e-01,4.888324141502380371e-01,-5.006021261215209961e-01,1.162693575024604797e-01,1.000000000000000000e+00,6.249141693115234375e-01,1.918791383504867554e-01,4.253335893154144287e-01,5.084921121597290039e-01,-3.719164058566093445e-02,2.823063433170318604e-01,-1.735031902790069580e-01,2.305037155747413635e-02,2.336982190608978271e-01,-6.480332463979721069e-02,-1.232167854905128479e-01,-1.281417310237884521e-01,0.000000000000000000e+00,1.324668154120445251e-02,-2.859669327735900879e-01,0.000000000000000000e+00,0.000000000000000000e+00,0.000000000000000000e+00,1.574112288653850555e-02,4.784184694290161133e-01,-2.057775557041168213e-01,3.582422435283660889e-01,3.505653440952301025e-01,3.470279276371002197e-01,-2.436051219701766968e-01,1.429743766784667969e-01,0.000000000000000000e+00,3.688185214996337891e-01,1.571957021951675415e-01,2.514696717262268066e-01,3.138600587844848633e-01,8.905493468046188354e-02,1.121712028980255127e-01,2.525610327720642090e-01,3.449006378650665283e-01,6.345595121383666992e-01,3.784199357032775879e-01,7.576175034046173096e-02,3.736094832420349121e-01,2.883061766624450684e-01,-4.212488234043121338e-02,0.000000000000000000e+00,0.000000000000000000e+00
4.609332978725433350e-01,4.410851895809173584e-01,-1.063762605190277100e-01,4.691862165927886963e-01,6.249141693115234375e-01,1.000000000000000000e+00,5.413228273391723633e-01,3.164488673210144043e-01,4.522738456726074219e-01,-1.269905269145965576e-01,1.314309984445571899e-01,-3.068902194499969482e-01,-6.769416853785514832e-03,1.030699014663696289e-01,-9.524898231029510498e-02,-1.878003925085067749e-01,7.088666409254074097e-02,0.000000000000000000e+00,-8.122135698795318604e-02,-3.712726235389709473e-01,0.000000000000000000e+00,0.000000000000000000e+00,0.000000000000000000e+00,-8.282215148210525513e-02,2.939979434013366699e-01,-2.988369762897491455e-01,2.362838387489318848e-01,5.949037671089172363e-01,6.361621022224426270e-01,1.376030743122100830e-01,3.322792649269104004e-01,0.000000000000000000e+00,2.162502855062484741e-01,-1.189861372113227844e-01,3.896397948265075684e-01,6.153678297996520996e-01,-1.828545778989791870e-01,1.402499675750732422e-01,4.411408007144927979e-01,4.075669050216674805e-01,6.459447741508483887e-01,5.498968362808227539e-01,2.807268798351287842e-01,4.421291649341583252e-01,4.399094581604003906e-01,-9.228798560798168182e-03,0.000000000000000000e+00,0.000000000000000000e+00
1.239572167396545410e-01,2.098385840654373169e-01,2.412456646561622620e-02,6.391682624816894531e-01,1.918791383504867554e-01,5.413228273391723633e-01,1.000000000000000000e+00,6.701384484767913818e-02,2.737908363342285156e-01,-5.015863850712776184e-02,2.813768945634365082e-02,-1.757428646087646484e-01,9.601866453886032104e-02,5.817412957549095154e-02,1.108853369951248169e-01,-7.587600499391555786e-02,4.863853454589843750e-01,0.000000000000000000e+00,-1.148319020867347717e-01,-2.995778322219848633e-01,0.000000000000000000e+00,0.000000000000000000e+00,0.000000000000000000e+00,7.576791197061538696e-02,9.862547367811203003e-02,-7.155955582857131958e-02,2.021217485889792442e-03,3.290304243564605713e-01,5.957617163658142090e-01,4.195876419544219971e-01,1.933669149875640869e-01,0.000000000000000000e+00,-4.822169244289398193e-02,-2.487902492284774780e-01,2.875975668430328369e-01,3.726963400840759277e-01,-1.428155601024627686e-01,2.216843962669372559e-01,3.042384982109069824e-01,8.956029266119003296e-02,3.367531299591064453e-01,3.978668153285980225e-01,3.004089295864105225e-01,2.892934679985046387e-01,3.067139089107513428e-01,1.386148929595947266e-01,0.000000000000000000e+00,0.000000000000000000e+00
2.797902524471282959e-01,4.958494007587432861e-01,-2.620729207992553711e-01,3.023854643106460571e-02,4.253335893154144287e-01,3.164488673210144043e-01,6.701384484767913818e-02,1.000000000000000000e+00,6.188926696777343750e-01,-2.677692100405693054e-02,5.714325904846191406e-01,-1.509240865707397461e-01,1.038667559623718262e-01,5.199342966079711914e-01,6.581196188926696777e-02,-1.417273879051208496e-01,-9.036047011613845825e-02,0.000000000000000000e+00,1.702930405735969543e-02,-2.660531699657440186e-01,0.000000000000000000e+00,0.000000000000000000e+00,0.000000000000000000e+00,-3.549549437593668699e-04,5.456188917160034180e-01,-2.824930846691131592e-01,5.979937911033630371e-01,2.674224078655242920e-01,2.785277962684631348e-01,-3.506161272525787354e-02,3.755928575992584229e-02,0.000000000000000000e+00,5.166651606559753418e-01,5.228337645530700684e-01,4.081312716007232666e-01,2.873203754425048828e-01,3.612643182277679443e-01,3.626457750797271729e-01,3.850006163120269775e-01,1.693848371505737305e-01,5.213401913642883301e-01,4.316464364528656006e-01,1.939549297094345093e-01,5.750243067741394043e-01,4.188902080059051514e-01,-6.380920857191085815e-02,0.000000000000000000e+00,0.000000000000000000e+00
1.288652122020721436e-01,6.980657577514648438e-01,-4.699806571006774902e-01,-1.174173410981893539e-02,5.084921121597290039e-01,4.522738754749298096e-01,2.737908363342285156e-01,6.188926696777343750e-01,1.000000000000000000e+00,1.750820875167846680e-01,6.460709571838378906e-01,5.349101871252059937e-02,1.440326571464538574e-01,4.240208268165588379e-01,3.138382136821746826e-01,-1.059317309409379959e-02,-9.275214374065399170e-02,0.000000000000000000e+00,-2.380187362432479858e-01,-3.030383884906768799e-01,0.000000000000000000e+00,0.000000000000000000e+00,0.000000000000000000e+00,1.281611025333404541e-01,4.680612981319427490e-01,-4.110690653324127197e-01,2.713660895824432373e-01,1.696139276027679443e-01,2.844069004058837891e-01,-4.414815828204154968e-02,9.833531826734542847e-02,0.000000000000000000e+00,3.437177240848541260e-01,3.962388932704925537e-01,5.026139020919799805e-01,3.514564335346221924e-01,1.503951847553253174e-01,4.047529101371765137e-01,4.961121380329132080e-01,2.167871743440628052e-01,5.491989850997924805e-01,5.631232857704162598e-01,2.012465447187423706e-01,6.770003437995910645e-01,5.192159414291381836e-01,7.326947152614593506e-02,0.000000000000000000e+00,0.000000000000000000e+00
-1.760546565055847168e-01,1.160360053181648254e-01,-2.458130270242691040e-01,-2.866086363792419434e-01,-3.719164058566093445e-02,-1.269905269145965576e-01,-5.015863850712776184e-02,-2.677692100405693054e-02,1.750820726156234741e-01,1.000000000000000000e+00,4.290557503700256348e-01,7.740818858146667480e-01,2.553391158580780029e-01,9.676063060760498047e-02,4.577705562114715576e-01,6.275305151939392090e-01,1.576099544763565063e-01,0.000000000000000000e+00,-3.319934308528900146e-01,1.675428003072738647e-01,0.000000000000000000e+00,0.000000000000000000e+00,0.000000000000000000e+00,1.574582159519195557e-01,2.450378611683845520e-02,1.269490271806716919e-01,-1.460222620517015457e-02,-9.201020002365112305e-02,-3.528102338314056396e-01,-2.212292328476905823e-02,-3.135946094989776611e-01,0.000000000000000000e+00,-7.641284167766571045e-02,2.733332812786102295e-01,3.504932299256324768e-02,-3.511945307254791260e-01,9.076840430498123169e-02,-1.748736053705215454e-01,1.400345265865325928e-01,1.537573188543319702e-01,-2.367260605096817017e-01,4.272364452481269836e-02,1.564731597900390625e-01,-1.548202037811279297e-01,-1.735931783914566040e-01,6.668202280998229980e-01,0.000000000000000000e+00,0.000000000000000000e+00
-3.626952320337295532e-02,4.381537437438964844e-01,-4.025349318981170654e-01,-1.869856119155883789e-01,2.823063433170318604e-01,1.314309984445571899e-01,2.813768945634365082e-02,5.714325904846191406e-01,6.460709571838378906e-01,4.290557503700256348e-01,1.000000000000000000e+00,3.712686002254486084e-01,3.795679509639739990e-01,5.032452940940856934e-01,4.885424375534057617e-01,2.574089467525482178e-01,-1.272716186940670013e-02,0.000000000000000000e+00,-2.783948481082916260e-01,-1.579119563102722168e-01,0.000000000000000000e+00,0.000000000000000000e+00,0.000000000000000000e+00,1.367518007755279541e-01,4.073272049427032471e-01,-2.683006525039672852e-01,2.925520539283752441e-01,1.110655907541513443e-02,-6.869434379041194916e-03,-7.749655097723007202e-02,-2.048716247081756592e-01,0.000000000000000000e+00,3.270331919193267822e-01,6.522182822227478027e-01,3.591744005680084229e-01,3.676537796854972839e-02,3.316940665245056152e-01,2.788002192974090576e-01,4.437333345413208008e-01,1.625062823295593262e-01,2.435329854488372803e-01,3.422785997390747070e-01,2.200428694486618042e-01,3.861064910888671875e-01,2.501950860023498535e-01,3.057151436805725098e-01,0.000000000000000000e+00,0.000000000000000000e+00
-2.972275614738464355e-01,-3.406902542337775230e-03,-2.513192892074584961e-01,-4.114126861095428467e-01,-1.735031902790069580e-01,-3.068902194499969482e-01,-1.757428646087646484e-01,-1.509240865707397461e-01,5.349101871252059937e-02,7.740818858146667480e-01,3.712686002254486084e-01,1.000000000000000000e+00,3.067840635776519775e-01,-1.973154721781611443e-03,6.028393507003784180e-01,7.256347537040710449e-01,2.430625818669795990e-02,0.000000000000000000e+00,-4.095197916030883789e-01,2.349679768085479736e-01,0.000000000000000000e+00,0.000000000000000000e+00,0.000000000000000000e+00,2.199928313493728638e-01,-6.359352171421051025e-02,1.582632958889007568e-01,-1.515592187643051147e-01,-2.854225635528564453e-01,-4.742235243320465088e-01,-7.128563523292541504e-02,-3.752509057521820068e-01,0.000000000000000000e+00,-1.452010124921798706e-01,3.869421184062957764e-01,-1.191637571901082993e-02,-5.285424590110778809e-01,1.527300477027893066e-01,-1.576510667800903320e-01,6.387441605329513550e-02,4.185081459581851959e-03,-3.869971632957458496e-01,-1.526448875665664673e-01,-3.326268866658210754e-02,-3.008756339550018311e-01,-3.488228023052215576e-01,5.232136845588684082e-01,0.000000000000000000e+00,0.000000000000000000e+00
-1.334437429904937744e-01,8.709838986396789551e-02,-2.272801995277404785e-01,-1.807371228933334351e-01,2.305037155747413635e-02,-6.769416853785514832e-03,9.601866453886032104e-02,1.038667559623718262e-01,1.440326571464538574e-01,2.553391158580780029e-01,3.795679509639739990e-01,3.067840635776519775e-01,1.000000000000000000e+00,2.153335958719253540e-01,4.955424964427947998e-01,3.277190327644348145e-01,-6.271590292453765869e-02,0.000000000000000000e+00,-2.384739667177200317e-01,9.639648348093032837e-02,0.000000000000000000e+00,0.000000000000000000e+00,0.000000000000000000e+00,3.202423080801963806e-02,1.742918491363525391e-01,4.548960551619529724e-02,-1.246567699126899242e-03,-8.852320909500122070e-02,-8.862176537513732910e-02,1.460802108049392700e-01,-7.566646486520767212e-02,0.000000000000000000e+00,-2.365502342581748962e-02,3.286290764808654785e-01,1.763251721858978271e-01,-7.041338086128234863e-02,8.297479897737503052e-02,2.276902347803115845e-01,2.446836978197097778e-01,1.365739107131958008e-02,9.919905662536621094e-02,1.256674975156784058e-01,-4.178070276975631714e-02,1.876116916537284851e-02,3.859860124066472054e-03,1.911628693342208862e-01,0.000000000000000000e+00,0.000000000000000000e+00
3.619839251041412354e-02,3.664931952953338623e-01,-2.962186634540557861e-01,-1.256333291530609131e-01,2.336982190608978271e-01,1.030698940157890320e-01,5.817413330078125000e-02,5.199342966079711914e-01,4.240208566188812256e-01,9.676063060760498047e-02,5.032452940940856934e-01,-1.973154721781611443e-03,2.153335958719253540e-01,1.000000000000000000e+00,2.625684440135955811e-01,-1.917081512510776520e-02,2.014405466616153717e-02,0.000000000000000000e+00,8.344079554080963135e-02,-3.586634248495101929e-02,0.000000000000000000e+00,0.000000000000000000e+00,0.000000000000000000e+00,6.856841035187244415e-03,3.701124787330627441e-01,-2.067448347806930542e-01,4.028496444225311279e-01,1.373154073953628540e-01,1.221635714173316956e-01,1.363239884376525879e-01,7.820596545934677124e-02,0.000000000000000000e+00,6.841407716274261475e-02,4.096343517303466797e-01,2.681036293506622314e-01,2.295945733785629272e-01,2.083701789379119873e-01,4.420397281646728516e-01,3.575514256954193115e-01,1.751302927732467651e-01,3.937839269638061523e-01,3.369676470756530762e-01,2.640435397624969482e-01,3.765314817428588867e-01,3.510120511054992676e-01,1.837676316499710083e-01,0.000000000000000000e+00,0.000000000000000000e+00
-2.857440412044525146e-01,1.361493915319442749e-01,-2.949138879776000977e-01,-3.201619982719421387e-01,-6.480332463979721069e-02,-9.524898231029510498e-02,1.108853369951248169e-01,6.581196188926696777e-02,3.138382136821746826e-01,4.577705562114715576e-01,4.885424375534057617e-01,6.028393507003784180e-01,4.955424964427947998e-01,2.625684440135955811e-01,1.000000000000000000e+00,5.992110967636108398e-01,4.865997470915317535e-03,0.000000000000000000e+00,-3.800404965877532959e-01,6.217755004763603210e-02,0.000000000000000000e+00,0.000000000000000000e+00,0.000000000000000000e+00,2.489794790744781494e-01,8.981623500585556030e-02,-5.765233561396598816e-02,-2.132522761821746826e-01,-2.289811223745346069e-01,-1.197909191250801086e-01,2.074992805719375610e-01,-1.688712686300277710e-01,0.000000000000000000e+00,-2.326982468366622925e-01,4.607857465744018555e-01,3.076251447200775146e-01,-1.338398754596710205e-01,1.276679039001464844e-01,3.606644570827484131e-01,4.711459875106811523e-01,2.921851538121700287e-02,-3.129247575998306274e-02,9.773762524127960205e-02,1.055692508816719055e-01,2.700717374682426453e-02,1.789629831910133362e-02,3.841843008995056152e-01,0.000000000000000000e+00,0.000000000000000000e+00
-1.054277941584587097e-01,-1.364215612411499023e-01,-1.304691880941390991e-01,-3.006529808044433594e-01,-1.232167854905128479e-01,-1.878003925085067749e-01,-7.587600499391555786e-02,-1.417273879051208496e-01,-1.059317309409379959e-02,6.275305151939392090e-01,2.574089467525482178e-01,7.256347537040710449e-01,3.277190327644348145e-01,-1.917081326246261597e-02,5.992110967636108398e-01,1.000000000000000000e+00,1.477601975202560425e-01,0.000000000000000000e+00,-2.961234748363494873e-01,1.386202126741409302e-01,0.000000000000000000e+00,0.000000000000000000e+00,0.000000000000000000e+00,1.588331013917922974e-01,4.436200484633445740e-02,1.756667792797088623e-01,-2.059289664030075073e-01,-1.221653819084167480e-01,-2.933646440505981445e-01,1.158871203660964966e-01,-3.676357269287109375e-01,0.000000000000000000e+00,-3.033925294876098633e-01,3.139590620994567871e-01,-9.347681887447834015e-03,-3.657435178756713867e-01,1.050892546772956848e-01,-1.025546714663505554e-01,2.617428600788116455e-01,1.879938095808029175e-01,-2.942357361316680908e-01,-1.016041114926338196e-01,1.623456776142120361e-01,-3.451568782329559326e-01,-2.959741950035095215e-01,4.844375252723693848e-01,0.000000000000000000e+00,0.000000000000000000e+00
1.356042027473449707e-01,-2.791354954242706299e-01,3.396800458431243896e-01,5.502339005470275879e-01,-1.281417310237884521e-01,7.088666409254074097e-02,4.863853454589843750e-01,-9.036047011613845825e-02,-9.275214374065399170e-02,1.576099544763565063e-01,-1.272716093808412552e-02,2.430625818669795990e-02,-6.271590292453765869e-02,2.014405466616153717e-02,4.865997005254030228e-03,1.477601975202560425e-01,1.000000000000000000e+00,0.000000000000000000e+00,1.011097803711891174e-01,-2.621011435985565186e-01,0.000000000000000000e+00,0.000000000000000000e+00,0.000000000000000000e+00,6.397241726517677307e-03,8.429618924856185913e-02,2.847291231155395508e-01,5.210443958640098572e-02,3.011399507522583008e-01,2.835318446159362793e-01,3.754673600196838379e-01,-7.827262580394744873e-02,0.000000000000000000e+00,-8.055383712053298950e-02,-2.080073803663253784e-01,-8.924689143896102905e-02,4.429537057876586914e-02,1.304779946804046631e-01,-1.794589012861251831e-01,8.975087851285934448e-02,2.114692628383636475e-01,-1.642758995294570923e-01,5.827641114592552185e-02,5.514796376228332520e-01,-1.650189012289047241e-01,-9.586980193853378296e-02,2.592294812202453613e-01,0.000000000000000000e+00,0.000000000000000000e+00
0.000000000000000000e+00,0.000000000000000000e+00,0.000000000000000000e+00,0.000000000000000000e+00,0.000000000000000000e+00,0.000000000000000000e+00,0.000000000000000000e+00,0.000000000000000000e+00,0.000000000000000000e+00,0.000000000000000000e+00,0.000000000000000000e+00,0.000000000000000000e+00,0.000000000000000000e+00,0.000000000000000000e+00,0.000000000000000000e+00,0.000000000000000000e+00,0.000000000000000000e+00,1.000000000000000000e+00,0.000000000000000000e+00,0.000000000000000000e+00,0.000000000000000000e+00,0.000000000000000000e+00,0.000000000000000000e+00,0.000000000000000000e+00,0.000000000000000000e+00,0.000000000000000000e+00,0.000000000000000000e+00,0.000000000000000000e+00,0.000000000000000000e+00,0.000000000000000000e+00,0.000000000000000000e+00,0.000000000000000000e+00,0.000000000000000000e+00,0.000000000000000000e+00,0.000000000000000000e+00,0.000000000000000000e+00,0.000000000000000000e+00,0.000000000000000000e+00,0.000000000000000000e+00,0.000000000000000000e+00,0.000000000000000000e+00,0.000000000000000000e+00,0.000000000000000000e+00,0.000000000000000000e+00,0.000000000000000000e+00,0.000000000000000000e+00,0.000000000000000000e+00,0.000000000000000000e+00
3.030335307121276855e-01,-2.594296634197235107e-01,2.892405092716217041e-01,1.602268964052200317e-01,1.324668154120445251e-02,-8.122135698795318604e-02,-1.148319020867347717e-01,1.702930405735969543e-02,-2.380187362432479858e-01,-3.319934308528900146e-01,-2.783948481082916260e-01,-4.095197916030883789e-01,-2.384739667177200317e-01,8.344079554080963135e-02,-3.800404965877532959e-01,-2.961234748363494873e-01,1.011097729206085205e-01,0.000000000000000000e+00,1.000000000000000000e+00,2.208929359912872314e-01,0.000000000000000000e+00,0.000000000000000000e+00,0.000000000000000000e+00,-2.382227927446365356e-01,8.308779448270797729e-02,1.695977598428726196e-01,1.708025932312011719e-01,1.519639939069747925e-01,8.212006837129592896e-02,5.959677509963512421e-03,1.518753468990325928e-01,0.000000000000000000e+00,9.081876836717128754e-03,-2.192649990320205688e-01,-1.735049337148666382e-01,8.673883229494094849e-02,6.274458765983581543e-02,2.383318915963172913e-02,-1.647291034460067749e-01,-1.060847267508506775e-01,6.876412779092788696e-02,-9.067735075950622559e-02,8.879623562097549438e-02,-1.943048206157982349e-03,6.120374053716659546e-02,-2.455438524484634399e-01,0.000000000000000000e+00,0.000000000000000000e+00
-1.390236765146255493e-01,-9.894655644893646240e-02,5.601555854082107544e-02,-3.369012475013732910e-01,-2.859669327735900879e-01,-3.712726235389709473e-01,-2.995778322219848633e-01,-2.660531699657440186e-01,-3.030383884906768799e-01,1.675428003072738647e-01,-1.579119563102722168e-01,2.349679768085479736e-01,9.639648348093032837e-02,-3.586634248495101929e-02,6.217755004763603210e-02,1.386202126741409302e-01,-2.621011435985565186e-01,0.000000000000000000e+00,2.208929359912872314e-01,1.000000000000000000e+00,0.000000000000000000e+00,0.000000000000000000e+00,0.000000000000000000e+00,5.018287803977727890e-03,-2.206923365592956543e-01,1.864155977964401245e-01,-6.582414358854293823e-02,-2.832894325256347656e-01,-4.218355119228363037e-01,1.352854911237955093e-02,-9.895935654640197754e-02,0.000000000000000000e+00,-1.915319561958312988e-01,-1.000091712921857834e-02,-1.007719412446022034e-01,-3.570562005043029785e-01,-1.353267282247543335e-01,1.928953640162944794e-02,-2.448343634605407715e-01,-3.967876136302947998e-01,-1.883435547351837158e-01,-1.832259297370910645e-01,-2.743530571460723877e-01,-1.468027979135513306e-01,-1.296022236347198486e-01,1.101271137595176697e-01,0.000000000000000000e+00,0.000000000000000000e+00
0.000000000000000000e+00,0.000000000000000000e+00,0.000000000000000000e+00,0.000000000000000000e+00,0.000000000000000000e+00,0.000000000000000000e+00,0.000000000000000000e+00,0.000000000000000000e+00,0.000000000000000000e+00,0.000000000000000000e+00,0.000000000000000000e+00,0.000000000000000000e+00,0.000000000000000000e+00,0.000000000000000000e+00,0.000000000000000000e+00,0.000000000000000000e+00,0.000000000000000000e+00,0.000000000000000000e+00,0.000000000000000000e+00,0.000000000000000000e+00,1.000000000000000000e+00,0.000000000000000000e+00,0.000000000000000000e+00,0.000000000000000000e+00,0.000000000000000000e+00,0.000000000000000000e+00,0.000000000000000000e+00,0.000000000000000000e+00,0.000000000000000000e+00,0.000000000000000000e+00,0.000000000000000000e+00,0.000000000000000000e+00,0.000000000000000000e+00,0.000000000000000000e+00,0.000000000000000000e+00,0.000000000000000000e+00,0.000000000000000000e+00,0.000000000000000000e+00,0.000000000000000000e+00,0.000000000000000000e+00,0.000000000000000000e+00,0.000000000000000000e+00,0.000000000000000000e+00,0.000000000000000000e+00,0.000000000000000000e+00,0.000000000000000000e+00,0.000000000000000000e+00,0.000000000000000000e+00
0.000000000000000000e+00,0.000000000000000000e+00,0.000000000000000000e+00,0.000000000000000000e+00,0.000000000000000000e+00,0.000000000000000000e+00,0.000000000000000000e+00,0.000000000000000000e+00,0.000000000000000000e+00,0.000000000000000000e+00,0.000000000000000000e+00,0.000000000000000000e+00,0.000000000000000000e+00,0.000000000000000000e+00,0.000000000000000000e+00,0.000000000000000000e+00,0.000000000000000000e+00,0.000000000000000000e+00,0.000000000000000000e+00,0.000000000000000000e+00,0.000000000000000000e+00,1.000000000000000000e+00,0.000000000000000000e+00,0.000000000000000000e+00,0.000000000000000000e+00,0.000000000000000000e+00,0.000000000000000000e+00,0.000000000000000000e+00,0.000000000000000000e+00,0.000000000000000000e+00,0.000000000000000000e+00,0.000000000000000000e+00,0.000000000000000000e+00,0.000000000000000000e+00,0.000000000000000000e+00,0.000000000000000000e+00,0.000000000000000000e+00,0.000000000000000000e+00,0.000000000000000000e+00,0.000000000000000000e+00,0.000000000000000000e+00,0.000000000000000000e+00,0.000000000000000000e+00,0.000000000000000000e+00,0.000000000000000000e+00,0.000000000000000000e+00,0.000000000000000000e+00,0.000000000000000000e+00
0.000000000000000000e+00,0.000000000000000000e+00,0.000000000000000000e+00,0.000000000000000000e+00,0.000000000000000000e+00,0.000000000000000000e+00,0.000000000000000000e+00,0.000000000000000000e+00,0.000000000000000000e+00,0.000000000000000000e+00,0.000000000000000000e+00,0.000000000000000000e+00,0.000000000000000000e+00,0.000000000000000000e+00,0.000000000000000000e+00,0.000000000000000000e+00,0.000000000000000000e+00,0.000000000000000000e+00,0.000000000000000000e+00,0.000000000000000000e+00,0.000000000000000000e+00,0.000000000000000000e+00,1.000000000000000000e+00,0.000000000000000000e+00,0.000000000000000000e+00,0.000000000000000000e+00,0.000000000000000000e+00,0.000000000000000000e+00,0.000000000000000000e+00,0.000000000000000000e+00,0.000000000000000000e+00,0.000000000000000000e+00,0.000000000000000000e+00,0.000000000000000000e+00,0.000000000000000000e+00,0.000000000000000000e+00,0.000000000000000000e+00,0.000000000000000000e+00,0.000000000000000000e+00,0.000000000000000000e+00,0.000000000000000000e+00,0.000000000000000000e+00,0.000000000000000000e+00,0.000000000000000000e+00,0.000000000000000000e+00,0.000000000000000000e+00,0.000000000000000000e+00,0.000000000000000000e+00
-1.750718802213668823e-01,9.139268100261688232e-02,-2.300417721271514893e-01,-1.857836544513702393e-01,1.574112288653850555e-02,-8.282215148210525513e-02,7.576791197061538696e-02,-3.549549437593668699e-04,1.281611025333404541e-01,1.574582159519195557e-01,1.367518007755279541e-01,2.199928313493728638e-01,3.202423080801963806e-02,6.856841500848531723e-03,2.489794790744781494e-01,1.588331013917922974e-01,6.397242192178964615e-03,0.000000000000000000e+00,-2.382227927446365356e-01,5.018287803977727890e-03,0.000000000000000000e+00,0.000000000000000000e+00,0.000000000000000000e+00,1.000000000000000000e+00,7.325192540884017944e-02,3.370075672864913940e-02,1.059311814606189728e-02,-2.002136558294296265e-01,-1.047167554497718811e-01,4.857070278376340866e-03,2.749131806194782257e-02,0.000000000000000000e+00,4.021517559885978699e-02,1.465863436460494995e-01,4.983069375157356262e-02,-1.403620988130569458e-01,3.648962825536727905e-02,7.402784377336502075e-02,7.759055495262145996e-02,6.846181303262710571e-02,-9.048420935869216919e-03,-1.716669276356697083e-02,-6.883753091096878052e-02,-7.713615428656339645e-03,-5.344933271408081055e-02,2.242165505886077881e-01,0.000000000000000000e+00,0.000000000000000000e+00
4.456736743450164795e-01,2.917810678482055664e-01,-2.930438220500946045e-01,1.871432177722454071e-02,4.784184694290161133e-01,2.939979135990142822e-01,9.862546622753143311e-02,5.456188917160034180e-01,4.680612981319427490e-01,2.450378611683845520e-02,4.073272049427032471e-01,-6.359352171421051025e-02,1.742918491363525391e-01,3.701124787330627441e-01,8.981624245643615723e-02,4.436200112104415894e-02,8.429618924856185913e-02,0.000000000000000000e+00,8.308779448270797729e-02,-2.206923514604568481e-01,0.000000000000000000e+00,0.000000000000000000e+00,0.000000000000000000e+00,7.325192540884017944e-02,1.000000000000000000e+00,-3.835687413811683655e-02,5.387256145477294922e-01,3.435614109039306641e-01,2.543402612209320068e-01,-1.297757588326931000e-02,3.746756166219711304e-02,0.000000000000000000e+00,4.461465179920196533e-01,3.509822487831115723e-01,1.138500496745109558e-01,1.843550950288772583e-01,2.443950623273849487e-01,1.071323901414871216e-01,2.740579545497894287e-01,3.435000777244567871e-01,4.410924613475799561e-01,3.686887323856353760e-01,2.471054643392562866e-01,3.186671435832977295e-01,2.454231977462768555e-01,-1.210312023758888245e-01,0.000000000000000000e+00,0.000000000000000000e+00
-9.471191093325614929e-03,-4.932150244712829590e-01,2.349564880132675171e-01,1.067169681191444397e-01,-2.057775408029556274e-01,-2.988369464874267578e-01,-7.155954837799072266e-02,-2.824930548667907715e-01,-4.110690653324127197e-01,1.269490271806716919e-01,-2.683006525039672852e-01,1.582633107900619507e-01,4.548960551619529724e-02,-2.067448496818542480e-01,-5.765233561396598816e-02,1.756667792797088623e-01,2.847291231155395508e-01,0.000000000000000000e+00,1.695977449417114258e-01,1.864155977964401245e-01,0.000000000000000000e+00,0.000000000000000000e+00,0.000000000000000000e+00,3.370075672864913940e-02,-3.835687413811683655e-02,1.000000000000000000e+00,-3.326429054141044617e-02,1.981632784008979797e-02,-2.809434831142425537e-01,1.385044865310192108e-02,-4.725341126322746277e-02,0.000000000000000000e+00,-4.673193395137786865e-02,-1.130934879183769226e-01,-3.945591747760772705e-01,-4.106257855892181396e-01,1.840916424989700317e-01,-4.163178503513336182e-01,-3.635236918926239014e-01,-7.466269284486770630e-02,-3.789788484573364258e-01,-4.402246177196502686e-01,-9.632731974124908447e-02,-5.393599271774291992e-01,-5.397614240646362305e-01,2.702569402754306793e-02,0.000000000000000000e+00,0.000000000000000000e+00
4.493408501148223877e-01,3.683111369609832764e-01,-7.873990386724472046e-02,8.631573617458343506e-02,3.582422435283660889e-01,2.362838536500930786e-01,2.021217485889792442e-03,5.979937911033630371e-01,2.713660895824432373e-01,-1.460222620517015457e-02,2.925520539283752441e-01,-1.515592187643051147e-01,-1.246567815542221069e-03,4.028496742248535156e-01,-2.132522761821746826e-01,-2.059289664030075073e-01,5.210443586111068726e-02,0.000000000000000000e+00,1.708026081323623657e-01,-6.582414358854293823e-02,0.000000000000000000e+00,0.000000000000000000e+00,0.000000000000000000e+00,1.059311814606189728e-02,5.387256145477294922e-01,-3.326429054141044617e-02,1.000000000000000000e+00,4.595901668071746826e-01,2.324970811605453491e-01,8.335667848587036133e-02,1.288961470127105713e-01,0.000000000000000000e+00,5.397614240646362305e-01,2.983018755912780762e-01,1.403803974390029907e-01,1.632905751466751099e-01,1.986976712942123413e-01,-2.659611636772751808e-03,4.401591047644615173e-02,2.276679426431655884e-01,4.422273635864257812e-01,3.906297683715820312e-01,1.854866594076156616e-01,3.079981505870819092e-01,2.127022445201873779e-01,-2.214128337800502777e-02,0.000000000000000000e+00,0.000000000000000000e+00
7.457083463668823242e-01,1.830114126205444336e-01,2.835847437381744385e-01,4.987260699272155762e-01,3.505653440952301025e-01,5.949037671089172363e-01,3.290304243564605713e-01,2.674224078655242920e-01,1.696139127016067505e-01,-9.201020002365112305e-02,1.110655907541513443e-02,-2.854225635528564453e-01,-8.852320909500122070e-02,1.373154073953628540e-01,-2.289811223745346069e-01,-1.221653819084167480e-01,3.011399507522583008e-01,0.000000000000000000e+00,1.519639939069747925e-01,-2.832894325256347656e-01,0.000000000000000000e+00,0.000000000000000000e+00,0.000000000000000000e+00,-2.002136558294296265e-01,3.435613811016082764e-01,1.981632597744464874e-02,4.595901668071746826e-01,1.000000000000000000e+00,6.164000630378723145e-01,3.570723533630371094e-01,3.178254663944244385e-01,0.000000000000000000e+00,1.560873091220855713e-01,-1.440232843160629272e-01,1.589056253433227539e-01,4.753175675868988037e-01,-1.132828593254089355e-01,-1.270163655281066895e-01,2.815442681312561035e-01,4.887554347515106201e-01,4.593780636787414551e-01,4.868261814117431641e-01,4.885998368263244629e-01,2.111144959926605225e-01,2.860251367092132568e-01,-3.079803846776485443e-02,0.000000000000000000e+00,0.000000000000000000e+00
4.845485687255859375e-01,2.695202827453613281e-01,1.688323169946670532e-01,5.850864052772521973e-01,3.470279574394226074e-01,6.361620426177978516e-01,5.957617163658142090e-01,2.785277962684631348e-01,2.844069004058837891e-01,-3.528102338314056396e-01,-6.869434844702482224e-03,-4.742235243320465088e-01,-8.862177282571792603e-02,1.221635714173316956e-01,-1.197909191250801086e-01,-2.933646440505981445e-01,2.835318446159362793e-01,0.000000000000000000e+00,8.212006837129592896e-02,-4.218355119228363037e-01,0.000000000000000000e+00,0.000000000000000000e+00,0.000000000000000000e+00,-1.047167554497718811e-01,2.543402612209320068e-01,-2.809434831142425537e-01,2.324970811605453491e-01,6.164000630378723145e-01,1.000000000000000000e+00,3.674621880054473877e-01,3.275367617607116699e-01,0.000000000000000000e+00,1.356260776519775391e-01,-1.972177773714065552e-01,3.230474591255187988e-01,6.292091012001037598e-01,-1.134714931249618530e-01,2.220926731824874878e-01,3.958895206451416016e-01,2.705549001693725586e-01,5.519621968269348145e-01,5.500789284706115723e-01,3.749984204769134521e-01,4.163700640201568604e-01,4.494835734367370605e-01,-1.732651889324188232e-01,0.000000000000000000e+00,0.000000000000000000e+00
1.897714734077453613e-01,2.476425282657146454e-02,3.778693079948425293e-01,2.630282640457153320e-01,-2.436051219701766968e-01,1.376030743122100830e-01,4.195876419544219971e-01,-3.506161272525787354e-02,-4.414815828204154968e-02,-2.212292328476905823e-02,-7.749655097723007202e-02,-7.128563523292541504e-02,1.460802108049392700e-01,1.363239884376525879e-01,2.074992805719375610e-01,1.158871203660964966e-01,3.754673600196838379e-01,0.000000000000000000e+00,5.959677509963512421e-03,1.352854911237955093e-02,0.000000000000000000e+00,0.000000000000000000e+00,0.000000000000000000e+00,4.857070278376340866e-03,-1.297757588326931000e-02,1.385044772177934647e-02,8.335668593645095825e-02,3.570723533630371094e-01,3.674621582031250000e-01,1.000000000000000000e+00,2.390578687191009521e-01,0.000000000000000000e+00,-3.215191066265106201e-01,-1.642276942729949951e-01,3.117524087429046631e-01,3.516689538955688477e-01,-3.173912763595581055e-01,2.454600930213928223e-01,3.562170863151550293e-01,1.630999147891998291e-01,1.807424873113632202e-01,3.705960810184478760e-01,5.096957087516784668e-01,1.241786256432533264e-01,2.945223450660705566e-01,2.208197712898254395e-01,0.000000000000000000e+00,0.000000000000000000e+00
2.436085641384124756e-01,1.731344163417816162e-01,8.617423474788665771e-02,1.619715839624404907e-01,1.429743766784667969e-01,3.322792947292327881e-01,1.933669298887252808e-01,3.755928575992584229e-02,9.833531826734542847e-02,-3.135946393013000488e-01,-2.048716396093368530e-01,-3.752509057521820068e-01,-7.566646486520767212e-02,7.820596545934677124e-02,-1.688712537288665771e-01,-3.676357269287109375e-01,-7.827262580394744873e-02,0.000000000000000000e+00,1.518753468990325928e-01,-9.895934909582138062e-02,0.000000000000000000e+00,0.000000000000000000e+00,0.000000000000000000e+00,2.749131806194782257e-02,3.746756166219711304e-02,-4.725341126322746277e-02,1.288961470127105713e-01,3.178254663944244385e-01,3.275367617607116699e-01,2.390578687191009521e-01,1.000000000000000000e+00,0.000000000000000000e+00,-7.657714653760194778e-03,-3.135307133197784424e-01,2.212323546409606934e-01,5.401355028152465820e-01,-2.883646786212921143e-01,1.604708433151245117e-01,1.343486309051513672e-01,2.862059473991394043e-01,3.636370599269866943e-01,2.206276804208755493e-01,4.882262554019689560e-03,2.100657522678375244e-01,2.511315643787384033e-01,-1.643046587705612183e-01,0.000000000000000000e+00,0.000000000000000000e+00
0.000000000000000000e+00,0.000000000000000000e+00,0.000000000000000000e+00,0.000000000000000000e+00,0.000000000000000000e+00,0.000000000000000000e+00,0.000000000000000000e+00,0.000000000000000000e+00,0.000000000000000000e+00,0.000000000000000000e+00,0.000000000000000000e+00,0.000000000000000000e+00,0.000000000000000000e+00,0.000000000000000000e+00,0.000000000000000000e+00,0.000000000000000000e+00,0.000000000000000000e+00,0.000000000000000000e+00,0.000000000000000000e+00,0.000000000000000000e+00,0.000000000000000000e+00,0.000000000000000000e+00,0.000000000000000000e+00,0.000000000000000000e+00,0.000000000000000000e+00,0.000000000000000000e+00,0.000000000000000000e+00,0.000000000000000000e+00,0.000000000000000000e+00,0.000000000000000000e+00,0.000000000000000000e+00,1.000000000000000000e+00,0.000000000000000000e+00,0.000000000000000000e+00,0.000000000000000000e+00,0.000000000000000000e+00,0.000000000000000000e+00,0.000000000000000000e+00,0.000000000000000000e+00,0.000000000000000000e+00,0.000000000000000000e+00,0.000000000000000000e+00,0.000000000000000000e+00,0.000000000000000000e+00,0.000000000000000000e+00,0.000000000000000000e+00,0.000000000000000000e+00,0.000000000000000000e+00
