1.000000000000000000e+00,-1.665987968444824219e-01,4.561233893036842346e-02,-3.171669691801071167e-02,4.199061989784240723e-01,2.923992872238159180e-01,-4.352816045284271240e-01,-1.679210960865020752e-01,-2.894762456417083740e-01,-1.562583446502685547e-01,-1.788548082113265991e-01,-1.677636802196502686e-01,2.436036318540573120e-01,-1.007389426231384277e-01,-1.145065054297447205e-01,-4.145260527729988098e-02,-5.180194973945617676e-01,-4.948448240756988525e-01,-3.511906266212463379e-01,-3.691425621509552002e-01,-1.360691189765930176e-01,-2.643913589417934418e-02,0.000000000000000000e+00,-1.130122095346450806e-01,-1.452689319849014282e-01,-3.315361142158508301e-01,-1.714081466197967529e-01,5.542874336242675781e-01,2.392674833536148071e-01,-3.383477628231048584e-01,-4.242053627967834473e-01,-3.121250867843627930e-01,2.200171798467636108e-01,-3.526262938976287842e-01,-3.706174492835998535e-01,-1.566022485494613647e-01,-2.764134705066680908e-01,-3.845362067222595215e-01,-1.989424377679824829e-01,-7.094060629606246948e-02,1.028635799884796143e-01,-2.158085852861404419e-01,-2.662600576877593994e-01,-2.168031632900238037e-01,-2.321548610925674438e-01,-2.328766286373138428e-01,-1.947982162237167358e-01,0.000000000000000000e+00
-1.665987968444824219e-01,1.000000000000000000e+00,1.552841998636722565e-02,1.863655298948287964e-01,2.063994407653808594e-01,1.920107007026672363e-01,2.379948645830154419e-01,5.284322053194046021e-02,-4.595836251974105835e-02,-1.077485736459493637e-02,-5.358351767063140869e-02,-1.586190424859523773e-02,7.694287225604057312e-03,8.740710467100143433e-02,1.501384973526000977e-01,2.168236300349235535e-02,1.853792965412139893e-01,1.416879296302795410e-01,1.959631890058517456e-01,6.704438477754592896e-02,6.749883294105529785e-02,1.030655428767204285e-01,0.000000000000000000e+00,-8.797574788331985474e-02,7.927584648132324219e-02,2.633306682109832764e-01,1.380721386522054672e-02,-1.724319010972976685e-01,1.193927600979804993e-01,1.330907791852951050e-01,-9.786657989025115967e-02,5.942562222480773926e-02,1.257042735815048218e-01,4.016361534595489502e-01,1.087484583258628845e-01,-1.249492764472961426e-01,-1.602789014577865601e-02,9.419390559196472168e-02,-2.000806331634521484e-01,-5.283073335886001587e-02,3.748783469200134277e-01,4.759316444396972656e-01,2.812591195106506348e-01,1.435761302709579468e-01,3.411753475666046143e-01,1.448635756969451904e-01,-1.692841798067092896e-01,0.000000000000000000e+00
4.561233893036842346e-02,1.552841998636722565e-02,1.000000000000000000e+00,3.073135912418365479e-01,6.957890000194311142e-03,1.920835487544536591e-02,5.312482640147209167e-02,-1.161445230245590210e-01,-1.809675991535186768e-01,-1.033133193850517273e-01,-2.140234261751174927e-01,2.013058960437774658e-02,-1.718505285680294037e-02,-2.445835024118423462e-01,-1.582331061363220215e-01,-8.812760561704635620e-02,-8.018878102302551270e-02,-1.275717373937368393e-02,3.709807619452476501e-02,-1.421691179275512695e-01,1.306399106979370117e-01,-8.860451728105545044e-02,0.000000000000000000e+00,-3.306902050971984863e-01,4.153336957097053528e-02,3.619187176227569580e-01,1.410601586103439331e-01,2.947241663932800293e-01,8.653367310762405396e-02,-2.164604812860488892e-01,-2.421739548444747925e-01,8.704960346221923828e-02,-9.257332235574722290e-02,8.920765481889247894e-03,-2.294534444808959961e-01,-4.544119834899902344e-01,-2.179109752178192139e-01,-2.129116654396057129e-01,-3.441338241100311279e-01,-2.836679816246032715e-01,4.393524676561355591e-02,-1.563167423009872437e-01,-2.110163420438766479e-01,-1.456237733364105225e-01,-2.121331542730331421e-01,-3.163990974426269531e-01,-9.810279309749603271e-02,0.000000000000000000e+00
-3.171669691801071167e-02,1.863655298948287964e-01,3.073135912418365479e-01,1.000000000000000000e+00,1.442239284515380859e-01,4.214102029800415039e-01,4.502421617507934570e-01,-1.665412038564682007e-01,-1.766594350337982178e-01,3.454096615314483643e-03,-1.612540334463119507e-01,1.556302607059478760e-01,1.425177901983261108e-01,-2.866770923137664795e-01,-3.134808838367462158e-01,3.073908016085624695e-02,1.082766279578208923e-01,5.769451614469289780e-03,1.103520169854164124e-01,-1.220366880297660828e-01,1.050937995314598083e-01,1.300694048404693604e-01,0.000000000000000000e+00,-3.893171250820159912e-01,-8.182200044393539429e-02,4.904427826404571533e-01,3.405296504497528076e-01,-3.021762706339359283e-02,2.080178856849670410e-01,1.252263188362121582e-01,-2.053753882646560669e-01,8.201393298804759979e-03,-1.528706252574920654e-01,2.479193061590194702e-01,-6.023568287491798401e-02,-4.984036386013031006e-01,-3.154264092445373535e-01,-1.583339869976043701e-01,-4.852045774459838867e-01,-5.044886469841003418e-01,2.726516686379909515e-02,3.273310512304306030e-02,2.120627090334892273e-03,2.861617133021354675e-02,4.150724038481712341e-02,-2.788106203079223633e-01,-2.998721301555633545e-01,0.000000000000000000e+00
4.199061989784240723e-01,2.063994407653808594e-01,6.957890000194311142e-03,1.442239135503768921e-01,1.000000000000000000e+00,5.540643930435180664e-01,1.979858055710792542e-02,-2.562592029571533203e-01,-3.753186166286468506e-01,-1.719701886177062988e-01,-2.860827744007110596e-01,-1.641684770584106445e-01,3.197816014289855957e-01,-2.142437547445297241e-01,3.550034388899803162e-02,-1.344632077962160110e-02,-5.123724788427352905e-02,-1.512068063020706177e-01,2.100561745464801788e-02,-3.687636926770210266e-02,7.004338502883911133e-02,9.433969855308532715e-02,0.000000000000000000e+00,-1.371568143367767334e-01,-1.535700410604476929e-01,-7.439789175987243652e-02,-1.964682154357433319e-02,1.374174207448959351e-01,-1.312800943851470947e-01,-8.482745289802551270e-02,-3.709869384765625000e-01,-4.261247217655181885e-01,3.628664314746856689e-01,-1.810296773910522461e-01,-2.938398718833923340e-01,-2.015598267316818237e-01,-2.496300637722015381e-01,-2.125644683837890625e-01,-1.940840482711791992e-01,-1.179536357522010803e-01,5.139169096946716309e-01,3.018584847450256348e-01,2.328954041004180908e-01,-3.171359002590179443e-01,-4.880478978157043457e-02,7.744476199150085449e-02,-2.366891503334045410e-01,0.000000000000000000e+00
2.923992872238159180e-01,1.920107007026672363e-01,1.920835487544536591e-02,4.214102327823638916e-01,5.540643930435180664e-01,1.000000000000000000e+00,1.504852771759033203e-01,-1.709621101617813110e-01,-2.787650525569915771e-01,-3.481059148907661438e-02,-2.657473981380462646e-01,-1.582057587802410126e-02,3.628764450550079346e-01,-2.498449087142944336e-01,-2.307195365428924561e-01,-1.072314474731683731e-02,-4.993664845824241638e-02,-1.292986273765563965e-01,-5.034631118178367615e-03,-1.467442065477371216e-01,-3.543777018785476685e-02,1.191490292549133301e-01,0.000000000000000000e+00,-2.215971052646636963e-01,-1.826149970293045044e-01,1.033188328146934509e-01,2.206802219152450562e-01,1.360699385404586792e-01,5.192938074469566345e-02,6.913859397172927856e-02,-2.904583513736724854e-01,-3.777582049369812012e-01,9.023751318454742432e-02,-2.468567155301570892e-02,-2.225864380598068237e-01,-2.828304171562194824e-01,-3.274725079536437988e-01,-2.230157554149627686e-01,-3.131461441516876221e-01,-3.113183379173278809e-01,2.640537023544311523e-01,1.900561302900314331e-01,1.376700699329376221e-01,-4.802521318197250366e-02,8.730324357748031616e-02,-8.542734384536743164e-02,-2.867793142795562744e-01,0.000000000000000000e+00
-4.352816045284271240e-01,2.379948645830154419e-01,5.312482640147209167e-02,4.502421915531158447e-01,1.979858055710792542e-02,1.504852771759033203e-01,1.000000000000000000e+00,-2.150398939847946167e-01,-1.467242836952209473e-01,-2.217716164886951447e-02,-1.088991090655326843e-01,1.338402181863784790e-01,4.935531690716743469e-02,-1.639873683452606201e-01,-3.010013885796070099e-02,1.079210918396711349e-02,5.660604834556579590e-01,4.519898891448974609e-01,3.102165758609771729e-01,2.707183063030242920e-01,1.695519834756851196e-01,1.541441977024078369e-01,0.000000000000000000e+00,-2.207269966602325439e-01,-9.296788275241851807e-02,5.204059481620788574e-01,1.630915403366088867e-01,-4.270140230655670166e-01,-5.133374407887458801e-02,3.631949424743652344e-01,4.687942937016487122e-02,1.595058888196945190e-01,-9.937771409749984741e-02,2.913617193698883057e-01,5.666572973132133484e-02,-3.056662380695343018e-01,-1.032465174794197083e-01,2.347264997661113739e-02,-2.705309092998504639e-01,-2.581591010093688965e-01,1.580914556980133057e-01,2.746139168739318848e-01,3.099232316017150879e-01,-8.873815834522247314e-02,1.584479510784149170e-01,1.194778382778167725e-01,-1.967545747756958008e-01,0.000000000000000000e+00
-1.679210960865020752e-01,5.284322053194046021e-02,-1.161445230245590210e-01,-1.665412038564682007e-01,-2.562592029571533203e-01,-1.709621101617813110e-01,-2.150398939847946167e-01,1.000000000000000000e+00,5.807232856750488281e-01,4.241672158241271973e-01,4.999885559082031250e-01,1.591030210256576538e-01,-2.409357279539108276e-01,3.222505450248718262e-01,-1.592479050159454346e-01,2.552613914012908936e-01,9.215228259563446045e-02,-8.543520234525203705e-03,2.126160115003585815e-01,1.111857965588569641e-01,8.836302906274795532e-02,-1.129103377461433411e-01,0.000000000000000000e+00,1.002930626273155212e-01,2.472336441278457642e-01,-1.499216556549072266e-01,6.549899280071258545e-02,-1.180877164006233215e-01,1.426112279295921326e-02,-1.174931153655052185e-01,2.042294442653656006e-01,1.120774894952774048e-01,5.087294429540634155e-02,1.832147538661956787e-01,9.074927866458892822e-02,2.535997033119201660e-01,4.982568919658660889e-01,1.782788932323455811e-01,2.767652571201324463e-01,1.988287121057510376e-01,-2.783464789390563965e-01,-2.005782723426818848e-02,-8.765748143196105957e-02,5.260679721832275391e-01,5.337682366371154785e-02,-3.628984093666076660e-02,5.231919884681701660e-02,0.000000000000000000e+00
-2.894762456417083740e-01,-4.595836251974105835e-02,-1.809675991535186768e-01,-1.766594350337982178e-01,-3.753186166286468506e-01,-2.787650525569915771e-01,-1.467242836952209473e-01,5.807232856750488281e-01,1.000000000000000000e+00,4.613216817378997803e-01,5.858915448188781738e-01,2.549849152565002441e-01,-3.307203650474548340e-01,4.133521318435668945e-01,3.499115630984306335e-02,1.648789495229721069e-01,1.117442622780799866e-01,6.439103931188583374e-02,2.169533073902130127e-01,1.057896912097930908e-01,1.410258188843727112e-02,-6.012520939111709595e-02,0.000000000000000000e+00,1.556317806243896484e-01,1.994530409574508667e-01,-1.194440200924873352e-01,-3.269379958510398865e-02,-1.707225590944290161e-01,-4.285577218979597092e-03,-7.575203478336334229e-02,3.611498773097991943e-01,1.946289688348770142e-01,-9.443038702011108398e-02,2.164499014616012573e-01,2.591125369071960449e-01,3.378086686134338379e-01,5.155224800109863281e-01,3.668333292007446289e-01,4.711331725120544434e-01,2.285609543323516846e-01,-3.201739192008972168e-01,-9.105390310287475586e-02,-9.051023423671722412e-02,5.523075461387634277e-01,1.683603785932064056e-02,5.900391377508640289e-03,1.341959089040756226e-01,0.000000000000000000e+00
-1.562583446502685547e-01,-1.077485736459493637e-02,-1.033133193850517273e-01,3.454096615314483643e-03,-1.719701886177062988e-01,-3.481059148907661438e-02,-2.217716164886951447e-02,4.241672158241271973e-01,4.613216817378997803e-01,1.000000000000000000e+00,5.125324726104736328e-01,5.663298964500427246e-01,5.034200102090835571e-02,1.350136697292327881e-01,-3.552336618304252625e-02,1.439858824014663696e-01,1.061226800084114075e-01,2.520586363971233368e-03,8.121838420629501343e-02,3.116619586944580078e-02,-3.219617903232574463e-02,1.601151674985885620e-01,0.000000000000000000e+00,-1.592180575244128704e-03,2.258369512856006622e-02,-6.788843125104904175e-02,-1.765213720500469208e-02,-1.819317787885665894e-02,1.369842737913131714e-01,5.790648981928825378e-02,1.657339334487915039e-01,2.043764740228652954e-01,1.615985855460166931e-02,3.013387024402618408e-01,2.949078753590583801e-02,1.105963066220283508e-01,2.260023653507232666e-01,2.257200479507446289e-01,2.228805124759674072e-01,-7.064690440893173218e-02,-1.378768086433410645e-01,-2.443710528314113617e-02,-1.576812863349914551e-01,5.015290379524230957e-01,8.913009613752365112e-02,-2.124477475881576538e-01,-9.802472591400146484e-02,0.000000000000000000e+00
-1.788548082113265991e-01,-5.358351767063140869e-02,-2.140234261751174927e-01,-1.612540185451507568e-01,-2.860827744007110596e-01,-2.657473981380462646e-01,-1.088991090655326843e-01,4.999885559082031250e-01,5.858915448188781738e-01,5.125324726104736328e-01,1.000000000000000000e+00,4.292136728763580322e-01,-2.222740799188613892e-01,3.348925113677978516e-01,8.756220340728759766e-02,1.465231627225875854e-01,6.537468731403350830e-02,2.264569746330380440e-03,2.858152054250240326e-02,-3.175197914242744446e-02,-8.946900069713592529e-02,-8.022157102823257446e-02,0.000000000000000000e+00,7.927574217319488525e-02,7.847062498331069946e-02,-1.995393335819244385e-01,-1.669348776340484619e-01,-9.541147202253341675e-02,1.213308349251747131e-01,-3.667561337351799011e-02,3.324654996395111084e-01,1.924192905426025391e-01,3.155289590358734131e-02,1.430948376655578613e-01,1.666620373725891113e-01,2.325275540351867676e-01,3.514999151229858398e-01,3.232973217964172363e-01,3.730981349945068359e-01,1.000289618968963623e-01,-2.682042717933654785e-01,-1.575034111738204956e-01,-2.021033763885498047e-01,4.297930598258972168e-01,6.379655096679925919e-03,-1.274953037500381470e-01,4.804080352187156677e-02,0.000000000000000000e+00
-1.677636802196502686e-01,-1.586190424859523773e-02,2.013058960437774658e-02,1.556302607059478760e-01,-1.641684770584106445e-01,-1.582057587802410126e-02,1.338402181863784790e-01,1.591030210256576538e-01,2.549849152565002441e-01,5.663298964500427246e-01,4.292136728763580322e-01,1.000000000000000000e+00,-4.731128737330436707e-02,-1.023920774459838867e-01,3.054085373878479004e-02,-6.303312629461288452e-02,3.885078802704811096e-02,6.793799996376037598e-02,-1.444791257381439209e-01,-2.370232045650482178e-01,-1.296624094247817993e-01,1.088740527629852295e-01,0.000000000000000000e+00,-1.632278114557266235e-01,-9.312519431114196777e-02,5.018521845340728760e-02,-2.262975089251995087e-02,-1.346168946474790573e-02,1.079317629337310791e-01,7.248287647962570190e-02,2.313733100891113281e-01,1.753959655761718750e-01,-1.088300533592700958e-02,1.669276803731918335e-01,3.659917041659355164e-02,-1.299815326929092407e-01,-1.420180052518844604e-01,2.625086009502410889e-01,1.051298603415489197e-01,-2.043501138687133789e-01,-5.003479123115539551e-02,-2.252168655395507812e-01,-3.259696066379547119e-01,2.374374866485595703e-01,2.941527776420116425e-02,-4.035830199718475342e-01,-6.203522160649299622e-02,0.000000000000000000e+00
2.436036318540573120e-01,7.694287691265344620e-03,-1.718505285680294037e-02,1.425177901983261108e-01,3.197816014289855957e-01,3.628764450550079346e-01,4.935531690716743469e-02,-2.409357279539108276e-01,-3.307203948497772217e-01,5.034199729561805725e-02,-2.222740799188613892e-01,-4.731128737330436707e-02,1.000000000000000000e+00,-2.542808055877685547e-01,-5.891618132591247559e-02,-3.603713214397430420e-02,-7.042669504880905151e-02,-1.994740515947341919e-01,-8.486723154783248901e-02,5.560344550758600235e-03,-5.279812589287757874e-02,7.372520118951797485e-02,0.000000000000000000e+00,-6.477373838424682617e-02,-1.143458336591720581e-01,-1.047903858125209808e-02,1.628565974533557892e-02,1.225178241729736328e-01,7.802373915910720825e-02,9.753576666116714478e-02,-2.996303737163543701e-01,-8.617480844259262085e-02,1.254652142524719238e-01,4.050736129283905029e-02,-1.534258872270584106e-01,-1.056047454476356506e-01,-2.165148407220840454e-01,-1.674999147653579712e-01,-1.769898533821105957e-01,-3.276210725307464600e-01,2.137577384710311890e-01,1.489342153072357178e-01,8.398102223873138428e-02,-1.550759971141815186e-01,2.110214438289403915e-03,-8.467032760381698608e-02,-1.771497726440429688e-01,0.000000000000000000e+00
-1.007389426231384277e-01,8.740710467100143433e-02,-2.445835024118423462e-01,-2.866770923137664795e-01,-2.142437547445297241e-01,-2.498449087142944336e-01,-1.639873683452606201e-01,3.222505450248718262e-01,4.133521318435668945e-01,1.350136697292327881e-01,3.348925113677978516e-01,-1.023920774459838867e-01,-2.542808055877685547e-01,1.000000000000000000e+00,1.910982131958007812e-01,6.065823882818222046e-02,1.043378561735153198e-01,6.292248517274856567e-02,1.430928558111190796e-01,2.506951093673706055e-01,-4.015415161848068237e-02,-4.906201362609863281e-02,0.000000000000000000e+00,1.646649688482284546e-01,1.476692110300064087e-01,-2.336977422237396240e-01,-2.575223743915557861e-01,-5.749463662505149841e-02,1.333956122398376465e-01,-4.229990765452384949e-02,1.626073718070983887e-01,1.039110124111175537e-01,-3.771124035120010376e-02,1.882171630859375000e-01,1.105072125792503357e-01,2.861986160278320312e-01,5.400264859199523926e-01,1.996983736753463745e-01,1.939462721347808838e-01,2.783009111881256104e-01,-1.999367624521255493e-01,1.506038159132003784e-01,4.401609301567077637e-02,3.766984939575195312e-01,6.605043262243270874e-02,2.027914971113204956e-01,2.264809608459472656e-02,0.000000000000000000e+00
-1.145065054297447205e-01,1.501384973526000977e-01,-1.582331061363220215e-01,-3.134808540344238281e-01,3.550034388899803162e-02,-2.307195365428924561e-01,-3.010013885796070099e-02,-1.592479050159454346e-01,3.499115630984306335e-02,-3.552336618304252625e-02,8.756220340728759766e-02,3.054085373878479004e-02,-5.891618132591247559e-02,1.910982131958007812e-01,1.000000000000000000e+00,-1.673803776502609253e-01,3.862411901354789734e-02,6.571498513221740723e-02,-2.536747418344020844e-02,4.253264889121055603e-02,-7.093235105276107788e-02,1.205961033701896667e-01,0.000000000000000000e+00,1.491958200931549072e-01,7.365198805928230286e-03,-9.431198239326477051e-02,-3.820951879024505615e-01,-1.449747532606124878e-01,-1.439302861690521240e-01,5.880757234990596771e-03,8.471613377332687378e-02,-3.088826872408390045e-02,1.863860785961151123e-01,8.492913842201232910e-02,2.395041733980178833e-01,1.945476680994033813e-01,3.402808681130409241e-02,3.979010283946990967e-01,2.846598029136657715e-01,2.254146486520767212e-01,2.993523180484771729e-01,1.367760449647903442e-01,1.394470185041427612e-01,-1.619435846805572510e-01,1.484485808759927750e-02,2.225488126277923584e-01,1.522483229637145996e-01,0.000000000000000000e+00
-4.145260527729988098e-02,2.168236300349235535e-02,-8.812760561704635620e-02,3.073908016085624695e-02,-1.344632077962160110e-02,-1.072314474731683731e-02,1.079210918396711349e-02,2.552613914012908936e-01,1.648789495229721069e-01,1.439858824014663696e-01,1.465231627225875854e-01,-6.303312629461288452e-02,-3.603712841868400574e-02,6.065823882818222046e-02,-1.673803776502609253e-01,1.000000000000000000e+00,1.322986781597137451e-01,7.499671541154384613e-03,2.577029168605804443e-01,1.621488034725189209e-01,2.619789242744445801e-01,4.829878732562065125e-02,0.000000000000000000e+00,1.183089539408683777e-01,2.328781187534332275e-01,1.703925989568233490e-02,1.267739683389663696e-01,-1.736516505479812622e-01,3.998860716819763184e-02,1.216414719820022583e-01,-4.158220067620277405e-02,7.722515612840652466e-02,-7.536619156599044800e-02,8.090087026357650757e-02,5.315947532653808594e-02,1.000428795814514160e-01,1.933685839176177979e-01,-1.457239687442779541e-01,-1.245632488280534744e-02,3.396311029791831970e-02,-2.028558999300003052e-01,1.513937264680862427e-01,1.296536922454833984e-01,2.518388032913208008e-01,2.062994092702865601e-01,1.052232161164283752e-01,-7.881805300712585449e-02,0.000000000000000000e+00
-5.180194973945617676e-01,1.853792965412139893e-01,-8.018878102302551270e-02,1.082766354084014893e-01,-5.123724788427352905e-02,-4.993664845824241638e-02,5.660604834556579590e-01,9.215228259563446045e-02,1.117442622780799866e-01,1.061226800084114075e-01,6.537468731403350830e-02,3.885078802704811096e-02,-7.042669504880905151e-02,1.043378561735153198e-01,3.862411901354789734e-02,1.322986781597137451e-01,1.000000000000000000e+00,6.313166618347167969e-01,5.871073603630065918e-01,6.039577126502990723e-01,2.816634774208068848e-01,8.936870098114013672e-02,0.000000000000000000e+00,-6.897846609354019165e-02,1.456445455551147461e-01,2.555869519710540771e-01,1.027840748429298401e-01,-5.092367529869079590e-01,-1.774111390113830566e-01,2.041588872671127319e-01,1.177430823445320129e-01,1.691892594099044800e-01,2.904078736901283264e-02,2.486738711595535278e-01,3.539522364735603333e-02,-7.227361202239990234e-02,2.560463845729827881e-01,1.294771432876586914e-01,-4.268573969602584839e-02,1.305148936808109283e-02,8.842781931161880493e-02,3.933415412902832031e-01,4.229485392570495605e-01,4.133532941341400146e-02,8.736715465784072876e-02,3.146288096904754639e-01,-1.560988724231719971e-01,0.000000000000000000e+00
-4.948448240756988525e-01,1.416879296302795410e-01,-1.275717373937368393e-02,5.769451614469289780e-03,-1.512068063020706177e-01,-1.292986273765563965e-01,4.519898891448974609e-01,-8.543520234525203705e-03,6.439103931188583374e-02,2.520586363971233368e-03,2.264569746330380440e-03,6.793799996376037598e-02,-1.994740515947341919e-01,6.292248517274856567e-02,6.571498513221740723e-02,7.499671541154384613e-03,6.313166618347167969e-01,1.000000000000000000e+00,3.991094529628753662e-01,4.678752720355987549e-01,1.322226077318191528e-01,4.190081730484962463e-02,0.000000000000000000e+00,-1.074422895908355713e-02,1.030734255909919739e-01,2.066316157579421997e-01,5.135058239102363586e-02,-3.622711896896362305e-01,-1.324854046106338501e-01,1.297916024923324585e-01,1.837985962629318237e-01,1.508927047252655029e-01,-5.170739069581031799e-02,1.619856506586074829e-01,1.344638783484697342e-02,-7.468263059854507446e-02,1.315047740936279297e-01,1.206160113215446472e-01,-1.741251163184642792e-02,1.568987518548965454e-01,5.083954706788063049e-02,2.449671924114227295e-01,2.867621481418609619e-01,-1.976554468274116516e-02,8.314868807792663574e-02,2.719518244266510010e-01,-7.725632190704345703e-02,0.000000000000000000e+00
-3.511906266212463379e-01,1.959631890058517456e-01,3.709807619452476501e-02,1.103520244359970093e-01,2.100561745464801788e-02,-5.034631118178367615e-03,3.102165758609771729e-01,2.126160115003585815e-01,2.169533073902130127e-01,8.121838420629501343e-02,2.858152054250240326e-02,-1.444791257381439209e-01,-8.486723154783248901e-02,1.430928558111190796e-01,-2.536747418344020844e-02,2.577029168605804443e-01,5.871073603630065918e-01,3.991094529628753662e-01,1.000000000000000000e+00,5.708446502685546875e-01,4.033947288990020752e-01,1.410729289054870605e-01,0.000000000000000000e+00,-7.646829634904861450e-02,2.531942427158355713e-01,3.117345273494720459e-01,1.617812216281890869e-01,-3.852021694183349609e-01,-1.141128242015838623e-01,5.305758491158485413e-02,-1.137064695358276367e-01,9.878200292587280273e-02,2.703061886131763458e-02,2.436713427305221558e-01,1.866674609482288361e-02,-5.188428983092308044e-02,3.244169056415557861e-01,3.339906455948948860e-03,-6.972676515579223633e-02,7.669785618782043457e-02,1.690585538744926453e-02,4.007585644721984863e-01,4.342894256114959717e-01,1.679217815399169922e-01,1.356081105768680573e-02,3.022009134292602539e-01,-1.999828517436981201e-01,0.000000000000000000e+00
-3.691425621509552002e-01,6.704438477754592896e-02,-1.421691179275512695e-01,-1.220366880297660828e-01,-3.687636926770210266e-02,-1.467442065477371216e-01,2.707183063030242920e-01,1.111857965588569641e-01,1.057896912097930908e-01,3.116619586944580078e-02,-3.175197914242744446e-02,-2.370232045650482178e-01,5.560344085097312927e-03,2.506951093673706055e-01,4.253264889121055603e-02,1.621488034725189209e-01,6.039577126502990723e-01,4.678752720355987549e-01,5.708446502685546875e-01,1.000000000000000000e+00,3.034187257289886475e-01,1.190198734402656555e-01,0.000000000000000000e+00,2.124791145324707031e-01,1.810671538114547729e-01,8.366269618272781372e-02,1.310290209949016571e-02,-3.648670315742492676e-01,-1.602413356304168701e-01,1.811324506998062134e-01,7.272299379110336304e-02,1.234042271971702576e-01,4.245178773999214172e-02,1.809012740850448608e-01,4.023798182606697083e-02,1.855125725269317627e-01,4.292472004890441895e-01,3.860362619161605835e-02,4.709858074784278870e-02,1.994720250368118286e-01,3.211915493011474609e-02,4.745363295078277588e-01,5.029780864715576172e-01,6.340228766202926636e-02,8.205088973045349121e-02,4.789911508560180664e-01,-2.966722473502159119e-02,0.000000000000000000e+00
-1.360691189765930176e-01,6.749883294105529785e-02,1.306399106979370117e-01,1.050937920808792114e-01,7.004338502883911133e-02,-3.543777018785476685e-02,1.695519834756851196e-01,8.836302906274795532e-02,1.410258188843727112e-02,-3.219617903232574463e-02,-8.946900069713592529e-02,-1.296624094247817993e-01,-5.279812589287757874e-02,-4.015415161848068237e-02,-7.093235105276107788e-02,2.619789242744445801e-01,2.816634774208068848e-01,1.322226077318191528e-01,4.033947288990020752e-01,3.034187257289886475e-01,1.000000000000000000e+00,-1.725958660244941711e-02,0.000000000000000000e+00,-4.075178410857915878e-03,2.338736057281494141e-01,1.898746490478515625e-01,1.796020418405532837e-01,-2.238579243421554565e-01,-1.552152633666992188e-01,7.868564873933792114e-02,-8.659057319164276123e-02,1.109341457486152649e-01,-3.776511549949645996e-02,-3.402261063456535339e-04,-3.525018692016601562e-02,-7.410446554422378540e-02,1.206902265548706055e-01,-1.366602480411529541e-01,-1.294217854738235474e-01,-1.507386192679405212e-02,2.805099263787269592e-02,2.430148124694824219e-01,2.747809886932373047e-01,1.081612147390842438e-02,2.222709730267524719e-02,1.850773692131042480e-01,1.562782377004623413e-02,0.000000000000000000e+00
-2.643913589417934418e-02,1.030655428767204285e-01,-8.860451728105545044e-02,1.300694048404693604e-01,9.433969855308532715e-02,1.191490292549133301e-01,1.541441977024078369e-01,-1.129103377461433411e-01,-6.012520939111709595e-02,1.601151674985885620e-01,-8.022157102823257446e-02,1.088740527629852295e-01,7.372519373893737793e-02,-4.906201362609863281e-02,1.205961033701896667e-01,4.829878732562065125e-02,8.936870098114013672e-02,4.190081730484962463e-02,1.410729289054870605e-01,1.190198734402656555e-01,-1.725958660244941711e-02,1.000000000000000000e+00,0.000000000000000000e+00,2.076428383588790894e-02,-3.240901976823806763e-02,1.912369281053543091e-01,1.494673546403646469e-03,-7.643323391675949097e-02,1.153489723801612854e-01,1.665677577257156372e-01,-1.634544730186462402e-01,-3.025063872337341309e-02,-4.229263961315155029e-02,1.782021373510360718e-01,3.593231365084648132e-02,-1.465810928493738174e-02,-1.232028901576995850e-01,-9.186419099569320679e-02,-1.156138107180595398e-01,-4.258357360959053040e-02,9.799277782440185547e-02,1.486600041389465332e-01,1.278354972600936890e-01,1.112643778324127197e-01,1.663086712360382080e-01,4.215776175260543823e-02,-1.899249106645584106e-01,0.000000000000000000e+00
0.000000000000000000e+00,0.000000000000000000e+00,0.000000000000000000e+00,0.000000000000000000e+00,0.000000000000000000e+00,0.000000000000000000e+00,0.000000000000000000e+00,0.000000000000000000e+00,0.000000000000000000e+00,0.000000000000000000e+00,0.000000000000000000e+00,0.000000000000000000e+00,0.000000000000000000e+00,0.000000000000000000e+00,0.000000000000000000e+00,0.000000000000000000e+00,0.000000000000000000e+00,0.000000000000000000e+00,0.000000000000000000e+00,0.000000000000000000e+00,0.000000000000000000e+00,0.000000000000000000e+00,1.000000000000000000e+00,0.000000000000000000e+00,0.000000000000000000e+00,0.000000000000000000e+00,0.000000000000000000e+00,0.000000000000000000e+00,0.000000000000000000e+00,0.000000000000000000e+00,0.000000000000000000e+00,0.000000000000000000e+00,0.000000000000000000e+00,0.000000000000000000e+00,0.000000000000000000e+00,0.000000000000000000e+00,0.000000000000000000e+00,0.000000000000000000e+00,0.000000000000000000e+00,0.000000000000000000e+00,0.000000000000000000e+00,0.000000000000000000e+00,0.000000000000000000e+00,0.000000000000000000e+00,0.000000000000000000e+00,0.000000000000000000e+00,0.000000000000000000e+00,0.000000000000000000e+00
-1.130122095346450806e-01,-8.797574788331985474e-02,-3.306902050971984863e-01,-3.893171548843383789e-01,-1.371568143367767334e-01,-2.215971052646636963e-01,-2.207269966602325439e-01,1.002930626273155212e-01,1.556317806243896484e-01,-1.592180575244128704e-03,7.927574217319488525e-02,-1.632278114557266235e-01,-6.477373838424682617e-02,1.646649688482284546e-01,1.491958200931549072e-01,1.183089539408683777e-01,-6.897846609354019165e-02,-1.074422895908355713e-02,-7.646829634904861450e-02,2.124791145324707031e-01,-4.075178410857915878e-03,2.076428383588790894e-02,0.000000000000000000e+00,1.000000000000000000e+00,1.879775337874889374e-02,-2.307101339101791382e-01,-2.045597434043884277e-01,-1.089613065123558044e-01,-9.705764800310134888e-02,2.602305710315704346e-01,4.320350289344787598e-01,9.554158151149749756e-02,-9.315429627895355225e-02,-5.715773254632949829e-02,3.607378602027893066e-01,6.657734513282775879e-01,2.628576159477233887e-01,2.061210721731185913e-01,4.207679629325866699e-01,3.817129731178283691e-01,-1.134540066123008728e-01,1.517546027898788452e-01,2.849139571189880371e-01,7.150357961654663086e-02,2.785680890083312988e-01,4.528110027313232422e-01,5.115655660629272461e-01,0.000000000000000000e+00
-1.452689319849014282e-01,7.927584648132324219e-02,4.153336957097053528e-02,-8.182200044393539429e-02,-1.535700410604476929e-01,-1.826149970293045044e-01,-9.296788275241851807e-02,2.472336441278457642e-01,1.994530409574508667e-01,2.258369512856006622e-02,7.847062498331069946e-02,-9.312519431114196777e-02,-1.143458336591720581e-01,1.476692110300064087e-01,7.365198805928230286e-03,2.328781187534332275e-01,1.456445455551147461e-01,1.030734255909919739e-01,2.531942427158355713e-01,1.810671538114547729e-01,2.338736057281494141e-01,-3.240901976823806763e-02,0.000000000000000000e+00,1.879775337874889374e-02,1.000000000000000000e+00,-1.408774126321077347e-02,1.863255649805068970e-01,-1.437951624393463135e-01,6.223347038030624390e-03,1.301413867622613907e-02,-4.713094234466552734e-02,1.740220636129379272e-01,-1.113972887396812439e-01,1.096372306346893311e-01,1.351069509983062744e-01,7.233710587024688721e-02,1.218117401003837585e-01,-2.795697189867496490e-02,-4.646723344922065735e-02,-3.245769813656806946e-02,-2.153149694204330444e-01,7.859333604574203491e-02,4.699663817882537842e-02,2.622128427028656006e-01,9.733258187770843506e-02,6.202377378940582275e-03,7.224105298519134521e-03,0.000000000000000000e+00
-3.315361142158508301e-01,2.633306682109832764e-01,3.619187176227569580e-01,4.904427826404571533e-01,-7.439789175987243652e-02,1.033188328146934509e-01,5.204059481620788574e-01,-1.499216556549072266e-01,-1.194440200924873352e-01,-6.788843125104904175e-02,-1.995393335819244385e-01,5.018521845340728760e-02,-1.047903858125209808e-02,-2.336977422237396240e-01,-9.431198239326477051e-02,1.703925989568233490e-02,2.555869519710540771e-01,2.066316157579421997e-01,3.117345273494720459e-01,8.366269618272781372e-02,1.898746490478515625e-01,1.912369281053543091e-01,0.000000000000000000e+00,-2.307101339101791382e-01,-1.408774126321077347e-02,1.000000000000000000e+00,2.593010663986206055e-01,-1.739482134580612183e-01,1.138899847865104675e-01,3.019942641258239746e-01,-7.939973473548889160e-02,2.535335719585418701e-01,-2.431091666221618652e-01,3.399446308612823486e-01,9.944291412830352783e-02,-3.539121747016906738e-01,-1.456815600395202637e-01,-5.400383844971656799e-02,-3.404885232448577881e-01,-3.003738820552825928e-01,7.052085548639297485e-02,1.322629004716873169e-01,1.091838330030441284e-01,4.199901223182678223e-02,1.072949618101119995e-01,-8.954071253538131714e-02,-1.044327318668365479e-01,0.000000000000000000e+00
-1.714081466197967529e-01,1.380721386522054672e-02,1.410601586103439331e-01,3.405296504497528076e-01,-1.964682154357433319e-02,2.206802219152450562e-01,1.630915403366088867e-01,6.549899280071258545e-02,-3.269379958510398865e-02,-1.765213720500469208e-02,-1.669348776340484619e-01,-2.262975089251995087e-02,1.628565974533557892e-02,-2.575223743915557861e-01,-3.820951879024505615e-01,1.267739683389663696e-01,1.027840748429298401e-01,5.135058239102363586e-02,1.617812216281890869e-01,1.310290209949016571e-02,1.796020418405532837e-01,1.494673546403646469e-03,0.000000000000000000e+00,-2.045597434043884277e-01,1.863255649805068970e-01,2.593010663986206055e-01,1.000000000000000000e+00,-1.493872255086898804e-01,-1.586456894874572754e-01,9.880980104207992554e-02,-9.841288626194000244e-02,2.728340681642293930e-03,1.930616609752178192e-02,1.025042310357093811e-02,-1.232925504446029663e-01,-2.430032342672348022e-01,-9.203112125396728516e-02,-1.548339128494262695e-01,-1.760610044002532959e-01,-2.748434245586395264e-01,-7.916308194398880005e-02,4.582858458161354065e-02,1.897585391998291016e-02,9.966266155242919922e-02,6.423306465148925781e-02,-1.303249150514602661e-01,-7.319647073745727539e-02,0.000000000000000000e+00
5.542874336242675781e-01,-1.724319010972976685e-01,2.947241663932800293e-01,-3.021762706339359283e-02,1.374174207448959351e-01,1.360699385404586792e-01,-4.270140230655670166e-01,-1.180877164006233215e-01,-1.707225590944290161e-01,-1.819317787885665894e-02,-9.541147202253341675e-02,-1.346168946474790573e-02,1.225178241729736328e-01,-5.749463662505149841e-02,-1.449747532606124878e-01,-1.736516505479812622e-01,-5.092367529869079590e-01,-3.622711896896362305e-01,-3.852021694183349609e-01,-3.648670315742492676e-01,-2.238579243421554565e-01,-7.643323391675949097e-02,0.000000000000000000e+00,-1.089613065123558044e-01,-1.437951624393463135e-01,-1.739482134580612183e-01,-1.493872255086898804e-01,1.000000000000000000e+00,4.028664529323577881e-01,-2.552394866943359375e-01,-2.551831901073455811e-01,-8.243837952613830566e-02,3.237298130989074707e-02,-2.390086948871612549e-01,-3.511055111885070801e-01,-1.784097701311111450e-01,-2.448788434267044067e-01,-2.954516410827636719e-01,-1.678683459758758545e-01,-1.252202540636062622e-01,1.402225252240896225e-02,-2.995873093605041504e-01,-4.446274042129516602e-01,-7.999749481678009033e-02,-2.428332865238189697e-01,-3.829850852489471436e-01,-6.224961578845977783e-02,0.000000000000000000e+00
2.392674833536148071e-01,1.193927600979804993e-01,8.653367310762405396e-02,2.080178856849670410e-01,-1.312800943851470947e-01,5.192938074469566345e-02,-5.133374407887458801e-02,1.426112279295921326e-02,-4.285577218979597092e-03,1.369842737913131714e-01,1.213308349251747131e-01,1.079317629337310791e-01,7.802373915910720825e-02,1.333956122398376465e-01,-1.439302861690521240e-01,3.998860716819763184e-02,-1.774111390113830566e-01,-1.324854046106338501e-01,-1.141128242015838623e-01,-1.602413356304168701e-01,-1.552152633666992188e-01,1.153489723801612854e-01,0.000000000000000000e+00,-9.705764800310134888e-02,6.223347038030624390e-03,1.138899847865104675e-01,-1.586456894874572754e-01,4.028664529323577881e-01,1.000000000000000000e+00,2.014417760074138641e-02,-1.943047940731048584e-01,2.608574628829956055e-01,-1.511286199092864990e-01,2.107320278882980347e-01,-9.109637886285781860e-02,-1.853693872690200806e-01,-1.329211145639419556e-01,-2.404768317937850952e-01,-3.509106636047363281e-01,-2.118875384330749512e-01,-2.025634348392486572e-01,-1.316754668951034546e-01,-2.882123291492462158e-01,2.621276080608367920e-01,3.268872946500778198e-02,-3.087525069713592529e-01,-2.405701577663421631e-01,0.000000000000000000e+00
-3.383477628231048584e-01,1.330907791852951050e-01,-2.164604812860488892e-01,1.252263188362121582e-01,-8.482745289802551270e-02,6.913859397172927856e-02,3.631949424743652344e-01,-1.174931153655052185e-01,-7.575203478336334229e-02,5.790648981928825378e-02,-3.667561337351799011e-02,7.248287647962570190e-02,9.753577411174774170e-02,-4.229990765452384949e-02,5.880757234990596771e-03,1.216414719820022583e-01,2.041588872671127319e-01,1.297916024923324585e-01,5.305758491158485413e-02,1.811324506998062134e-01,7.868564873933792114e-02,1.665677577257156372e-01,0.000000000000000000e+00,2.602305710315704346e-01,1.301413867622613907e-02,3.019942641258239746e-01,9.880980104207992554e-02,-2.552394866943359375e-01,2.014417760074138641e-02,1.000000000000000000e+00,2.863577306270599365e-01,2.103694230318069458e-01,-2.083860635757446289e-01,2.122091799974441528e-01,3.119708299636840820e-01,1.883771717548370361e-01,-3.757159784436225891e-02,8.970214426517486572e-02,-1.696986518800258636e-02,-1.505497246980667114e-01,-4.962195456027984619e-02,2.980070412158966064e-01,2.886230945587158203e-01,1.212069168686866760e-01,4.356872439384460449e-01,1.708828210830688477e-01,1.486963778734207153e-01,0.000000000000000000e+00
-4.242053627967834473e-01,-9.786657989025115967e-02,-2.421739548444747925e-01,-2.053753733634948730e-01,-3.709869384765625000e-01,-2.904583513736724854e-01,4.687942937016487122e-02,2.042294442653656006e-01,3.611498773097991943e-01,1.657339334487915039e-01,3.324654996395111084e-01,2.313733100891113281e-01,-2.996303439140319824e-01,1.626073718070983887e-01,8.471613377332687378e-02,-4.158220067620277405e-02,1.177430823445320129e-01,1.837985962629318237e-01,-1.137064695358276367e-01,7.272299379110336304e-02,-8.659057319164276123e-02,-1.634544730186462402e-01,0.000000000000000000e+00,4.320350289344787598e-01,-4.713094234466552734e-02,-7.939973473548889160e-02,-9.841288626194000244e-02,-2.551831901073455811e-01,-1.943047940731048584e-01,2.863577306270599365e-01,1.000000000000000000e+00,2.241961359977722168e-01,-1.834339499473571777e-01,2.682112157344818115e-02,3.867894709110260010e-01,4.457308351993560791e-01,2.843400239944458008e-01,4.219544529914855957e-01,5.027649402618408203e-01,2.341389060020446777e-01,-1.834659129381179810e-01,-1.071220561861991882e-01,3.514788672327995300e-02,1.626430749893188477e-01,1.731585711240768433e-01,1.671693921089172363e-01,5.703247785568237305e-01,0.000000000000000000e+00
-3.121250867843627930e-01,5.942562222480773926e-02,8.704961091279983521e-02,8.201393298804759979e-03,-4.261247217655181885e-01,-3.777581751346588135e-01,1.595058888196945190e-01,1.120774894952774048e-01,1.946289837360382080e-01,2.043764889240264893e-01,1.924193054437637329e-01,1.753959655761718750e-01,-8.617480844259262085e-02,1.039110124111175537e-01,-3.088826872408390045e-02,7.722514867782592773e-02,1.691892445087432861e-01,1.508927047252655029e-01,9.878201037645339966e-02,1.234042271971702576e-01,1.109341531991958618e-01,-3.025063872337341309e-02,0.000000000000000000e+00,9.554158896207809448e-02,1.740220487117767334e-01,2.535335719585418701e-01,2.728340681642293930e-03,-8.243837207555770874e-02,2.608574628829956055e-01,2.103694379329681396e-01,2.241961359977722168e-01,1.000000000000000000e+00,-1.834725737571716309e-01,2.803567349910736084e-01,1.257846206426620483e-01,-1.326727028936147690e-02,1.227170825004577637e-01,3.999871015548706055e-02,-4.108132794499397278e-02,-1.380914300680160522e-01,-2.007190138101577759e-01,-8.175081759691238403e-02,-1.117973700165748596e-01,2.838355600833892822e-01,7.257390022277832031e-02,-1.092517524957656860e-01,1.697092801332473755e-01,0.000000000000000000e+00
