1.000000000000000000e+00,-3.471403121948242188e-01,-2.866712212562561035e-01,-4.122934639453887939e-01,-9.489107131958007812e-02,-4.012313485145568848e-01,-1.513863168656826019e-02,-5.090746879577636719e-01,9.519455581903457642e-02,1.678522974252700806e-01,-4.149131104350090027e-02,4.164868593215942383e-02,4.995143041014671326e-02,-2.801848948001861572e-01,-5.042751431465148926e-01,-1.011695489287376404e-01,2.248719632625579834e-01,8.320654183626174927e-02,2.499243989586830139e-02,-1.437429338693618774e-01,1.097594872117042542e-01,0.000000000000000000e+00,0.000000000000000000e+00,1.308507323265075684e-01,3.418961763381958008e-01,-1.784401535987854004e-01,3.767583519220352173e-02,6.346362829208374023e-01,5.566964149475097656e-01,2.815516889095306396e-01,3.634138703346252441e-01,0.000000000000000000e+00,3.065667450428009033e-01,-3.989194333553314209e-01,-5.006345510482788086e-01,-4.001548886299133301e-01,-3.227714002132415771e-01,-5.828949213027954102e-01,-5.146900415420532227e-01,-3.221819698810577393e-01,-2.227695882320404053e-01,-1.238045170903205872e-01,3.118448853492736816e-01,-3.820146322250366211e-01,-1.731091141700744629e-01,3.556658923625946045e-01,-4.027364775538444519e-02,0.000000000000000000e+00
-3.471403121948242188e-01,1.000000000000000000e+00,6.366482377052307129e-01,6.679619550704956055e-01,5.929115414619445801e-01,7.187572121620178223e-01,8.179237693548202515e-02,5.694106817245483398e-01,1.036372855305671692e-01,-1.977854520082473755e-01,-1.625340082682669163e-03,-1.484141498804092407e-01,1.024063602089881897e-01,2.398571521043777466e-01,1.524209231138229370e-01,-6.191966682672500610e-02,-1.964461058378219604e-01,-3.994513675570487976e-02,5.840625986456871033e-02,9.360473603010177612e-02,-1.170883551239967346e-01,0.000000000000000000e+00,0.000000000000000000e+00,-1.070993840694427490e-01,-2.554539740085601807e-01,3.456640541553497314e-01,5.100639462471008301e-01,-2.399112135171890259e-01,-1.152380332350730896e-01,-6.198053956031799316e-01,-5.679804086685180664e-01,0.000000000000000000e+00,2.961091101169586182e-01,3.597675859928131104e-01,3.257586807012557983e-02,-2.842385694384574890e-02,4.815542995929718018e-01,2.249391973018646240e-01,6.994193047285079956e-02,1.089040189981460571e-01,7.244886159896850586e-01,5.611795186996459961e-01,-4.280089437961578369e-01,6.994407176971435547e-01,1.641057580709457397e-01,-4.667126536369323730e-01,-5.016440059989690781e-03,0.000000000000000000e+00
-2.866712212562561035e-01,6.366482377052307129e-01,1.000000000000000000e+00,7.439853549003601074e-01,4.977170526981353760e-01,6.598066687583923340e-01,2.765653133392333984e-01,5.355941653251647949e-01,1.794330626726150513e-01,-3.833462297916412354e-01,-5.513975769281387329e-02,-2.966179251670837402e-01,1.297069191932678223e-01,1.778023689985275269e-01,5.986606329679489136e-02,-2.103597857058048248e-02,-1.717230230569839478e-01,4.096593707799911499e-03,2.643742226064205170e-02,2.051963359117507935e-01,-1.873225718736648560e-01,0.000000000000000000e+00,0.000000000000000000e+00,-1.838120222091674805e-01,-2.076784819364547729e-01,4.776606559753417969e-01,4.297912120819091797e-01,-4.872781038284301758e-02,4.187241196632385254e-02,-6.003126502037048340e-01,-5.954202413558959961e-01,0.000000000000000000e+00,1.838963627815246582e-01,1.104761138558387756e-01,-9.827742725610733032e-02,-1.703342348337173462e-01,2.873445451259613037e-01,8.086906373500823975e-02,-2.690673619508743286e-02,5.212276801466941833e-02,6.381956934928894043e-01,4.254512190818786621e-01,-4.661515653133392334e-01,4.466199576854705811e-01,-5.959462001919746399e-02,-5.639751553535461426e-01,-5.752583499997854233e-03,0.000000000000000000e+00
-4.122934639453887939e-01,6.679619550704956055e-01,7.439853549003601074e-01,1.000000000000000000e+00,6.315399408340454102e-01,7.846821546554565430e-01,9.923195838928222656e-02,6.374051570892333984e-01,8.853723108768463135e-02,-4.094671308994293213e-01,-5.847674235701560974e-02,-2.974868118762969971e-01,1.158276796340942383e-01,2.879217565059661865e-01,2.726072967052459717e-01,5.251304432749748230e-02,-2.987672984600067139e-01,-3.706884756684303284e-02,8.077061921358108521e-02,1.729048341512680054e-01,-1.938359588384628296e-01,0.000000000000000000e+00,0.000000000000000000e+00,2.342292666435241699e-02,-3.136622309684753418e-01,2.348640859127044678e-01,4.123542606830596924e-01,-1.895646005868911743e-01,-1.661124378442764282e-01,-6.722927689552307129e-01,-5.516273975372314453e-01,0.000000000000000000e+00,1.387672126293182373e-01,2.901369929313659668e-01,6.584069132804870605e-02,4.923539236187934875e-02,3.927335739135742188e-01,2.846597731113433838e-01,1.496277451515197754e-01,2.201198488473892212e-01,7.260951995849609375e-01,2.712806761264801025e-01,-5.973536372184753418e-01,5.270998477935791016e-01,-1.142668500542640686e-01,-6.723868846893310547e-01,1.272956281900405884e-01,0.000000000000000000e+00
-9.489107131958007812e-02,5.929115414619445801e-01,4.977170526981353760e-01,6.315399408340454102e-01,1.000000000000000000e+00,6.506145000457763672e-01,-1.328734457492828369e-01,4.761062264442443848e-01,1.830067187547683716e-01,-3.027594685554504395e-01,5.884894728660583496e-02,-1.093321591615676880e-01,1.523161232471466064e-01,3.386029005050659180e-01,1.995466649532318115e-01,-3.070316649973392487e-02,-2.613003551959991455e-01,-1.132616307586431503e-03,1.957787424325942993e-01,3.710316866636276245e-02,-1.076602637767791748e-01,0.000000000000000000e+00,0.000000000000000000e+00,8.981690555810928345e-02,-8.038961142301559448e-02,-3.752254694700241089e-02,5.546830892562866211e-01,6.213651597499847412e-02,3.511499986052513123e-02,-5.683096647262573242e-01,-3.615351319313049316e-01,0.000000000000000000e+00,4.478928744792938232e-01,3.157573938369750977e-01,-2.121371179819107056e-01,-1.632492691278457642e-01,4.527328908443450928e-01,7.238193601369857788e-02,-1.032173633575439453e-01,9.031841903924942017e-02,7.532768845558166504e-01,8.026262372732162476e-02,-4.458213448524475098e-01,4.439996480941772461e-01,-2.444143295288085938e-01,-5.271980762481689453e-01,1.551204472780227661e-01,0.000000000000000000e+00
-4.012313485145568848e-01,7.187572717666625977e-01,6.598066091537475586e-01,7.846821546554565430e-01,6.506145000457763672e-01,1.000000000000000000e+00,3.985788673162460327e-02,6.001052856445312500e-01,1.091490462422370911e-01,-3.709661066532135010e-01,-4.454390704631805420e-02,-2.694812417030334473e-01,-6.310247629880905151e-02,2.976505458354949951e-01,2.756325602531433105e-01,-1.097492501139640808e-02,-2.841596901416778564e-01,-6.431500613689422607e-02,1.401665508747100830e-01,5.532513931393623352e-02,-1.899888068437576294e-01,0.000000000000000000e+00,0.000000000000000000e+00,2.775754407048225403e-02,-3.180802762508392334e-01,2.006910592317581177e-01,4.127934873104095459e-01,-2.144465297460556030e-01,-1.723191142082214355e-01,-6.374157071113586426e-01,-5.358228683471679688e-01,0.000000000000000000e+00,1.634509116411209106e-01,2.750440537929534912e-01,6.386061012744903564e-02,6.762460619211196899e-02,3.654638528823852539e-01,2.827179133892059326e-01,1.496374905109405518e-01,2.177372872829437256e-01,7.577716708183288574e-01,3.148020803928375244e-01,-5.492056012153625488e-01,5.615007877349853516e-01,-3.786661103367805481e-02,-6.205705404281616211e-01,9.233334660530090332e-02,0.000000000000000000e+00
-1.513863168656826019e-02,8.179237693548202515e-02,2.765653133392333984e-01,9.923195838928222656e-02,-1.328734457492828369e-01,3.985788673162460327e-02,1.000000000000000000e+00,5.168075487017631531e-02,7.732991129159927368e-02,-1.160311885178089142e-02,6.821931898593902588e-02,-6.557466089725494385e-02,1.782942749559879303e-02,-4.488993063569068909e-02,-3.724442124366760254e-01,-1.969654262065887451e-01,5.981627702713012695e-01,7.255681604146957397e-02,1.018112078309059143e-01,2.070351503789424896e-02,7.667519152164459229e-02,0.000000000000000000e+00,0.000000000000000000e+00,-2.028032541275024414e-01,2.233573347330093384e-01,5.903443098068237305e-01,1.741257458925247192e-01,-7.089474238455295563e-03,1.542244851589202881e-01,1.521687656641006470e-01,1.116275042295455933e-02,0.000000000000000000e+00,1.420641243457794189e-01,-2.983909249305725098e-01,-2.417451143264770508e-01,-2.696354091167449951e-01,-1.014194265007972717e-01,-3.287268579006195068e-01,-3.357183039188385010e-01,-4.110707938671112061e-01,2.057747729122638702e-02,4.108612835407257080e-01,2.852478325366973877e-01,-4.243661533109843731e-04,1.341477185487747192e-01,1.437368690967559814e-01,-3.849802166223526001e-02,0.000000000000000000e+00
-5.090746879577636719e-01,5.694107413291931152e-01,5.355942249298095703e-01,6.374051570892333984e-01,4.761062264442443848e-01,6.001052856445312500e-01,5.168075487017631531e-02,1.000000000000000000e+00,1.227440387010574341e-01,-2.907626926898956299e-01,1.932321190834045410e-01,-1.098688468337059021e-01,5.803314596414566040e-02,3.611479103565216064e-01,3.443632423877716064e-01,-1.937894732691347599e-03,-2.653533220291137695e-01,-1.465060263872146606e-01,-2.829577215015888214e-02,1.584201306104660034e-01,-6.074656173586845398e-02,0.000000000000000000e+00,0.000000000000000000e+00,-2.303015142679214478e-01,-2.193719893693923950e-01,2.075103372335433960e-01,3.436493873596191406e-01,-3.079124391078948975e-01,-2.593171298503875732e-01,-4.752196967601776123e-01,-5.053918957710266113e-01,0.000000000000000000e+00,1.104473769664764404e-01,3.297815322875976562e-01,9.527818858623504639e-02,1.202503405511379242e-02,4.059385359287261963e-01,3.283697366714477539e-01,1.616867035627365112e-01,1.118495687842369080e-01,5.763601064682006836e-01,1.803030967712402344e-01,-3.951849341392517090e-01,5.335163474082946777e-01,1.246674545109272003e-02,-4.870117306709289551e-01,3.427972272038459778e-02,0.000000000000000000e+00
9.519454836845397949e-02,1.036372855305671692e-01,1.794330626726150513e-01,8.853723108768463135e-02,1.830067187547683716e-01,1.091490536928176880e-01,7.732991129159927368e-02,1.227440387010574341e-01,1.000000000000000000e+00,3.034244477748870850e-01,4.103949666023254395e-01,3.744555413722991943e-01,4.374128952622413635e-02,3.824215233325958252e-01,-9.017503261566162109e-02,1.888586729764938354e-01,-7.019518315792083740e-02,-5.775904748588800430e-03,6.648948788642883301e-02,-1.496984362602233887e-01,-4.562894627451896667e-02,0.000000000000000000e+00,0.000000000000000000e+00,-5.766496434807777405e-02,5.336254239082336426e-01,1.313436217606067657e-02,3.637486994266510010e-01,1.820940375328063965e-01,2.629254162311553955e-01,-9.322193264961242676e-02,8.712137490510940552e-02,0.000000000000000000e+00,4.447264373302459717e-01,7.216565310955047607e-02,-2.909363210201263428e-01,-4.169472754001617432e-01,1.807493269443511963e-01,-2.135614752769470215e-01,-3.897623121738433838e-01,-4.058551490306854248e-01,2.361192852258682251e-01,1.465516984462738037e-01,8.901593089103698730e-02,3.053613603115081787e-01,-1.143486946821212769e-01,1.064912006258964539e-01,-1.427835673093795776e-01,0.000000000000000000e+00
1.678522974252700806e-01,-1.977854669094085693e-01,-3.833461999893188477e-01,-4.094671308994293213e-01,-3.027594685554504395e-01,-3.709661066532135010e-01,-1.160311885178089142e-02,-2.907626926898956299e-01,3.034244179725646973e-01,1.000000000000000000e+00,3.459409475326538086e-01,6.790177226066589355e-01,-1.414048857986927032e-02,1.865014433860778809e-01,-1.137248426675796509e-01,1.454909145832061768e-01,1.705880612134933472e-01,-3.088159114122390747e-02,-8.372764289379119873e-02,-2.242383658885955811e-01,2.333830446004867554e-01,0.000000000000000000e+00,0.000000000000000000e+00,8.929354697465896606e-02,5.156405568122863770e-01,-1.897313594818115234e-01,3.553421422839164734e-02,7.441924512386322021e-02,1.443712264299392700e-01,2.699046134948730469e-01,4.137437641620635986e-01,0.000000000000000000e+00,2.049147933721542358e-01,1.397606879472732544e-01,7.595007121562957764e-02,-9.034978598356246948e-02,9.743202477693557739e-02,-5.230457335710525513e-02,-1.794431209564208984e-01,-3.616837859153747559e-01,-2.776015996932983398e-01,5.152599886059761047e-02,3.902623355388641357e-01,5.565702170133590698e-02,2.685756683349609375e-01,6.021471619606018066e-01,-1.298289895057678223e-01,0.000000000000000000e+00
-4.149131104350090027e-02,-1.625340082682669163e-03,-5.513976141810417175e-02,-5.847674235701560974e-02,5.884894728660583496e-02,-4.454390704631805420e-02,6.821931898593902588e-02,1.932321190834045410e-01,4.103949666023254395e-01,3.459409475326538086e-01,1.000000000000000000e+00,5.529941916465759277e-01,3.273944184184074402e-02,4.649472832679748535e-01,1.000187471508979797e-01,3.000001907348632812e-01,4.914358630776405334e-02,1.551770698279142380e-02,-8.439952880144119263e-02,-1.526933908462524414e-02,3.602931648492813110e-02,0.000000000000000000e+00,0.000000000000000000e+00,-1.721614897251129150e-01,5.280018448829650879e-01,-2.043121866881847382e-02,2.803019285202026367e-01,3.347404301166534424e-02,9.357426315546035767e-02,1.096136495471000671e-01,1.922654062509536743e-01,0.000000000000000000e+00,3.673495650291442871e-01,9.273879230022430420e-02,-2.119138538837432861e-01,-3.712565004825592041e-01,1.739047020673751831e-01,-1.389460712671279907e-01,-3.489193320274353027e-01,-3.899248540401458740e-01,6.620645523071289062e-02,-1.409898046404123306e-03,2.355921119451522827e-01,2.032243162393569946e-01,-4.564714431762695312e-02,2.306345701217651367e-01,-2.371940910816192627e-01,0.000000000000000000e+00
4.164868593215942383e-02,-1.484141498804092407e-01,-2.966179251670837402e-01,-2.974868118762969971e-01,-1.093321666121482849e-01,-2.694812417030334473e-01,-6.557466089725494385e-02,-1.098688468337059021e-01,3.744555413722991943e-01,6.790177226066589355e-01,5.529941916465759277e-01,1.000000000000000000e+00,-5.560915544629096985e-02,3.946986198425292969e-01,1.230426877737045288e-01,2.660121619701385498e-01,1.339353919029235840e-01,-1.497175693511962891e-01,1.292337011545896530e-02,-2.381815463304519653e-01,2.094916999340057373e-01,0.000000000000000000e+00,0.000000000000000000e+00,-1.540281157940626144e-02,5.859451889991760254e-01,-1.947649419307708740e-01,1.932698190212249756e-01,1.106283441185951233e-02,7.781791687011718750e-02,1.850340813398361206e-01,3.381268978118896484e-01,0.000000000000000000e+00,3.132661581039428711e-01,2.657585740089416504e-01,-6.759562995284795761e-03,-2.373730093240737915e-01,2.607961595058441162e-01,-1.959684537723660469e-03,-2.405380755662918091e-01,-3.668183982372283936e-01,-1.416752040386199951e-01,-4.305674880743026733e-02,3.234160244464874268e-01,7.942087203264236450e-02,3.255070745944976807e-02,4.173224866390228271e-01,-1.515403538942337036e-01,0.000000000000000000e+00
4.995142668485641479e-02,1.024063602089881897e-01,1.297069191932678223e-01,1.158276870846748352e-01,1.523161232471466064e-01,-6.310247629880905151e-02,1.782942749559879303e-02,5.803314596414566040e-02,4.374128952622413635e-02,-1.414048857986927032e-02,3.273944184184074402e-02,-5.560915544629096985e-02,1.000000000000000000e+00,1.727539300918579102e-02,-1.008628681302070618e-01,2.501180768013000488e-01,-4.901847243309020996e-02,1.609437614679336548e-01,-4.548642039299011230e-02,5.057147145271301270e-01,-5.900410562753677368e-02,0.000000000000000000e+00,0.000000000000000000e+00,5.090478062629699707e-02,5.616433545947074890e-02,-2.865495346486568451e-02,1.862042695283889771e-01,2.336528711020946503e-02,4.517452418804168701e-02,-7.045857608318328857e-02,-4.384022951126098633e-02,0.000000000000000000e+00,1.997105032205581665e-01,2.844682335853576660e-02,-1.351399123668670654e-01,-8.218277245759963989e-02,1.742175072431564331e-01,-9.393157064914703369e-02,-1.150746420025825500e-01,-2.491680532693862915e-02,1.307622492313385010e-01,9.901058673858642578e-02,4.429516941308975220e-02,6.421249359846115112e-02,2.388371899724006653e-02,-1.740365289151668549e-02,4.070813581347465515e-02,0.000000000000000000e+00
-2.801848948001861572e-01,2.398571521043777466e-01,1.778023689985275269e-01,2.879217565059661865e-01,3.386029005050659180e-01,2.976505458354949951e-01,-4.488993063569068909e-02,3.611478805541992188e-01,3.824215233325958252e-01,1.865014284849166870e-01,4.649472832679748535e-01,3.946985900402069092e-01,1.727539300918579102e-02,1.000000000000000000e+00,4.093399941921234131e-01,3.233820199966430664e-01,-1.733990907669067383e-01,-4.184634983539581299e-02,1.112623214721679688e-01,-1.120610684156417847e-01,-8.714675903320312500e-02,0.000000000000000000e+00,0.000000000000000000e+00,1.211825534701347351e-01,2.900739014148712158e-01,-1.013315394520759583e-01,4.521366059780120850e-01,-1.698047518730163574e-01,-1.276292204856872559e-01,-2.821998298168182373e-01,-3.642944991588592529e-02,0.000000000000000000e+00,3.309074938297271729e-01,5.211005806922912598e-01,8.199580013751983643e-02,-1.307668834924697876e-01,6.208912730216979980e-01,2.621389329433441162e-01,-1.156026870012283325e-01,-1.742949634790420532e-01,3.596022427082061768e-01,-6.495528668165206909e-02,-1.760289072990417480e-01,3.567682206630706787e-01,-7.790337502956390381e-02,-1.957026571035385132e-01,-6.272707879543304443e-02,0.000000000000000000e+00
-5.042751431465148926e-01,1.524209231138229370e-01,5.986606329679489136e-02,2.726072967052459717e-01,1.995466649532318115e-01,2.756325602531433105e-01,-3.724442422389984131e-01,3.443632125854492188e-01,-9.017503261566162109e-02,-1.137248426675796509e-01,1.000187397003173828e-01,1.230426877737045288e-01,-1.008628681302070618e-01,4.093399941921234131e-01,1.000000000000000000e+00,2.523573040962219238e-01,-4.428726732730865479e-01,-1.252700090408325195e-01,-7.003404945135116577e-02,3.041003458201885223e-02,-1.864405125379562378e-01,0.000000000000000000e+00,0.000000000000000000e+00,-4.001858085393905640e-02,-3.101491928100585938e-01,-1.689855158329010010e-01,-1.039546579122543335e-01,-3.104764223098754883e-01,-3.277677893638610840e-01,-3.119651377201080322e-01,-3.100407123565673828e-01,0.000000000000000000e+00,-2.931371927261352539e-01,4.475214779376983643e-01,4.750325083732604980e-01,3.196313083171844482e-01,2.669263780117034912e-01,6.743475794792175293e-01,4.947122037410736084e-01,4.478317797183990479e-01,1.673879325389862061e-01,-1.825916618108749390e-01,-3.401616513729095459e-01,2.013564407825469971e-01,3.408107906579971313e-02,-3.588832616806030273e-01,7.433968782424926758e-02,0.000000000000000000e+00
-1.011695563793182373e-01,-6.191966682672500610e-02,-2.103597857058048248e-02,5.251304432749748230e-02,-3.070316649973392487e-02,-1.097492594271898270e-02,-1.969654113054275513e-01,-1.937894732691347599e-03,1.888586729764938354e-01,1.454909294843673706e-01,3.000002205371856689e-01,2.660121619701385498e-01,2.501180768013000488e-01,3.233820199966430664e-01,2.523573040962219238e-01,1.000000000000000000e+00,-2.783742547035217285e-01,-3.006578423082828522e-02,-1.285069286823272705e-01,2.111633867025375366e-01,-1.178001314401626587e-01,0.000000000000000000e+00,0.000000000000000000e+00,1.251545995473861694e-01,1.577662378549575806e-01,-2.328412383794784546e-01,9.439431875944137573e-02,-9.146974980831146240e-02,-9.550359845161437988e-02,-8.247696608304977417e-02,8.268941938877105713e-02,0.000000000000000000e+00,2.606348693370819092e-02,1.603049039840698242e-01,1.506011933088302612e-01,5.603853240609169006e-02,1.407521963119506836e-01,1.620407849550247192e-01,5.476220324635505676e-02,7.734116166830062866e-02,3.318599984049797058e-02,-9.063974022865295410e-02,-1.009174361824989319e-01,5.854694172739982605e-02,-8.234336227178573608e-02,-5.935381166636943817e-03,-1.013481914997100830e-01,0.000000000000000000e+00
2.248719781637191772e-01,-1.964461058378219604e-01,-1.717230230569839478e-01,-2.987673282623291016e-01,-2.613003551959991455e-01,-2.841596901416778564e-01,5.981627702713012695e-01,-2.653533220291137695e-01,-7.019518315792083740e-02,1.705880761146545410e-01,4.914358258247375488e-02,1.339353919029235840e-01,-4.901847243309020996e-02,-1.733990907669067383e-01,-4.428726732730865479e-01,-2.783742547035217285e-01,1.000000000000000000e+00,1.020820364356040955e-01,3.216382265090942383e-01,-1.045080497860908508e-01,1.927101016044616699e-01,0.000000000000000000e+00,0.000000000000000000e+00,-1.024318709969520569e-01,3.646409511566162109e-01,2.144198119640350342e-01,5.756689608097076416e-02,8.470041304826736450e-02,1.489319205284118652e-01,4.029721021652221680e-01,3.596036136150360107e-01,0.000000000000000000e+00,1.992800533771514893e-01,-3.241259157657623291e-01,-3.082554936408996582e-01,-2.470026314258575439e-01,-1.477236747741699219e-01,-4.470427632331848145e-01,-4.117200374603271484e-01,-4.808800518512725830e-01,-2.414012998342514038e-01,1.547664552927017212e-01,5.566875338554382324e-01,-2.949211299419403076e-01,9.064411371946334839e-02,4.144081473350524902e-01,-1.938010798767209053e-03,0.000000000000000000e+00
8.320654183626174927e-02,-3.994513675570487976e-02,4.096593707799911499e-03,-3.706885129213333130e-02,-1.132616307586431503e-03,-6.431500613689422607e-02,7.255681604146957397e-02,-1.465060263872146606e-01,-5.775904748588800430e-03,-3.088159114122390747e-02,1.551770698279142380e-02,-1.497175544500350952e-01,1.609437614679336548e-01,-4.184634983539581299e-02,-1.252700090408325195e-01,-3.006578423082828522e-02,1.020820364356040955e-01,1.000000000000000000e+00,3.563132509589195251e-02,1.994265764951705933e-01,-2.003718912601470947e-01,0.000000000000000000e+00,0.000000000000000000e+00,2.594374492764472961e-02,5.473924800753593445e-02,-2.443891949951648712e-02,-1.450942177325487137e-02,5.622159317135810852e-02,-1.253136154264211655e-02,6.156891211867332458e-02,1.651428490877151489e-01,0.000000000000000000e+00,1.448861137032508850e-02,-5.799335613846778870e-02,-6.819397211074829102e-02,2.022518217563629150e-02,-5.335804075002670288e-02,-8.553940057754516602e-02,-5.008067563176155090e-02,-1.246623601764440536e-02,-3.726947680115699768e-02,9.271437302231788635e-03,1.290582120418548584e-01,-5.760660022497177124e-02,3.879204392433166504e-02,9.415017813444137573e-02,1.186834350228309631e-01,0.000000000000000000e+00
2.499243803322315216e-02,5.840625986456871033e-02,2.643742226064205170e-02,8.077062666416168213e-02,1.957787424325942993e-01,1.401665508747100830e-01,1.018112078309059143e-01,-2.829577401280403137e-02,6.648948788642883301e-02,-8.372763544321060181e-02,-8.439953625202178955e-02,1.292337104678153992e-02,-4.548642039299011230e-02,1.112623214721679688e-01,-7.003404945135116577e-02,-1.285069286823272705e-01,3.216382265090942383e-01,3.563132509589195251e-02,1.000000000000000000e+00,-3.593759238719940186e-02,-3.154498711228370667e-02,0.000000000000000000e+00,0.000000000000000000e+00,1.649971306324005127e-01,1.420933604240417480e-01,-7.877133041620254517e-02,1.832181215286254883e-01,-3.184074163436889648e-02,-9.611400961875915527e-02,-1.258252840489149094e-02,1.579977422952651978e-01,0.000000000000000000e+00,2.160543054342269897e-01,3.556410665623843670e-04,-1.863992810249328613e-01,-1.056809350848197937e-01,1.580979824066162109e-01,-1.520093232393264771e-01,-2.086090594530105591e-01,-1.498230397701263428e-01,1.687890440225601196e-01,-3.192786499857902527e-02,6.368175894021987915e-02,-4.541761055588722229e-02,-1.481575518846511841e-01,-4.186587035655975342e-02,-1.062071387423202395e-04,0.000000000000000000e+00
-1.437429338693618774e-01,9.360473603010177612e-02,2.051963210105895996e-01,1.729048341512680054e-01,3.710316866636276245e-02,5.532513931393623352e-02,2.070351503789424896e-02,1.584201306104660034e-01,-1.496984511613845825e-01,-2.242383658885955811e-01,-1.526933908462524414e-02,-2.381815463304519653e-01,5.057147145271301270e-01,-1.120610684156417847e-01,3.041003458201885223e-02,2.111633867025375366e-01,-1.045080497860908508e-01,1.994265913963317871e-01,-3.593759238719940186e-02,1.000000000000000000e+00,-2.914939522743225098e-01,0.000000000000000000e+00,0.000000000000000000e+00,-7.459495216608047485e-02,-1.913122385740280151e-01,3.960762172937393188e-02,-6.574045866727828979e-02,-4.668051749467849731e-02,-6.747914850711822510e-02,-8.078597486019134521e-02,-1.690478473901748657e-01,0.000000000000000000e+00,-1.392705440521240234e-01,-9.528016299009323120e-02,6.233866885304450989e-02,1.296781599521636963e-01,-5.236215144395828247e-02,6.892044097185134888e-02,1.541201323270797729e-01,2.045073956251144409e-01,8.804265409708023071e-02,6.682911515235900879e-02,-1.167568042874336243e-01,4.330311343073844910e-02,8.959668874740600586e-02,-1.689760982990264893e-01,2.695484273135662079e-02,0.000000000000000000e+00
1.097594946622848511e-01,-1.170883551239967346e-01,-1.873225718736648560e-01,-1.938359439373016357e-01,-1.076602637767791748e-01,-1.899887919425964355e-01,7.667519897222518921e-02,-6.074656173586845398e-02,-4.562894627451896667e-02,2.333830446004867554e-01,3.602931648492813110e-02,2.094917148351669312e-01,-5.900410562753677368e-02,-8.714675903320312500e-02,-1.864405125379562378e-01,-1.178001314401626587e-01,1.927101016044616699e-01,-2.003718912601470947e-01,-3.154498711228370667e-02,-2.914939522743225098e-01,1.000000000000000000e+00,0.000000000000000000e+00,0.000000000000000000e+00,-3.042120300233364105e-02,1.888153105974197388e-01,-4.273223504424095154e-02,8.548762649297714233e-02,3.838689625263214111e-02,3.122550621628761292e-02,2.445066124200820923e-01,2.004979997873306274e-01,0.000000000000000000e+00,1.661721020936965942e-01,-7.318693399429321289e-02,-9.695591777563095093e-02,-9.117174148559570312e-02,7.535467855632305145e-03,-1.359539628028869629e-01,-1.710201948881149292e-01,-2.418954372406005859e-01,-1.482191830873489380e-01,-4.157017543911933899e-02,2.576422393321990967e-01,-1.230111271142959595e-01,3.269053623080253601e-02,3.543333113193511963e-01,-1.409176886081695557e-01,0.000000000000000000e+00
0.000000000000000000e+00,0.000000000000000000e+00,0.000000000000000000e+00,0.000000000000000000e+00,0.000000000000000000e+00,0.000000000000000000e+00,0.000000000000000000e+00,0.000000000000000000e+00,0.000000000000000000e+00,0.000000000000000000e+00,0.000000000000000000e+00,0.000000000000000000e+00,0.000000000000000000e+00,0.000000000000000000e+00,0.000000000000000000e+00,0.000000000000000000e+00,0.000000000000000000e+00,0.000000000000000000e+00,0.000000000000000000e+00,0.000000000000000000e+00,0.000000000000000000e+00,1.000000000000000000e+00,0.000000000000000000e+00,0.000000000000000000e+00,0.000000000000000000e+00,0.000000000000000000e+00,0.000000000000000000e+00,0.000000000000000000e+00,0.000000000000000000e+00,0.000000000000000000e+00,0.000000000000000000e+00,0.000000000000000000e+00,0.000000000000000000e+00,0.000000000000000000e+00,0.000000000000000000e+00,0.000000000000000000e+00,0.000000000000000000e+00,0.000000000000000000e+00,0.000000000000000000e+00,0.000000000000000000e+00,0.000000000000000000e+00,0.000000000000000000e+00,0.000000000000000000e+00,0.000000000000000000e+00,0.000000000000000000e+00,0.000000000000000000e+00,0.000000000000000000e+00,0.000000000000000000e+00
0.000000000000000000e+00,0.000000000000000000e+00,0.000000000000000000e+00,0.000000000000000000e+00,0.000000000000000000e+00,0.000000000000000000e+00,0.000000000000000000e+00,0.000000000000000000e+00,0.000000000000000000e+00,0.000000000000000000e+00,0.000000000000000000e+00,0.000000000000000000e+00,0.000000000000000000e+00,0.000000000000000000e+00,0.000000000000000000e+00,0.000000000000000000e+00,0.000000000000000000e+00,0.000000000000000000e+00,0.000000000000000000e+00,0.000000000000000000e+00,0.000000000000000000e+00,0.000000000000000000e+00,1.000000000000000000e+00,0.000000000000000000e+00,0.000000000000000000e+00,0.000000000000000000e+00,0.000000000000000000e+00,0.000000000000000000e+00,0.000000000000000000e+00,0.000000000000000000e+00,0.000000000000000000e+00,0.000000000000000000e+00,0.000000000000000000e+00,0.000000000000000000e+00,0.000000000000000000e+00,0.000000000000000000e+00,0.000000000000000000e+00,0.000000000000000000e+00,0.000000000000000000e+00,0.000000000000000000e+00,0.000000000000000000e+00,0.000000000000000000e+00,0.000000000000000000e+00,0.000000000000000000e+00,0.000000000000000000e+00,0.000000000000000000e+00,0.000000000000000000e+00,0.000000000000000000e+00
1.308507323265075684e-01,-1.070993840694427490e-01,-1.838120222091674805e-01,2.342292666435241699e-02,8.981690555810928345e-02,2.775754407048225403e-02,-2.028032541275024414e-01,-2.303015142679214478e-01,-5.766496434807777405e-02,8.929354697465896606e-02,-1.721614897251129150e-01,-1.540281157940626144e-02,5.090478435158729553e-02,1.211825534701347351e-01,-4.001858085393905640e-02,1.251545995473861694e-01,-1.024318784475326538e-01,2.594374679028987885e-02,1.649971306324005127e-01,-7.459495216608047485e-02,-3.042120300233364105e-02,0.000000000000000000e+00,0.000000000000000000e+00,1.000000000000000000e+00,3.509937971830368042e-02,-4.280710518360137939e-01,7.655668258666992188e-02,-1.534924469888210297e-02,-1.270499378442764282e-01,-4.113024473190307617e-02,3.305442929267883301e-01,0.000000000000000000e+00,6.328181177377700806e-02,1.415118724107742310e-01,6.071798875927925110e-02,3.015659749507904053e-01,1.491559296846389771e-01,1.600851118564605713e-02,4.247411340475082397e-02,1.282695084810256958e-01,3.071164526045322418e-02,-2.989873886108398438e-01,-2.076405435800552368e-01,-4.652617499232292175e-02,-2.404419928789138794e-01,-7.334738969802856445e-02,3.057374954223632812e-01,0.000000000000000000e+00
3.418962061405181885e-01,-2.554539740085601807e-01,-2.076784819364547729e-01,-3.136622309684753418e-01,-8.038961142301559448e-02,-3.180802762508392334e-01,2.233573347330093384e-01,-2.193719744682312012e-01,5.336254239082336426e-01,5.156405568122863770e-01,5.280018448829650879e-01,5.859452486038208008e-01,5.616433545947074890e-02,2.900739014148712158e-01,-3.101491928100585938e-01,1.577662378549575806e-01,3.646409511566162109e-01,5.473924800753593445e-02,1.420933604240417480e-01,-1.913122385740280151e-01,1.888153105974197388e-01,0.000000000000000000e+00,0.000000000000000000e+00,3.509937971830368042e-02,1.000000000000000000e+00,-9.452445060014724731e-02,3.155443072319030762e-01,3.093279302120208740e-01,3.297249674797058105e-01,3.153664171695709229e-01,5.277711749076843262e-01,0.000000000000000000e+00,5.248503088951110840e-01,-7.578027993440628052e-02,-4.135376513004302979e-01,-4.877055287361145020e-01,9.329584985971450806e-02,-4.683062434196472168e-01,-6.155493259429931641e-01,-6.696933507919311523e-01,-1.088058277964591980e-01,-6.634175777435302734e-02,4.785639047622680664e-01,-9.523899108171463013e-02,-1.731177270412445068e-01,4.731894135475158691e-01,-1.540035456418991089e-01,0.000000000000000000e+00
-1.784401535987854004e-01,3.456640541553497314e-01,4.776606559753417969e-01,2.348640859127044678e-01,-3.752254694700241089e-02,2.006910592317581177e-01,5.903443098068237305e-01,2.075103372335433960e-01,1.313436217606067657e-02,-1.897313445806503296e-01,-2.043121866881847382e-02,-1.947649419307708740e-01,-2.865495346486568451e-02,-1.013315394520759583e-01,-1.689855158329010010e-01,-2.328412383794784546e-01,2.144198119640350342e-01,-2.443891949951648712e-02,-7.877133041620254517e-02,3.960762545466423035e-02,-4.273223504424095154e-02,0.000000000000000000e+00,0.000000000000000000e+00,-4.280710220336914062e-01,-9.452445060014724731e-02,1.000000000000000000e+00,1.221432164311408997e-01,-1.033501848578453064e-01,1.258974075317382812e-01,-1.256487220525741577e-01,-3.806119859218597412e-01,0.000000000000000000e+00,-4.171389620751142502e-03,-1.080668792128562927e-01,-7.457745820283889771e-02,-2.336239814758300781e-01,-5.354792345315217972e-03,-9.417311847209930420e-02,-1.023217812180519104e-01,-1.796550601720809937e-01,1.204771623015403748e-01,5.883266329765319824e-01,1.324311457574367523e-02,2.439645379781723022e-01,1.970317065715789795e-01,-1.322428584098815918e-01,-1.675390750169754028e-01,0.000000000000000000e+00
3.767583519220352173e-02,5.100639462471008301e-01,4.297912120819091797e-01,4.123542606830596924e-01,5.546830892562866211e-01,4.127934873104095459e-01,1.741257607936859131e-01,3.436493575572967529e-01,3.637486994266510010e-01,3.553421422839164734e-02,2.803019285202026367e-01,1.932698190212249756e-01,1.862042695283889771e-01,4.521366059780120850e-01,-1.039546579122543335e-01,9.439431875944137573e-02,5.756689608097076416e-02,-1.450942177325487137e-02,1.832181215286254883e-01,-6.574045866727828979e-02,8.548762649297714233e-02,0.000000000000000000e+00,0.000000000000000000e+00,7.655669003725051880e-02,3.155443072319030762e-01,1.221432164311408997e-01,1.000000000000000000e+00,3.483299165964126587e-03,8.543062955141067505e-02,-3.719893991947174072e-01,-1.272003799676895142e-01,0.000000000000000000e+00,7.313446402549743652e-01,2.599080502986907959e-01,-3.854133188724517822e-01,-4.123806357383728027e-01,5.510045289993286133e-01,-1.834585368633270264e-01,-4.687533378601074219e-01,-3.256070017814636230e-01,6.166944503784179688e-01,2.664588689804077148e-01,-1.292652338743209839e-01,3.928670287132263184e-01,-1.804577261209487915e-01,-1.926694661378860474e-01,-7.309757173061370850e-02,0.000000000000000000e+00
6.346362829208374023e-01,-2.399112135171890259e-01,-4.872781038284301758e-02,-1.895646005868911743e-01,6.213651597499847412e-02,-2.144465446472167969e-01,-7.089474238455295563e-03,-3.079124391078948975e-01,1.820940375328063965e-01,7.441924512386322021e-02,3.347403928637504578e-02,1.106283441185951233e-02,2.336528711020946503e-02,-1.698047518730163574e-01,-3.104764223098754883e-01,-9.146974980831146240e-02,8.470041304826736450e-02,5.622159317135810852e-02,-3.184074163436889648e-02,-4.668051749467849731e-02,3.838689625263214111e-02,0.000000000000000000e+00,0.000000000000000000e+00,-1.534924469888210297e-02,3.093279302120208740e-01,-1.033501848578453064e-01,3.483299165964126587e-03,1.000000000000000000e+00,7.576629519462585449e-01,1.417938321828842163e-01,1.618787199258804321e-01,0.000000000000000000e+00,2.351111620664596558e-01,-3.701264560222625732e-01,-4.755604565143585205e-01,-4.595737159252166748e-01,-3.014936447143554688e-01,-4.864333868026733398e-01,-4.514400362968444824e-01,-2.732587158679962158e-01,-8.060270547866821289e-02,-1.256103515625000000e-01,1.579835265874862671e-01,-2.512654960155487061e-01,-1.942496448755264282e-01,1.713518500328063965e-01,1.487715821713209152e-02,0.000000000000000000e+00
5.566964149475097656e-01,-1.152380332350730896e-01,4.187241196632385254e-02,-1.661124378442764282e-01,3.511499986052513123e-02,-1.723191142082214355e-01,1.542244851589202881e-01,-2.593171596527099609e-01,2.629254162311553955e-01,1.443712264299392700e-01,9.357426315546035767e-02,7.781790941953659058e-02,4.517452418804168701e-02,-1.276292204856872559e-01,-3.277677893638610840e-01,-9.550359845161437988e-02,1.489319205284118652e-01,-1.253136154264211655e-02,-9.611400961875915527e-02,-6.747914850711822510e-02,3.122550621628761292e-02,0.000000000000000000e+00,0.000000000000000000e+00,-1.270499378442764282e-01,3.297249674797058105e-01,1.258974075317382812e-01,8.543062955141067505e-02,7.576629519462585449e-01,1.000000000000000000e+00,1.502280980348587036e-01,4.315899685025215149e-02,0.000000000000000000e+00,2.676572501659393311e-01,-3.496916592121124268e-01,-4.709380269050598145e-01,-5.330960750579833984e-01,-2.480955123901367188e-01,-4.742715358734130859e-01,-4.879262745380401611e-01,-3.443801403045654297e-01,-5.841127038002014160e-02,8.816040307283401489e-02,2.479059398174285889e-01,-1.046055331826210022e-01,-5.854073166847229004e-02,2.060758769512176514e-01,-6.373120099306106567e-02,0.000000000000000000e+00
2.815516889095306396e-01,-6.198053956031799316e-01,-6.003126502037048340e-01,-6.722927689552307129e-01,-5.683096647262573242e-01,-6.374157071113586426e-01,1.521687656641006470e-01,-4.752196669578552246e-01,-9.322193264961242676e-02,2.699046134948730469e-01,1.096136495471000671e-01,1.850340962409973145e-01,-7.045857608318328857e-02,-2.821998298168182373e-01,-3.119651377201080322e-01,-8.247696608304977417e-02,4.029721021652221680e-01,6.156891211867332458e-02,-1.258252840489149094e-02,-8.078597486019134521e-02,2.445066124200820923e-01,0.000000000000000000e+00,0.000000000000000000e+00,-4.113024473190307617e-02,3.153664171695709229e-01,-1.256487220525741577e-01,-3.719893991947174072e-01,1.417938321828842163e-01,1.502280980348587036e-01,1.000000000000000000e+00,5.661823153495788574e-01,0.000000000000000000e+00,-1.545467674732208252e-01,-4.610064029693603516e-01,-1.713931709527969360e-01,-9.922395646572113037e-02,-4.800488054752349854e-01,-3.791179060935974121e-01,-2.301088869571685791e-01,-3.113946914672851562e-01,-6.377612948417663574e-01,-1.934016048908233643e-01,6.712483167648315430e-01,-4.999024271965026855e-01,1.493683159351348877e-01,6.551613211631774902e-01,-5.029134079813957214e-02,0.000000000000000000e+00
3.634138703346252441e-01,-5.679804086685180664e-01,-5.954202413558959961e-01,-5.516274571418762207e-01,-3.615351319313049316e-01,-5.358228087425231934e-01,1.116275135427713394e-02,-5.053918957710266113e-01,8.712137490510940552e-02,4.137437939643859863e-01,1.922654062509536743e-01,3.381268978118896484e-01,-4.384022951126098633e-02,-3.642944991588592529e-02,-3.100407123565673828e-01,8.268941938877105713e-02,3.596036136150360107e-01,1.651428490877151489e-01,1.579977422952651978e-01,-1.690478324890136719e-01,2.004979997873306274e-01,0.000000000000000000e+00,0.000000000000000000e+00,3.305442631244659424e-01,5.277711749076843262e-01,-3.806119859218597412e-01,-1.272003799676895142e-01,1.618787199258804321e-01,4.315899685025215149e-02,5.661823153495788574e-01,1.000000000000000000e+00,0.000000000000000000e+00,1.101171299815177917e-01,-1.701534241437911987e-01,-1.582309752702713013e-01,-2.441590465605258942e-02,-1.855499148368835449e-01,-3.488617241382598877e-01,-2.875722944736480713e-01,-3.562039434909820557e-01,-4.491395652294158936e-01,-3.543154299259185791e-01,4.694703221321105957e-01,-4.116062521934509277e-01,-1.607906669378280640e-01,5.602078437805175781e-01,-4.470595344901084900e-02,0.000000000000000000e+00
0.000000000000000000e+00,0.000000000000000000e+00,0.000000000000000000e+00,0.000000000000000000e+00,0.000000000000000000e+00,0.000000000000000000e+00,0.000000000000000000e+00,0.000000000000000000e+00,0.000000000000000000e+00,0.000000000000000000e+00,0.000000000000000000e+00,0.000000000000000000e+00,0.000000000000000000e+00,0.000000000000000000e+00,0.000000000000000000e+00,0.000000000000000000e+00,0.000000000000000000e+00,0.000000000000000000e+00,0.000000000000000000e+00,0.000000000000000000e+00,0.000000000000000000e+00,0.000000000000000000e+00,0.000000000000000000e+00,0.000000000000000000e+00,0.000000000000000000e+00,0.000000000000000000e+00,0.000000000000000000e+00,0.000000000000000000e+00,0.000000000000000000e+00,0.000000000000000000e+00,0.000000000000000000e+00,1.000000000000000000e+00,0.000000000000000000e+00,0.000000000000000000e+00,0.000000000000000000e+00,0.000000000000000000e+00,0.000000000000000000e+00,0.000000000000000000e+00,0.000000000000000000e+00,0.000000000000000000e+00,0.000000000000000000e+00,0.000000000000000000e+00,0.000000000000000000e+00,0.000000000000000000e+00,0.000000000000000000e+00,0.000000000000000000e+00,0.000000000000000000e+00,0.000000000000000000e+00
