1.000000000000000000e+00,3.611281812191009521e-01,1.625915765762329102e-01,2.585599422454833984e-01,6.896893382072448730e-01,5.879079103469848633e-01,-2.919541299343109131e-01,3.149367570877075195e-01,1.782645285129547119e-01,-3.478375375270843506e-01,-3.340406715869903564e-01,-4.977334439754486084e-01,-3.415653109550476074e-01,-1.885039210319519043e-01,-5.391287803649902344e-01,-4.203044176101684570e-01,-4.952368736267089844e-01,0.000000000000000000e+00,-3.930350840091705322e-01,-4.149573445320129395e-01,-6.979752331972122192e-03,0.000000000000000000e+00,-2.846318483352661133e-01,2.498272359371185303e-01,5.185885429382324219e-01,-2.598836719989776611e-01,6.475350856781005859e-01,7.692797780036926270e-01,7.394499182701110840e-01,-4.069213569164276123e-01,3.974455893039703369e-01,0.000000000000000000e+00,5.654555559158325195e-01,1.349867433309555054e-01,-3.450497090816497803e-01,-1.769441813230514526e-01,-2.208607643842697144e-02,-2.695536911487579346e-01,-2.731021344661712646e-01,-2.345947027206420898e-01,5.948917865753173828e-01,3.109647892415523529e-02,-3.912007510662078857e-01,5.583240836858749390e-02,-1.146015617996454239e-02,-4.190581142902374268e-01,-1.995009034872055054e-01,0.000000000000000000e+00
3.611281812191009521e-01,1.000000000000000000e+00,-5.226438492536544800e-02,1.571495234966278076e-01,3.796410262584686279e-01,4.062199592590332031e-01,-1.031185835599899292e-01,4.667969644069671631e-01,3.968828916549682617e-01,2.538373321294784546e-02,1.778243780136108398e-01,-9.076692909002304077e-02,-3.688019216060638428e-01,-2.833014354109764099e-02,-2.098367214202880859e-01,-4.221460819244384766e-01,-2.267771512269973755e-01,0.000000000000000000e+00,-3.587563633918762207e-01,-2.333876192569732666e-01,1.426717638969421387e-01,0.000000000000000000e+00,-2.776941061019897461e-01,1.110342070460319519e-01,1.123122274875640869e-01,-3.194403350353240967e-01,4.016645252704620361e-01,2.941364049911499023e-01,2.982986867427825928e-01,-2.846097648143768311e-01,1.765562891960144043e-01,0.000000000000000000e+00,5.364813804626464844e-01,4.088286757469177246e-01,3.130482137203216553e-01,3.631108254194259644e-02,-1.167890708893537521e-02,2.832590341567993164e-01,9.280252456665039062e-02,-3.628766238689422607e-01,5.482497811317443848e-01,4.908095300197601318e-01,-1.019730046391487122e-01,5.786132216453552246e-01,4.146384298801422119e-01,-8.086726069450378418e-02,-1.106174960732460022e-01,0.000000000000000000e+00
1.625915765762329102e-01,-5.226438492536544800e-02,1.000000000000000000e+00,5.912341475486755371e-01,1.505868881940841675e-01,1.960532963275909424e-01,3.165085315704345703e-01,-5.003711953759193420e-02,2.096488177776336670e-01,3.086320124566555023e-02,8.215730637311935425e-02,-1.735297776758670807e-02,5.654966831207275391e-02,1.675951778888702393e-01,8.081870526075363159e-02,-4.777843505144119263e-02,-6.385038606822490692e-03,0.000000000000000000e+00,6.994727253913879395e-02,1.027319431304931641e-01,1.337774246931076050e-01,0.000000000000000000e+00,3.210089355707168579e-02,-5.066274851560592651e-02,-2.473062425851821899e-01,4.322952032089233398e-01,1.403116732835769653e-01,2.530528903007507324e-01,2.182546555995941162e-01,2.126417011022567749e-01,1.014129966497421265e-01,0.000000000000000000e+00,-3.132847696542739868e-02,7.126849889755249023e-02,-1.017377898097038269e-01,-3.140475600957870483e-02,7.362647354602813721e-02,-1.331193745136260986e-01,-6.719546765089035034e-02,2.471694163978099823e-02,1.850474625825881958e-01,1.755382865667343140e-01,7.401685416698455811e-02,6.669749319553375244e-02,3.065999597311019897e-02,3.855856880545616150e-02,1.503143459558486938e-01,0.000000000000000000e+00
2.585599422454833984e-01,1.571495234966278076e-01,5.912341475486755371e-01,1.000000000000000000e+00,2.770575582981109619e-01,3.935441374778747559e-01,3.854275941848754883e-01,1.027333512902259827e-01,4.160131216049194336e-01,-5.344854667782783508e-03,8.675226569175720215e-02,-1.120631992816925049e-01,-9.080474823713302612e-02,-3.796470165252685547e-02,-2.632273361086845398e-02,-2.437026351690292358e-01,-1.256960481405258179e-01,0.000000000000000000e+00,-1.691659986972808838e-01,-1.143643856048583984e-01,6.495475023984909058e-02,0.000000000000000000e+00,-1.618106216192245483e-01,1.409527510404586792e-01,-6.907869130373001099e-02,2.894995510578155518e-01,1.572748869657516479e-01,3.238499760627746582e-01,2.985834479331970215e-01,1.566801816225051880e-01,2.596806287765502930e-01,0.000000000000000000e+00,8.671891689300537109e-02,1.218994781374931335e-01,-8.985953405499458313e-03,5.061675235629081726e-02,4.469366371631622314e-02,-2.440749434754252434e-03,-6.994450092315673828e-02,-2.638122439384460449e-01,3.268024623394012451e-01,1.983211338520050049e-01,-7.466778159141540527e-02,2.597985267639160156e-01,5.827477946877479553e-02,-1.240155324339866638e-01,-7.131091505289077759e-02,0.000000000000000000e+00
6.896893382072448730e-01,3.796410262584686279e-01,1.505868881940841675e-01,2.770575582981109619e-01,1.000000000000000000e+00,6.690466403961181641e-01,-1.738090962171554565e-01,2.609294354915618896e-01,1.788779944181442261e-01,-2.010919004678726196e-01,-3.416142463684082031e-01,-4.106830060482025146e-01,-2.560645043849945068e-01,-1.162321120500564575e-01,-5.240706205368041992e-01,-2.967324554920196533e-01,-4.314087629318237305e-01,0.000000000000000000e+00,-3.272967636585235596e-01,-3.636725842952728271e-01,-4.745304211974143982e-02,0.000000000000000000e+00,-1.847575753927230835e-01,1.417176723480224609e-01,4.570243358612060547e-01,-2.112736105918884277e-01,5.900160074234008789e-01,6.679710149765014648e-01,6.601581573486328125e-01,-2.887128889560699463e-01,2.992137670516967773e-01,0.000000000000000000e+00,5.217707753181457520e-01,2.211647927761077881e-01,-2.748042643070220947e-01,-1.097907349467277527e-01,-4.673879966139793396e-02,-2.472963035106658936e-01,-1.209698915481567383e-01,-1.499064415693283081e-01,6.812460422515869141e-01,1.774102747440338135e-01,-3.161051869392395020e-01,1.267386674880981445e-01,1.308260262012481689e-01,-2.858079671859741211e-01,-1.517114192247390747e-01,0.000000000000000000e+00
5.879079103469848633e-01,4.062199592590332031e-01,1.960532963275909424e-01,3.935441374778747559e-01,6.690466403961181641e-01,1.000000000000000000e+00,-3.748558461666107178e-02,2.611739933490753174e-01,2.881380915641784668e-01,-2.845911979675292969e-01,-1.805874705314636230e-01,-4.251673221588134766e-01,-3.215759992599487305e-01,-7.689733803272247314e-02,-3.884683847427368164e-01,-2.902184724807739258e-01,-5.257394909858703613e-01,0.000000000000000000e+00,-4.566309154033660889e-01,-3.965071141719818115e-01,-3.743699938058853149e-02,0.000000000000000000e+00,-2.216679900884628296e-01,2.138656824827194214e-01,3.444889187812805176e-01,-1.333467662334442139e-01,4.095434546470642090e-01,6.322920918464660645e-01,6.542544364929199219e-01,-1.838162690401077271e-01,3.368664085865020752e-01,0.000000000000000000e+00,3.510588407516479492e-01,2.112857401371002197e-01,-1.387944817543029785e-01,-4.402326047420501709e-02,-4.802553355693817139e-02,-3.421256318688392639e-02,-3.474422497674822807e-03,-2.560713589191436768e-01,6.597532629966735840e-01,2.933716773986816406e-01,-3.432007133960723877e-01,2.391366809606552124e-01,2.603504061698913574e-01,-3.761522173881530762e-01,-1.875226348638534546e-01,0.000000000000000000e+00
-2.919541299343109131e-01,-1.031185910105705261e-01,3.165085315704345703e-01,3.854275643825531006e-01,-1.738091111183166504e-01,-3.748558461666107178e-02,1.000000000000000000e+00,-1.341702044010162354e-01,2.565440535545349121e-01,3.414361178874969482e-01,7.865498960018157959e-02,2.889700829982757568e-01,3.182554841041564941e-01,-4.439913108944892883e-02,3.894007802009582520e-01,2.396833598613739014e-01,3.389927446842193604e-01,0.000000000000000000e+00,1.689664423465728760e-01,3.066100180149078369e-01,1.451922673732042313e-02,0.000000000000000000e+00,1.774370521306991577e-01,-1.016907691955566406e-01,-2.951867878437042236e-01,5.565207004547119141e-01,-2.557274401187896729e-01,-2.285753041505813599e-01,-2.233752012252807617e-01,5.701304078102111816e-01,6.531449407339096069e-02,0.000000000000000000e+00,-2.115636765956878662e-01,-9.608981013298034668e-02,6.571773439645767212e-02,2.112370580434799194e-01,-5.616471543908119202e-02,5.098187550902366638e-02,2.957302927970886230e-01,9.765173494815826416e-02,-4.605698212981224060e-02,1.449556499719619751e-01,2.939960360527038574e-01,1.708755791187286377e-01,-7.893248647451400757e-02,2.555147707462310791e-01,7.591998577117919922e-02,0.000000000000000000e+00
3.149367570877075195e-01,4.667969644069671631e-01,-5.003711953759193420e-02,1.027333512902259827e-01,2.609294354915618896e-01,2.611739933490753174e-01,-1.341702044010162354e-01,1.000000000000000000e+00,4.840644598007202148e-01,-2.553432285785675049e-01,1.981120109558105469e-01,-3.239914178848266602e-01,-4.513594806194305420e-01,1.112610474228858948e-01,-2.041143737733364105e-02,-4.754609167575836182e-01,-3.660874664783477783e-01,0.000000000000000000e+00,-4.216536283493041992e-01,-4.506698846817016602e-01,3.365046158432960510e-02,0.000000000000000000e+00,-3.630590736865997314e-01,1.052978187799453735e-01,3.011210262775421143e-01,-2.264863550662994385e-01,4.355324506759643555e-01,1.899841725826263428e-01,1.415408253669738770e-01,-1.664372235536575317e-01,2.829680442810058594e-01,0.000000000000000000e+00,5.213587284088134766e-01,5.446099638938903809e-01,1.432958543300628662e-01,-1.547239813953638077e-02,2.275168895721435547e-01,3.135432004928588867e-01,-1.310277171432971954e-02,-4.786483645439147949e-01,2.815447151660919189e-01,1.040242388844490051e-01,-3.707646429538726807e-01,4.056317210197448730e-01,1.193155944347381592e-01,-3.827374279499053955e-01,-1.710613965988159180e-01,0.000000000000000000e+00
1.782645285129547119e-01,3.968828916549682617e-01,2.096488177776336670e-01,4.160131216049194336e-01,1.788779944181442261e-01,2.881380915641784668e-01,2.565440535545349121e-01,4.840644598007202148e-01,1.000000000000000000e+00,2.101943269371986389e-02,3.447813093662261963e-01,-9.653795510530471802e-02,-2.043197602033615112e-01,-3.852268308401107788e-02,1.194765865802764893e-01,-3.232986927032470703e-01,-2.359300851821899414e-01,0.000000000000000000e+00,-3.115053772926330566e-01,-2.507270276546478271e-01,-1.876092329621315002e-02,0.000000000000000000e+00,-2.532184422016143799e-01,7.855595648288726807e-02,-4.061941802501678467e-02,7.867480814456939697e-02,1.599079817533493042e-01,1.601082533597946167e-01,1.064186841249465942e-01,1.189190149307250977e-01,2.866837978363037109e-01,0.000000000000000000e+00,2.507030963897705078e-01,3.973874747753143311e-01,2.004237174987792969e-01,4.085408523678779602e-02,1.324945539236068726e-01,2.548441886901855469e-01,8.370147645473480225e-02,-4.182152152061462402e-01,2.846992909908294678e-01,2.687454819679260254e-01,-1.547258943319320679e-01,5.727611184120178223e-01,1.154674887657165527e-01,-1.785029172897338867e-01,-7.264104485511779785e-02,0.000000000000000000e+00
-3.478375375270843506e-01,2.538373321294784546e-02,3.086320124566555023e-02,-5.344854667782783508e-03,-2.010919004678726196e-01,-2.845911979675292969e-01,3.414361178874969482e-01,-2.553432285785675049e-01,2.101943269371986389e-02,1.000000000000000000e+00,2.228554785251617432e-01,6.992450952529907227e-01,5.120800733566284180e-01,-1.830191118642687798e-03,2.198459953069686890e-01,3.642677664756774902e-01,5.059064030647277832e-01,0.000000000000000000e+00,4.161012470722198486e-01,5.751622319221496582e-01,1.237108409404754639e-01,0.000000000000000000e+00,2.949750423431396484e-01,-3.007227182388305664e-01,-4.007705152034759521e-01,1.577645838260650635e-01,-2.842228710651397705e-01,-3.318675756454467773e-01,-3.044159412384033203e-01,2.522350251674652100e-01,-2.556688487529754639e-01,0.000000000000000000e+00,-1.500256210565567017e-01,-9.976521134376525879e-03,3.054369688034057617e-01,1.901643574237823486e-01,-1.243071537464857101e-02,-1.159719657152891159e-02,3.327605128288269043e-01,3.464735746383666992e-01,-7.486517727375030518e-02,2.838759720325469971e-01,5.512366294860839844e-01,1.399943381547927856e-01,1.505322754383087158e-01,6.833247542381286621e-01,3.411938250064849854e-01,0.000000000000000000e+00
-3.340406715869903564e-01,1.778243780136108398e-01,8.215730637311935425e-02,8.675226569175720215e-02,-3.416142463684082031e-01,-1.805874705314636230e-01,7.865499705076217651e-02,1.981120109558105469e-01,3.447813093662261963e-01,2.228554785251617432e-01,1.000000000000000000e+00,3.122241795063018799e-01,-2.572146058082580566e-02,2.559533417224884033e-01,3.458068072795867920e-01,-2.251598984003067017e-02,1.259899586439132690e-01,0.000000000000000000e+00,4.069023579359054565e-02,1.289353817701339722e-01,9.888698905706405640e-02,0.000000000000000000e+00,-6.169115751981735229e-02,-1.983448863029479980e-01,-4.331906437873840332e-01,-2.903049066662788391e-02,-2.707692384719848633e-01,-3.360684514045715332e-01,-3.413478136062622070e-01,1.571814119815826416e-01,-2.185456603765487671e-01,0.000000000000000000e+00,-1.655188053846359253e-01,3.357266783714294434e-01,5.433514118194580078e-01,4.821809381246566772e-02,1.334294676780700684e-01,4.460001587867736816e-01,1.951743066310882568e-01,-1.589922755956649780e-01,-1.962642520666122437e-01,3.262575864791870117e-01,2.174976468086242676e-01,3.897441923618316650e-01,3.189911246299743652e-01,2.045297026634216309e-01,9.677178412675857544e-02,0.000000000000000000e+00
-4.977334439754486084e-01,-9.076692909002304077e-02,-1.735297776758670807e-02,-1.120631992816925049e-01,-4.106830060482025146e-01,-4.251673221588134766e-01,2.889700829982757568e-01,-3.239914178848266602e-01,-9.653795510530471802e-02,6.992450952529907227e-01,3.122241795063018799e-01,1.000000000000000000e+00,5.483446717262268066e-01,3.419530764222145081e-02,3.631347119808197021e-01,4.460498988628387451e-01,5.630824565887451172e-01,0.000000000000000000e+00,4.582475721836090088e-01,6.238502860069274902e-01,1.836031228303909302e-01,0.000000000000000000e+00,3.447664976119995117e-01,-3.376100063323974609e-01,-5.054746270179748535e-01,1.842279732227325439e-01,-4.120548963546752930e-01,-4.645405709743499756e-01,-4.247644245624542236e-01,2.694272696971893311e-01,-3.387228250503540039e-01,0.000000000000000000e+00,-3.195605576038360596e-01,-5.731409043073654175e-02,3.399419784545898438e-01,1.666098684072494507e-01,1.409691944718360901e-02,7.744626700878143311e-02,3.090679645538330078e-01,3.981974422931671143e-01,-2.616084814071655273e-01,1.693264394998550415e-01,6.103871464729309082e-01,3.440672904253005981e-02,1.096689552068710327e-01,6.831493377685546875e-01,3.742002844810485840e-01,0.000000000000000000e+00
-3.415653109550476074e-01,-3.688019216060638428e-01,5.654966831207275391e-02,-9.080474823713302612e-02,-2.560645043849945068e-01,-3.215759992599487305e-01,3.182554841041564941e-01,-4.513594806194305420e-01,-2.043197602033615112e-01,5.120800733566284180e-01,-2.572146058082580566e-02,5.483446717262268066e-01,1.000000000000000000e+00,-5.238461121916770935e-02,3.093931376934051514e-01,6.249179840087890625e-01,4.332745075225830078e-01,0.000000000000000000e+00,4.387415647506713867e-01,5.625931620597839355e-01,4.745456948876380920e-02,0.000000000000000000e+00,4.607802331447601318e-01,-2.829541862010955811e-01,-3.083780705928802490e-01,3.444212079048156738e-01,-3.734466433525085449e-01,-2.823210656642913818e-01,-2.601475715637207031e-01,4.227667748928070068e-01,-1.373719573020935059e-01,0.000000000000000000e+00,-3.464983999729156494e-01,-2.604891955852508545e-01,-4.153387993574142456e-02,1.808350384235382080e-01,-1.109105870127677917e-01,-2.078584879636764526e-01,2.551272213459014893e-01,5.845710635185241699e-01,-2.835799157619476318e-01,-7.044587284326553345e-02,4.873928427696228027e-01,-2.530602514743804932e-01,-1.576319187879562378e-01,5.272000432014465332e-01,3.671049773693084717e-01,0.000000000000000000e+00
-1.885039210319519043e-01,-2.833014354109764099e-02,1.675951778888702393e-01,-3.796470165252685547e-02,-1.162321120500564575e-01,-7.689733803272247314e-02,-4.439913108944892883e-02,1.112610474228858948e-01,-3.852268308401107788e-02,-1.830191118642687798e-03,2.559533417224884033e-01,3.419530764222145081e-02,-5.238461121916770935e-02,1.000000000000000000e+00,3.353310227394104004e-01,9.290432929992675781e-02,-9.931753575801849365e-02,0.000000000000000000e+00,4.770531319081783295e-03,-7.766864448785781860e-02,-3.346841037273406982e-02,0.000000000000000000e+00,5.682913586497306824e-03,-1.097782030701637268e-01,-1.224974468350410461e-01,9.801953285932540894e-02,-4.293449968099594116e-02,-1.842964142560958862e-01,-1.915818154811859131e-01,1.407829523086547852e-01,-9.473229199647903442e-02,0.000000000000000000e+00,-4.438233748078346252e-02,2.798890471458435059e-01,1.441994905471801758e-01,1.693734899163246155e-02,1.895616799592971802e-01,2.420134097337722778e-01,1.608740985393524170e-01,1.198031567037105560e-02,-1.053386405110359192e-01,1.242482364177703857e-01,-9.609162062406539917e-02,2.448298782110214233e-02,1.861657649278640747e-01,1.666820049285888672e-02,7.240130752325057983e-02,0.000000000000000000e+00
-5.391287803649902344e-01,-2.098367214202880859e-01,8.081870526075363159e-02,-2.632273361086845398e-02,-5.240706205368041992e-01,-3.884683847427368164e-01,3.894007802009582520e-01,-2.041143737733364105e-02,1.194765865802764893e-01,2.198459953069686890e-01,3.458068072795867920e-01,3.631347119808197021e-01,3.093931376934051514e-01,3.353310227394104004e-01,1.000000000000000000e+00,3.421384096145629883e-01,1.884144842624664307e-01,0.000000000000000000e+00,1.346223354339599609e-01,2.133054733276367188e-01,-2.218672446906566620e-02,0.000000000000000000e+00,2.131954282522201538e-01,-1.386366486549377441e-01,-3.932099640369415283e-01,4.085900783538818359e-01,-4.261900186538696289e-01,-5.104258060455322266e-01,-5.241661667823791504e-01,5.697697401046752930e-01,-1.629389822483062744e-02,0.000000000000000000e+00,-3.404098451137542725e-01,6.765082478523254395e-02,2.648526728153228760e-01,2.779262363910675049e-01,1.019343063235282898e-01,3.660450279712677002e-01,2.936501801013946533e-01,9.478987753391265869e-02,-4.251013696193695068e-01,-1.082529081031680107e-03,1.795221865177154541e-01,5.059799179434776306e-02,-6.546758860349655151e-02,1.821756064891815186e-01,1.935527920722961426e-01,0.000000000000000000e+00
-4.203044176101684570e-01,-4.221460819244384766e-01,-4.777843505144119263e-02,-2.437026351690292358e-01,-2.967324256896972656e-01,-2.902184724807739258e-01,2.396833598613739014e-01,-4.754609167575836182e-01,-3.232986629009246826e-01,3.642677664756774902e-01,-2.251598984003067017e-02,4.460498690605163574e-01,6.249180436134338379e-01,9.290432184934616089e-02,3.421384394168853760e-01,1.000000000000000000e+00,3.486227393150329590e-01,0.000000000000000000e+00,4.160560965538024902e-01,4.682764708995819092e-01,-3.387878462672233582e-02,0.000000000000000000e+00,5.487610697746276855e-01,-3.940604627132415771e-01,-2.289904952049255371e-01,2.976677715778350830e-01,-4.507668018341064453e-01,-3.591481149196624756e-01,-2.994427680969238281e-01,4.044340550899505615e-01,-3.024710714817047119e-01,0.000000000000000000e+00,-4.332545995712280273e-01,-2.080683857202529907e-01,-1.788273453712463379e-02,1.378293484449386597e-01,-1.767444014549255371e-01,-1.215613111853599548e-01,4.238610863685607910e-01,6.713609099388122559e-01,-3.655972480773925781e-01,-8.589512854814529419e-02,3.709888756275177002e-01,-3.113738298416137695e-01,-1.130572631955146790e-01,3.959884047508239746e-01,3.318877816200256348e-01,0.000000000000000000e+00
-4.952368736267089844e-01,-2.267771512269973755e-01,-6.385038606822490692e-03,-1.256960481405258179e-01,-4.314087629318237305e-01,-5.257394909858703613e-01,3.389927446842193604e-01,-3.660874664783477783e-01,-2.359300851821899414e-01,5.059064030647277832e-01,1.259899586439132690e-01,5.630824565887451172e-01,4.332745075225830078e-01,-9.931753575801849365e-02,1.884144842624664307e-01,3.486227691173553467e-01,1.000000000000000000e+00,0.000000000000000000e+00,6.058140993118286133e-01,6.545349359512329102e-01,2.013522982597351074e-01,0.000000000000000000e+00,2.889758050441741943e-01,-3.857148885726928711e-01,-4.135174453258514404e-01,2.086373716592788696e-01,-3.360961377620697021e-01,-5.101047158241271973e-01,-4.817897379398345947e-01,2.471280246973037720e-01,-3.987894058227539062e-01,0.000000000000000000e+00,-3.313276469707489014e-01,-2.148123383522033691e-01,1.309880018234252930e-01,5.083711817860603333e-02,-7.091620564460754395e-02,-7.287501543760299683e-02,1.650540381669998169e-01,4.040526449680328369e-01,-3.534151315689086914e-01,1.419651508331298828e-02,6.774757504463195801e-01,-4.888510704040527344e-02,-7.419107481837272644e-03,6.556343436241149902e-01,2.476892918348312378e-01,0.000000000000000000e+00
0.000000000000000000e+00,0.000000000000000000e+00,0.000000000000000000e+00,0.000000000000000000e+00,0.000000000000000000e+00,0.000000000000000000e+00,0.000000000000000000e+00,0.000000000000000000e+00,0.000000000000000000e+00,0.000000000000000000e+00,0.000000000000000000e+00,0.000000000000000000e+00,0.000000000000000000e+00,0.000000000000000000e+00,0.000000000000000000e+00,0.000000000000000000e+00,0.000000000000000000e+00,1.000000000000000000e+00,0.000000000000000000e+00,0.000000000000000000e+00,0.000000000000000000e+00,0.000000000000000000e+00,0.000000000000000000e+00,0.000000000000000000e+00,0.000000000000000000e+00,0.000000000000000000e+00,0.000000000000000000e+00,0.000000000000000000e+00,0.000000000000000000e+00,0.000000000000000000e+00,0.000000000000000000e+00,0.000000000000000000e+00,0.000000000000000000e+00,0.000000000000000000e+00,0.000000000000000000e+00,0.000000000000000000e+00,0.000000000000000000e+00,0.000000000000000000e+00,0.000000000000000000e+00,0.000000000000000000e+00,0.000000000000000000e+00,0.000000000000000000e+00,0.000000000000000000e+00,0.000000000000000000e+00,0.000000000000000000e+00,0.000000000000000000e+00,0.000000000000000000e+00,0.000000000000000000e+00
-3.930350840091705322e-01,-3.587563633918762207e-01,6.994727253913879395e-02,-1.691659986972808838e-01,-3.272967636585235596e-01,-4.566309154033660889e-01,1.689664423465728760e-01,-4.216536283493041992e-01,-3.115053772926330566e-01,4.161012470722198486e-01,4.069023579359054565e-02,4.582475721836090088e-01,4.387415647506713867e-01,4.770531319081783295e-03,1.346223354339599609e-01,4.160560965538024902e-01,6.058140993118286133e-01,0.000000000000000000e+00,1.000000000000000000e+00,5.401255488395690918e-01,1.290843933820724487e-01,0.000000000000000000e+00,2.987935245037078857e-01,-3.307945430278778076e-01,-3.167575001716613770e-01,2.531484365463256836e-01,-2.792000472545623779e-01,-3.838714659214019775e-01,-3.681079149246215820e-01,1.951796114444732666e-01,-3.736724853515625000e-01,0.000000000000000000e+00,-3.301699757575988770e-01,-1.833783984184265137e-01,-2.619441226124763489e-02,8.244658820331096649e-04,-2.238865382969379425e-02,-2.250554710626602173e-01,6.343894451856613159e-02,4.921904504299163818e-01,-3.146542012691497803e-01,-8.928953856229782104e-02,4.957604706287384033e-01,-2.473349273204803467e-01,-1.161685585975646973e-01,5.492647290229797363e-01,3.111567199230194092e-01,0.000000000000000000e+00
-4.149573445320129395e-01,-2.333876192569732666e-01,1.027319431304931641e-01,-1.143643856048583984e-01,-3.636725842952728271e-01,-3.965071141719818115e-01,3.066100180149078369e-01,-4.506698846817016602e-01,-2.507270276546478271e-01,5.751622319221496582e-01,1.289353817701339722e-01,6.238502860069274902e-01,5.625931620597839355e-01,-7.766864448785781860e-02,2.133054733276367188e-01,4.682764708995819092e-01,6.545349359512329102e-01,0.000000000000000000e+00,5.401255488395690918e-01,1.000000000000000000e+00,2.361514419317245483e-01,0.000000000000000000e+00,4.022005498409271240e-01,-3.513678908348083496e-01,-4.711433947086334229e-01,2.196866273880004883e-01,-3.856748938560485840e-01,-3.652803301811218262e-01,-3.124716877937316895e-01,3.041325807571411133e-01,-3.167484104633331299e-01,0.000000000000000000e+00,-3.789494633674621582e-01,-2.373454421758651733e-01,1.542212814092636108e-01,1.326069235801696777e-01,-1.062926948070526123e-01,-1.010732799768447876e-01,2.525921463966369629e-01,5.262464284896850586e-01,-2.760487496852874756e-01,1.177313476800918579e-01,7.078580260276794434e-01,-8.797997981309890747e-02,8.827789127826690674e-02,6.793106198310852051e-01,3.522523939609527588e-01,0.000000000000000000e+00
-6.979752331972122192e-03,1.426717638969421387e-01,1.337774246931076050e-01,6.495475023984909058e-02,-4.745304211974143982e-02,-3.743699938058853149e-02,1.451922673732042313e-02,3.365046158432960510e-02,-1.876092329621315002e-02,1.237108409404754639e-01,9.888698905706405640e-02,1.836031228303909302e-01,4.745456948876380920e-02,-3.346841037273406982e-02,-2.218672446906566620e-02,-3.387878462672233582e-02,2.013522982597351074e-01,0.000000000000000000e+00,1.290843933820724487e-01,2.361514419317245483e-01,1.000000000000000000e+00,0.000000000000000000e+00,6.507746875286102295e-02,-8.270401507616043091e-02,-1.211811825633049011e-01,3.274993970990180969e-02,9.055653214454650879e-02,-2.720424346625804901e-02,3.398408181965351105e-03,-2.644599229097366333e-02,2.253412269055843353e-03,0.000000000000000000e+00,7.756852358579635620e-02,7.913336902856826782e-02,2.457507997751235962e-01,2.373038530349731445e-01,1.115339472889900208e-01,1.552102267742156982e-01,1.128120869398117065e-01,1.573207229375839233e-01,1.048104539513587952e-01,1.106655076146125793e-01,1.829850971698760986e-01,1.306789368391036987e-01,2.283955067396163940e-01,2.048505693674087524e-01,2.800951600074768066e-01,0.000000000000000000e+00
0.000000000000000000e+00,0.000000000000000000e+00,0.000000000000000000e+00,0.000000000000000000e+00,0.000000000000000000e+00,0.000000000000000000e+00,0.000000000000000000e+00,0.000000000000000000e+00,0.000000000000000000e+00,0.000000000000000000e+00,0.000000000000000000e+00,0.000000000000000000e+00,0.000000000000000000e+00,0.000000000000000000e+00,0.000000000000000000e+00,0.000000000000000000e+00,0.000000000000000000e+00,0.000000000000000000e+00,0.000000000000000000e+00,0.000000000000000000e+00,0.000000000000000000e+00,1.000000000000000000e+00,0.000000000000000000e+00,0.000000000000000000e+00,0.000000000000000000e+00,0.000000000000000000e+00,0.000000000000000000e+00,0.000000000000000000e+00,0.000000000000000000e+00,0.000000000000000000e+00,0.000000000000000000e+00,0.000000000000000000e+00,0.000000000000000000e+00,0.000000000000000000e+00,0.000000000000000000e+00,0.000000000000000000e+00,0.000000000000000000e+00,0.000000000000000000e+00,0.000000000000000000e+00,0.000000000000000000e+00,0.000000000000000000e+00,0.000000000000000000e+00,0.000000000000000000e+00,0.000000000000000000e+00,0.000000000000000000e+00,0.000000000000000000e+00,0.000000000000000000e+00,0.000000000000000000e+00
-2.846318483352661133e-01,-2.776941061019897461e-01,3.210089355707168579e-02,-1.618106216192245483e-01,-1.847575753927230835e-01,-2.216679900884628296e-01,1.774370521306991577e-01,-3.630590736865997314e-01,-2.532184422016143799e-01,2.949750423431396484e-01,-6.169115751981735229e-02,3.447664976119995117e-01,4.607802331447601318e-01,5.682913586497306824e-03,2.131954282522201538e-01,5.487610697746276855e-01,2.889758050441741943e-01,0.000000000000000000e+00,2.987935245037078857e-01,4.022005498409271240e-01,6.507746875286102295e-02,0.000000000000000000e+00,1.000000000000000000e+00,-2.872093319892883301e-01,-2.376857101917266846e-01,2.618348002433776855e-01,-2.502560615539550781e-01,-2.374571263790130615e-01,-2.098425328731536865e-01,2.491389214992523193e-01,-2.691887915134429932e-01,0.000000000000000000e+00,-2.622953057289123535e-01,-1.116402819752693176e-01,-1.173428632318973541e-02,7.593023777008056641e-02,-8.517567068338394165e-02,-1.016021594405174255e-01,3.134289979934692383e-01,5.318735837936401367e-01,-2.151166796684265137e-01,-1.557445153594017029e-02,2.993313968181610107e-01,-2.281771749258041382e-01,-7.499004155397415161e-02,3.254626989364624023e-01,2.946562469005584717e-01,0.000000000000000000e+00
2.498272359371185303e-01,1.110342070460319519e-01,-5.066274851560592651e-02,1.409527510404586792e-01,1.417176723480224609e-01,2.138656824827194214e-01,-1.016907691955566406e-01,1.052978187799453735e-01,7.855595648288726807e-02,-3.007227182388305664e-01,-1.983448863029479980e-01,-3.376100063323974609e-01,-2.829541862010955811e-01,-1.097782030701637268e-01,-1.386366486549377441e-01,-3.940604627132415771e-01,-3.857148885726928711e-01,0.000000000000000000e+00,-3.307945430278778076e-01,-3.513678908348083496e-01,-8.270401507616043091e-02,0.000000000000000000e+00,-2.872093319892883301e-01,1.000000000000000000e+00,2.161523401737213135e-01,-7.961096614599227905e-02,1.235210970044136047e-01,2.676552832126617432e-01,2.315930873155593872e-01,-1.499418765306472778e-01,4.660769104957580566e-01,0.000000000000000000e+00,1.533042341470718384e-01,-1.526210457086563110e-01,-6.371441483497619629e-02,1.402496695518493652e-01,4.854811355471611023e-02,2.095930092036724091e-02,-2.471954077482223511e-01,-3.970476090908050537e-01,1.795659065246582031e-01,-1.075825989246368408e-01,-3.649207353591918945e-01,-4.588543251156806946e-02,-1.000143066048622131e-01,-3.686169683933258057e-01,-2.327021956443786621e-01,0.000000000000000000e+00
5.185885429382324219e-01,1.123122274875640869e-01,-2.473062425851821899e-01,-6.907869130373001099e-02,4.570243358612060547e-01,3.444889187812805176e-01,-2.951867878437042236e-01,3.011210262775421143e-01,-4.061941802501678467e-02,-4.007705152034759521e-01,-4.331906437873840332e-01,-5.054746270179748535e-01,-3.083780705928802490e-01,-1.224974468350410461e-01,-3.932099640369415283e-01,-2.289904803037643433e-01,-4.135174453258514404e-01,0.000000000000000000e+00,-3.167575001716613770e-01,-4.711433947086334229e-01,-1.211811825633049011e-01,0.000000000000000000e+00,-2.376857101917266846e-01,2.161523401737213135e-01,1.000000000000000000e+00,-2.033474445343017578e-01,4.746274650096893311e-01,4.134789407253265381e-01,3.928713500499725342e-01,-2.567711174488067627e-01,3.440434336662292480e-01,0.000000000000000000e+00,4.770534634590148926e-01,4.971594735980033875e-02,-3.566954135894775391e-01,2.312945201992988586e-03,1.060506235808134079e-02,-1.471198797225952148e-01,-1.565783172845840454e-01,-1.313167363405227661e-01,2.759390175342559814e-01,-2.761158049106597900e-01,-4.992140531539916992e-01,-1.541980654001235962e-01,-1.772481799125671387e-01,-4.807844460010528564e-01,-2.965813577175140381e-01,0.000000000000000000e+00
-2.598836719989776611e-01,-3.194403350353240967e-01,4.322952032089233398e-01,2.894995510578155518e-01,-2.112736105918884277e-01,-1.333467662334442139e-01,5.565207004547119141e-01,-2.264863550662994385e-01,7.867480814456939697e-02,1.577645838260650635e-01,-2.903049066662788391e-02,1.842279732227325439e-01,3.444212079048156738e-01,9.801953285932540894e-02,4.085900783538818359e-01,2.976677715778350830e-01,2.086373716592788696e-01,0.000000000000000000e+00,2.531484365463256836e-01,2.196866273880004883e-01,3.274993970990180969e-02,0.000000000000000000e+00,2.618348002433776855e-01,-7.961096614599227905e-02,-2.033474445343017578e-01,1.000000000000000000e+00,-1.547672152519226074e-01,-1.878598779439926147e-01,-2.071103900671005249e-01,5.611025691032409668e-01,9.531425684690475464e-02,0.000000000000000000e+00,-2.124363929033279419e-01,-1.228786781430244446e-01,-1.330958157777786255e-01,1.679038554430007935e-01,7.641381025314331055e-02,-7.183313369750976562e-02,9.360428154468536377e-02,2.341651320457458496e-01,-1.537814885377883911e-01,-1.708869934082031250e-01,1.199739873409271240e-01,-1.380656659603118896e-01,-2.876689434051513672e-01,1.203984916210174561e-01,1.245886087417602539e-01,0.000000000000000000e+00
6.475351452827453613e-01,4.016645252704620361e-01,1.403116732835769653e-01,1.572748869657516479e-01,5.900160074234008789e-01,4.095434546470642090e-01,-2.557274401187896729e-01,4.355324506759643555e-01,1.599079817533493042e-01,-2.842229008674621582e-01,-2.707692384719848633e-01,-4.120548963546752930e-01,-3.734466433525085449e-01,-4.293450340628623962e-02,-4.261900186538696289e-01,-4.507668018341064453e-01,-3.360961377620697021e-01,0.000000000000000000e+00,-2.792000472545623779e-01,-3.856749236583709717e-01,9.055653959512710571e-02,0.000000000000000000e+00,-2.502560615539550781e-01,1.235210970044136047e-01,4.746274948120117188e-01,-1.547672152519226074e-01,1.000000000000000000e+00,5.442603826522827148e-01,5.072329640388488770e-01,-3.913574218750000000e-01,2.867489457130432129e-01,0.000000000000000000e+00,6.752142906188964844e-01,3.122054338455200195e-01,-2.570183575153350830e-01,-1.286148875951766968e-01,1.170339733362197876e-01,-1.372480541467666626e-01,-2.192605882883071899e-01,-1.929043829441070557e-01,5.449696183204650879e-01,-1.391947083175182343e-02,-3.705884218215942383e-01,1.047521010041236877e-01,-9.516139514744281769e-03,-3.322199881076812744e-01,-1.345343589782714844e-01,0.000000000000000000e+00
7.692797780036926270e-01,2.941364049911499023e-01,2.530528903007507324e-01,3.238499760627746582e-01,6.679710745811462402e-01,6.322920918464660645e-01,-2.285753041505813599e-01,1.899841874837875366e-01,1.601082682609558105e-01,-3.318675756454467773e-01,-3.360684514045715332e-01,-4.645405709743499756e-01,-2.823210656642913818e-01,-1.842964142560958862e-01,-5.104258060455322266e-01,-3.591481149196624756e-01,-5.101047158241271973e-01,0.000000000000000000e+00,-3.838714361190795898e-01,-3.652803301811218262e-01,-2.720424346625804901e-02,0.000000000000000000e+00,-2.374571263790130615e-01,2.676552832126617432e-01,4.134789407253265381e-01,-1.878598779439926147e-01,5.442603826522827148e-01,1.000000000000000000e+00,7.878119945526123047e-01,-3.568333685398101807e-01,3.859550952911376953e-01,0.000000000000000000e+00,4.322826564311981201e-01,5.560806766152381897e-02,-3.677659034729003906e-01,-1.893033534288406372e-01,-5.894000828266143799e-02,-3.230565488338470459e-01,-2.669800817966461182e-01,-2.113265842199325562e-01,5.907804965972900391e-01,7.631356269121170044e-02,-3.455381393432617188e-01,1.338252611458301544e-02,4.573520272970199585e-03,-3.888383209705352783e-01,-1.714378893375396729e-01,0.000000000000000000e+00
7.394499182701110840e-01,2.982986867427825928e-01,2.182546555995941162e-01,2.985834777355194092e-01,6.601581573486328125e-01,6.542544364929199219e-01,-2.233752012252807617e-01,1.415408402681350708e-01,1.064186841249465942e-01,-3.044159412384033203e-01,-3.413478136062622070e-01,-4.247644245624542236e-01,-2.601475715637207031e-01,-1.915818005800247192e-01,-5.241661667823791504e-01,-2.994427680969238281e-01,-4.817897379398345947e-01,0.000000000000000000e+00,-3.681079149246215820e-01,-3.124716877937316895e-01,3.398407949134707451e-03,0.000000000000000000e+00,-2.098425477743148804e-01,2.315930873155593872e-01,3.928713500499725342e-01,-2.071104049682617188e-01,5.072329640388488770e-01,7.878119945526123047e-01,1.000000000000000000e+00,-3.582317829132080078e-01,3.439370393753051758e-01,0.000000000000000000e+00,3.876565694808959961e-01,4.202000796794891357e-02,-3.459580540657043457e-01,-1.724910140037536621e-01,-8.058789372444152832e-02,-3.120184838771820068e-01,-2.057537734508514404e-01,-1.536062657833099365e-01,5.996305942535400391e-01,1.097351834177970886e-01,-2.950713634490966797e-01,1.463229116052389145e-02,7.362165302038192749e-02,-3.493743836879730225e-01,-1.435262411832809448e-01,0.000000000000000000e+00
-4.069213569164276123e-01,-2.846097648143768311e-01,2.126417011022567749e-01,1.566801816225051880e-01,-2.887128889560699463e-01,-1.838162690401077271e-01,5.701304674148559570e-01,-1.664372235536575317e-01,1.189190149307250977e-01,2.522350251674652100e-01,1.571814119815826416e-01,2.694272696971893311e-01,4.227667748928070068e-01,1.407829523086547852e-01,5.697697401046752930e-01,4.044340550899505615e-01,2.471280246973037720e-01,0.000000000000000000e+00,1.951796114444732666e-01,3.041325807571411133e-01,-2.644599229097366333e-02,0.000000000000000000e+00,2.491389214992523193e-01,-1.499418765306472778e-01,-2.567711174488067627e-01,5.611025691032409668e-01,-3.913574516773223877e-01,-3.568333685398101807e-01,-3.582317531108856201e-01,1.000000000000000000e+00,1.262863874435424805e-01,0.000000000000000000e+00,-3.467312753200531006e-01,-6.328897923231124878e-02,1.093832924962043762e-01,3.560954630374908447e-01,1.236059516668319702e-02,1.526705175638198853e-01,2.450151145458221436e-01,1.898949742317199707e-01,-2.569286525249481201e-01,3.834604099392890930e-02,2.612656056880950928e-01,1.530317217111587524e-02,-5.904715135693550110e-02,2.280029952526092529e-01,1.482787877321243286e-01,0.000000000000000000e+00
3.974455893039703369e-01,1.765562891960144043e-01,1.014129966497421265e-01,2.596806287765502930e-01,2.992137670516967773e-01,3.368664085865020752e-01,6.531449407339096069e-02,2.829680442810058594e-01,2.866837978363037109e-01,-2.556688487529754639e-01,-2.185456603765487671e-01,-3.387228250503540039e-01,-1.373719573020935059e-01,-9.473229199647903442e-02,-1.629389822483062744e-02,-3.024710714817047119e-01,-3.987894058227539062e-01,0.000000000000000000e+00,-3.736724853515625000e-01,-3.167484104633331299e-01,2.253412269055843353e-03,0.000000000000000000e+00,-2.691887915134429932e-01,4.660769104957580566e-01,3.440434336662292480e-01,9.531425684690475464e-02,2.867489159107208252e-01,3.859550952911376953e-01,3.439370095729827881e-01,1.262863874435424805e-01,1.000000000000000000e+00,0.000000000000000000e+00,3.568677008152008057e-01,-5.032343789935112000e-02,-1.331793665885925293e-01,3.370390832424163818e-01,-4.075363744050264359e-03,5.869033560156822205e-02,-9.489507228136062622e-02,-3.048350811004638672e-01,3.117500245571136475e-01,-5.955630168318748474e-02,-3.289161324501037598e-01,5.477305501699447632e-02,-1.090495735406875610e-01,-3.553411662578582764e-01,-2.075853794813156128e-01,0.000000000000000000e+00
0.000000000000000000e+00,0.000000000000000000e+00,0.000000000000000000e+00,0.000000000000000000e+00,0.000000000000000000e+00,0.000000000000000000e+00,0.000000000000000000e+00,0.000000000000000000e+00,0.000000000000000000e+00,0.000000000000000000e+00,0.000000000000000000e+00,0.000000000000000000e+00,0.000000000000000000e+00,0.000000000000000000e+00,0.000000000000000000e+00,0.000000000000000000e+00,0.000000000000000000e+00,0.000000000000000000e+00,0.000000000000000000e+00,0.000000000000000000e+00,0.000000000000000000e+00,0.000000000000000000e+00,0.000000000000000000e+00,0.000000000000000000e+00,0.000000000000000000e+00,0.000000000000000000e+00,0.000000000000000000e+00,0.000000000000000000e+00,0.000000000000000000e+00,0.000000000000000000e+00,0.000000000000000000e+00,1.000000000000000000e+00,0.000000000000000000e+00,0.000000000000000000e+00,0.000000000000000000e+00,0.000000000000000000e+00,0.000000000000000000e+00,0.000000000000000000e+00,0.000000000000000000e+00,0.000000000000000000e+00,0.000000000000000000e+00,0.000000000000000000e+00,0.000000000000000000e+00,0.000000000000000000e+00,0.000000000000000000e+00,0.000000000000000000e+00,0.000000000000000000e+00,0.000000000000000000e+00
