1.000000000000000000e+00,2.249376773834228516e-01,-3.764902055263519287e-02,9.188691526651382446e-02,4.250092208385467529e-01,1.700247377157211304e-01,-1.396603137254714966e-01,1.266527920961380005e-01,2.825835645198822021e-01,-1.236921399831771851e-01,1.107677593827247620e-01,-1.605018675327301025e-01,-1.469625085592269897e-01,-2.960920974146574736e-04,-3.470185697078704834e-01,-1.869209408760070801e-01,1.528463512659072876e-01,0.000000000000000000e+00,0.000000000000000000e+00,-3.962470218539237976e-02,0.000000000000000000e+00,0.000000000000000000e+00,0.000000000000000000e+00,0.000000000000000000e+00,5.062292814254760742e-01,-2.313310205936431885e-01,2.941831350326538086e-01,1.478364914655685425e-01,-3.148135915398597717e-02,-2.056487649679183960e-01,-1.869375407695770264e-01,0.000000000000000000e+00,3.075650632381439209e-01,-3.734459355473518372e-02,1.860949546098709106e-01,-1.307881772518157959e-01,-1.578885130584239960e-02,1.229043528437614441e-01,-7.620652019977569580e-02,0.000000000000000000e+00,1.826279610395431519e-01,1.371881663799285889e-01,-3.831245005130767822e-02,2.751743607223033905e-02,6.492065638303756714e-02,-8.392522484064102173e-02,0.000000000000000000e+00,0.000000000000000000e+00
2.249376773834228516e-01,1.000000000000000000e+00,-3.260098695755004883e-01,-1.344277709722518921e-01,4.908724427223205566e-01,2.365213930606842041e-01,-2.191697806119918823e-01,6.315403431653976440e-02,5.493968129158020020e-01,-1.119320690631866455e-01,5.069019272923469543e-02,-1.361999958753585815e-01,-1.235857009887695312e-01,-3.082256615161895752e-01,-2.077694386243820190e-01,-1.993854045867919922e-01,1.200833320617675781e-01,0.000000000000000000e+00,0.000000000000000000e+00,1.175166666507720947e-01,0.000000000000000000e+00,0.000000000000000000e+00,0.000000000000000000e+00,0.000000000000000000e+00,2.070026993751525879e-01,-8.805028349161148071e-02,2.288047969341278076e-01,-1.903244256973266602e-01,-2.083495818078517914e-02,-3.281204402446746826e-01,6.664474308490753174e-02,0.000000000000000000e+00,5.759418010711669922e-01,1.013489440083503723e-01,6.588816046714782715e-01,-2.507982850074768066e-01,-1.863939911127090454e-01,5.231866240501403809e-01,-2.470105290412902832e-01,0.000000000000000000e+00,5.657228827476501465e-01,4.792053401470184326e-01,-2.659257352352142334e-01,5.961494445800781250e-01,-1.604876667261123657e-01,-2.812122702598571777e-01,0.000000000000000000e+00,0.000000000000000000e+00
-3.764902055263519287e-02,-3.260098397731781006e-01,1.000000000000000000e+00,4.516978561878204346e-01,-2.893371284008026123e-01,1.527231335639953613e-01,2.839959561824798584e-01,-4.948590397834777832e-01,-1.699722409248352051e-01,-1.541157513856887817e-01,-2.116805315017700195e-02,-6.282711029052734375e-02,6.359788775444030762e-02,-3.129396438598632812e-01,-2.845039069652557373e-01,6.393247842788696289e-02,-2.242633253335952759e-01,0.000000000000000000e+00,0.000000000000000000e+00,2.329190224409103394e-01,0.000000000000000000e+00,0.000000000000000000e+00,0.000000000000000000e+00,0.000000000000000000e+00,-4.900754615664482117e-02,4.991419315338134766e-01,9.053239971399307251e-02,6.606585979461669922e-01,5.208848714828491211e-01,6.592372059822082520e-01,-1.493987441062927246e-01,0.000000000000000000e+00,-1.755813807249069214e-01,-5.424983501434326172e-01,-2.855704128742218018e-01,3.823234736919403076e-01,-4.620846509933471680e-01,-4.992670416831970215e-01,1.376636475324630737e-01,0.000000000000000000e+00,-3.737538158893585205e-01,-8.305869996547698975e-02,3.460842072963714600e-01,-2.902387678623199463e-01,5.279327034950256348e-01,2.079478949308395386e-01,0.000000000000000000e+00,0.000000000000000000e+00
9.188691526651382446e-02,-1.344277709722518921e-01,4.516978561878204346e-01,1.000000000000000000e+00,-3.271759673953056335e-02,3.474251627922058105e-01,4.689130485057830811e-01,-5.481080412864685059e-01,-8.374947309494018555e-02,9.436497092247009277e-02,-1.890860646963119507e-01,2.179217189550399780e-01,1.081856563687324524e-01,-4.426193833351135254e-01,-1.064595282077789307e-01,3.623282313346862793e-01,-1.502970606088638306e-01,0.000000000000000000e+00,0.000000000000000000e+00,1.948729157447814941e-01,0.000000000000000000e+00,0.000000000000000000e+00,0.000000000000000000e+00,0.000000000000000000e+00,-4.958589375019073486e-02,3.700311481952667236e-01,1.823014914989471436e-01,4.351502358913421631e-01,2.911016047000885010e-01,3.713369369506835938e-01,-1.798586249351501465e-01,0.000000000000000000e+00,-4.938257113099098206e-02,-4.647281467914581299e-01,-1.116457581520080566e-01,2.343557476997375488e-01,-4.664211571216583252e-01,-2.852073311805725098e-01,3.998852074146270752e-01,0.000000000000000000e+00,-2.357541471719741821e-01,2.634530961513519287e-01,4.026020467281341553e-01,-3.527761250734329224e-02,3.837094008922576904e-01,3.152077198028564453e-01,0.000000000000000000e+00,0.000000000000000000e+00
4.250092208385467529e-01,4.908724427223205566e-01,-2.893371284008026123e-01,-3.271759673953056335e-02,1.000000000000000000e+00,4.349917173385620117e-01,-1.328411996364593506e-01,1.973193138837814331e-01,4.567380249500274658e-01,-1.822096854448318481e-01,1.611553728580474854e-01,-2.398108690977096558e-01,-9.251066297292709351e-02,-7.712969928979873657e-02,-2.886836826801300049e-01,-1.924986690282821655e-01,2.526034414768218994e-01,0.000000000000000000e+00,0.000000000000000000e+00,3.088585101068019867e-02,0.000000000000000000e+00,0.000000000000000000e+00,0.000000000000000000e+00,0.000000000000000000e+00,3.387553393840789795e-01,-1.166292950510978699e-01,1.132476776838302612e-01,-1.038213372230529785e-01,-7.543504703789949417e-03,-3.114967346191406250e-01,-1.115277484059333801e-01,0.000000000000000000e+00,4.109469354152679443e-01,6.245424598455429077e-02,3.987167179584503174e-01,-1.463767290115356445e-01,-6.855717394500970840e-03,2.993867993354797363e-01,-2.255156040191650391e-01,0.000000000000000000e+00,5.044022202491760254e-01,3.519790768623352051e-01,-1.652578711509704590e-01,2.673387825489044189e-01,-7.872772961854934692e-02,-1.907074898481369019e-01,0.000000000000000000e+00,0.000000000000000000e+00
1.700247377157211304e-01,2.365213930606842041e-01,1.527231335639953613e-01,3.474251627922058105e-01,4.349917173385620117e-01,1.000000000000000000e+00,2.630136311054229736e-01,-1.971696168184280396e-01,2.007968276739120483e-01,-3.070524036884307861e-01,1.714721173048019409e-01,-2.195771783590316772e-01,9.460676461458206177e-02,-3.104130923748016357e-01,-2.714977562427520752e-01,3.465192392468452454e-02,6.681989878416061401e-02,0.000000000000000000e+00,0.000000000000000000e+00,2.979153394699096680e-01,0.000000000000000000e+00,0.000000000000000000e+00,0.000000000000000000e+00,0.000000000000000000e+00,2.031083703041076660e-01,3.776725828647613525e-01,-5.318930000066757202e-02,2.939254641532897949e-01,4.369958639144897461e-01,2.121062725782394409e-01,-1.963101923465728760e-01,0.000000000000000000e+00,5.112266913056373596e-02,-3.223072588443756104e-01,1.489683836698532104e-01,8.909007161855697632e-02,-3.160316646099090576e-01,-6.905981898307800293e-02,-5.776333808898925781e-02,0.000000000000000000e+00,3.797608613967895508e-01,3.953487873077392578e-01,1.302395574748516083e-02,5.038782209157943726e-02,1.713688969612121582e-01,-1.318994015455245972e-01,0.000000000000000000e+00,0.000000000000000000e+00
-1.396603137254714966e-01,-2.191697806119918823e-01,2.839959561824798584e-01,4.689130485057830811e-01,-1.328411996364593506e-01,2.630136311054229736e-01,1.000000000000000000e+00,-4.048506617546081543e-01,-2.124741375446319580e-01,2.181263566017150879e-01,-1.608346998691558838e-01,2.669714093208312988e-01,1.708801388740539551e-01,-2.845715880393981934e-01,1.193122044205665588e-01,2.683155238628387451e-01,-7.428079843521118164e-02,0.000000000000000000e+00,0.000000000000000000e+00,2.033377736806869507e-01,0.000000000000000000e+00,0.000000000000000000e+00,0.000000000000000000e+00,0.000000000000000000e+00,-2.190120369195938110e-01,3.131137490272521973e-01,-4.651979729533195496e-02,3.206861913204193115e-01,2.262102663516998291e-01,2.656340003013610840e-01,-1.418652087450027466e-01,0.000000000000000000e+00,-1.114834845066070557e-01,-3.689098060131072998e-01,-1.801116615533828735e-01,2.051772922277450562e-01,-3.088467121124267578e-01,-3.255273401737213135e-01,3.576833009719848633e-01,0.000000000000000000e+00,-1.330499649047851562e-01,2.222283631563186646e-01,3.741510212421417236e-01,-7.851049304008483887e-02,2.681595385074615479e-01,3.827030956745147705e-01,0.000000000000000000e+00,0.000000000000000000e+00
1.266527920961380005e-01,6.315403431653976440e-02,-4.948590397834777832e-01,-5.481080412864685059e-01,1.973193138837814331e-01,-1.971696168184280396e-01,-4.048506319522857666e-01,1.000000000000000000e+00,7.031230628490447998e-02,-1.568221300840377808e-01,3.741424679756164551e-01,-2.685065269470214844e-01,-1.823728531599044800e-01,5.573899745941162109e-01,8.823900669813156128e-02,-3.687803447246551514e-01,2.318605184555053711e-01,0.000000000000000000e+00,0.000000000000000000e+00,-2.807971537113189697e-01,0.000000000000000000e+00,0.000000000000000000e+00,0.000000000000000000e+00,0.000000000000000000e+00,4.515080899000167847e-02,-4.566560089588165283e-01,-1.843969225883483887e-01,-4.567958116531372070e-01,-3.437577486038208008e-01,-4.633760154247283936e-01,6.012910604476928711e-02,0.000000000000000000e+00,6.933911889791488647e-02,5.396032333374023438e-01,4.750579223036766052e-02,-2.652520835399627686e-01,6.203635334968566895e-01,2.394091039896011353e-01,-3.599234521389007568e-01,0.000000000000000000e+00,1.362460702657699585e-01,-2.840955853462219238e-01,-3.785465061664581299e-01,-8.686131238937377930e-02,-4.063874185085296631e-01,-3.367848694324493408e-01,0.000000000000000000e+00,0.000000000000000000e+00
2.825835645198822021e-01,5.493968129158020020e-01,-1.699722558259963989e-01,-8.374948054552078247e-02,4.567380249500274658e-01,2.007968276739120483e-01,-2.124741375446319580e-01,7.031230628490447998e-02,1.000000000000000000e+00,2.496384829282760620e-02,1.722183376550674438e-01,-2.864907495677471161e-02,-2.421063631772994995e-01,-1.970295011997222900e-01,-1.551318764686584473e-01,-1.253890693187713623e-01,1.508635282516479492e-01,0.000000000000000000e+00,0.000000000000000000e+00,-4.763276875019073486e-02,0.000000000000000000e+00,0.000000000000000000e+00,0.000000000000000000e+00,0.000000000000000000e+00,1.892371028661727905e-01,-6.479857116937637329e-02,1.337879449129104614e-01,-8.033601194620132446e-02,1.099048461765050888e-02,-2.219469845294952393e-01,-1.033804863691329956e-01,0.000000000000000000e+00,5.363605618476867676e-01,2.495073899626731873e-02,4.697481393814086914e-01,-1.100158691406250000e-01,-1.910439729690551758e-01,3.473709523677825928e-01,-1.546154320240020752e-01,0.000000000000000000e+00,3.845349848270416260e-01,3.795020580291748047e-01,-1.947054117918014526e-01,5.282371044158935547e-01,6.111695617437362671e-02,-1.252049058675765991e-01,0.000000000000000000e+00,0.000000000000000000e+00
-1.236921399831771851e-01,-1.119320690631866455e-01,-1.541157513856887817e-01,9.436497837305068970e-02,-1.822096854448318481e-01,-3.070524036884307861e-01,2.181263566017150879e-01,-1.568221300840377808e-01,2.496384829282760620e-02,1.000000000000000000e+00,-3.956839442253112793e-01,7.052492499351501465e-01,5.521646700799465179e-03,1.484421268105506897e-02,5.061978697776794434e-01,4.415113627910614014e-01,-2.017863690853118896e-01,0.000000000000000000e+00,0.000000000000000000e+00,-3.081774115562438965e-01,0.000000000000000000e+00,0.000000000000000000e+00,0.000000000000000000e+00,0.000000000000000000e+00,-3.165789544582366943e-01,-1.946811825037002563e-01,3.814159333705902100e-02,-1.460109055042266846e-01,-4.075851440429687500e-01,-1.859748661518096924e-01,8.224846422672271729e-02,0.000000000000000000e+00,5.719224363565444946e-02,5.892561376094818115e-02,-6.827834993600845337e-02,1.514239329844713211e-02,-1.848687534220516682e-03,6.997713446617126465e-02,5.248892307281494141e-01,0.000000000000000000e+00,-1.782839745283126831e-01,9.152667969465255737e-02,3.167229592800140381e-01,2.421389669179916382e-01,5.785318464040756226e-02,5.282400846481323242e-01,0.000000000000000000e+00,0.000000000000000000e+00
1.107677593827247620e-01,5.069019272923469543e-02,-2.116805315017700195e-02,-1.890860646963119507e-01,1.611553728580474854e-01,1.714721173048019409e-01,-1.608346998691558838e-01,3.741424679756164551e-01,1.722183376550674438e-01,-3.956839442253112793e-01,1.000000000000000000e+00,-4.173671007156372070e-01,-9.425275027751922607e-02,2.192880809307098389e-01,-1.049593314528465271e-01,-3.470865190029144287e-01,2.563580870628356934e-01,0.000000000000000000e+00,0.000000000000000000e+00,-4.324007034301757812e-02,0.000000000000000000e+00,0.000000000000000000e+00,0.000000000000000000e+00,0.000000000000000000e+00,6.840830296277999878e-02,-1.252520084381103516e-02,-2.152976840734481812e-01,-4.012000933289527893e-02,1.997129321098327637e-01,-7.644080556929111481e-03,-1.059244498610496521e-01,0.000000000000000000e+00,2.736408449709415436e-02,1.355418562889099121e-01,6.411464512348175049e-02,1.616599708795547485e-01,1.580134779214859009e-01,6.404943019151687622e-02,-3.102971613407135010e-01,0.000000000000000000e+00,7.689239084720611572e-02,-7.308366894721984863e-02,-2.615171968936920166e-01,-1.577430814504623413e-01,-3.651175647974014282e-02,-3.082527816295623779e-01,0.000000000000000000e+00,0.000000000000000000e+00
-1.605018675327301025e-01,-1.361999958753585815e-01,-6.282711029052734375e-02,2.179217189550399780e-01,-2.398108690977096558e-01,-2.195771783590316772e-01,2.669714093208312988e-01,-2.685065269470214844e-01,-2.864907681941986084e-02,7.052492499351501465e-01,-4.173671007156372070e-01,1.000000000000000000e+00,1.989836245775222778e-02,-9.663891792297363281e-02,5.148485898971557617e-01,5.698572993278503418e-01,-2.700757682323455811e-01,0.000000000000000000e+00,0.000000000000000000e+00,-2.369071692228317261e-01,0.000000000000000000e+00,0.000000000000000000e+00,0.000000000000000000e+00,0.000000000000000000e+00,-3.530531227588653564e-01,-5.724639818072319031e-02,-2.906051091849803925e-02,-8.317765593528747559e-02,-2.789972722530364990e-01,-9.742449223995208740e-02,1.131821051239967346e-01,0.000000000000000000e+00,-2.148229442536830902e-02,-1.291696913540363312e-03,-1.169465780258178711e-01,-3.993894532322883606e-02,-1.080480441451072693e-01,-9.385435841977596283e-03,5.453990101814270020e-01,0.000000000000000000e+00,-2.122868746519088745e-01,1.569295972585678101e-01,2.881422042846679688e-01,2.586447596549987793e-01,2.759655192494392395e-02,4.713695049285888672e-01,0.000000000000000000e+00,0.000000000000000000e+00
-1.469625085592269897e-01,-1.235857009887695312e-01,6.359788775444030762e-02,1.081856563687324524e-01,-9.251066297292709351e-02,9.460675716400146484e-02,1.708801239728927612e-01,-1.823728680610656738e-01,-2.421063631772994995e-01,5.521646700799465179e-03,-9.425275027751922607e-02,1.989836432039737701e-02,1.000000000000000000e+00,-1.175642758607864380e-01,3.859822824597358704e-02,1.681020408868789673e-01,-1.312977224588394165e-01,0.000000000000000000e+00,0.000000000000000000e+00,3.363023102283477783e-01,0.000000000000000000e+00,0.000000000000000000e+00,0.000000000000000000e+00,0.000000000000000000e+00,-1.050046086311340332e-02,2.124796956777572632e-01,-9.724770486354827881e-02,1.235807314515113831e-01,5.421540886163711548e-02,1.586643606424331665e-01,6.029577180743217468e-02,0.000000000000000000e+00,-1.912134736776351929e-01,-2.312971651554107666e-01,-9.625811129808425903e-02,7.815631479024887085e-02,-1.429474800825119019e-01,-1.695371121168136597e-01,1.440396904945373535e-01,0.000000000000000000e+00,4.514554515480995178e-02,-4.898584634065628052e-02,1.802032589912414551e-01,-1.852823793888092041e-01,7.150784879922866821e-02,1.183631792664527893e-01,0.000000000000000000e+00,0.000000000000000000e+00
-2.960920974146574736e-04,-3.082256615161895752e-01,-3.129396438598632812e-01,-4.426193535327911377e-01,-7.712969928979873657e-02,-3.104130923748016357e-01,-2.845715880393981934e-01,5.573899745941162109e-01,-1.970295011997222900e-01,1.484421174973249435e-02,2.192880809307098389e-01,-9.663891047239303589e-02,-1.175642684102058411e-01,1.000000000000000000e+00,2.457548677921295166e-01,-1.398127079010009766e-01,1.443157196044921875e-01,0.000000000000000000e+00,0.000000000000000000e+00,-3.724340796470642090e-01,0.000000000000000000e+00,0.000000000000000000e+00,0.000000000000000000e+00,0.000000000000000000e+00,-3.159714117646217346e-02,-4.024329781532287598e-01,-2.466772198677062988e-01,-3.152787089347839355e-01,-3.402692079544067383e-01,-2.678246200084686279e-01,6.916823983192443848e-02,0.000000000000000000e+00,-3.118772804737091064e-01,4.483848214149475098e-01,-3.299305438995361328e-01,-8.163285255432128906e-02,6.690021157264709473e-01,-5.660991650074720383e-03,-1.593104898929595947e-01,0.000000000000000000e+00,-1.252107769250869751e-01,-3.992975056171417236e-01,-1.628634780645370483e-01,-3.142512142658233643e-01,-2.404118329286575317e-01,-1.053025722503662109e-01,0.000000000000000000e+00,0.000000000000000000e+00
-3.470185697078704834e-01,-2.077694386243820190e-01,-2.845039069652557373e-01,-1.064595207571983337e-01,-2.886836826801300049e-01,-2.714977562427520752e-01,1.193122118711471558e-01,8.823900669813156128e-02,-1.551318764686584473e-01,5.061978697776794434e-01,-1.049593314528465271e-01,5.148485898971557617e-01,3.859822824597358704e-02,2.457548677921295166e-01,1.000000000000000000e+00,3.798928260803222656e-01,-1.447359472513198853e-01,0.000000000000000000e+00,0.000000000000000000e+00,-3.007352054119110107e-01,0.000000000000000000e+00,0.000000000000000000e+00,0.000000000000000000e+00,0.000000000000000000e+00,-3.822371363639831543e-01,-1.487187147140502930e-01,-2.810195088386535645e-01,-3.432451784610748291e-01,-3.915551304817199707e-01,-1.878977864980697632e-01,1.324813663959503174e-01,0.000000000000000000e+00,-2.106282711029052734e-01,2.479680925607681274e-01,-1.226537451148033142e-01,2.502198331058025360e-02,2.530124485492706299e-01,1.482645869255065918e-01,4.103997647762298584e-01,0.000000000000000000e+00,-1.506491750478744507e-01,-6.997505575418472290e-02,1.048193871974945068e-01,4.402488097548484802e-02,-1.544491946697235107e-01,2.616166174411773682e-01,0.000000000000000000e+00,0.000000000000000000e+00
-1.869209408760070801e-01,-1.993854045867919922e-01,6.393247842788696289e-02,3.623282313346862793e-01,-1.924986690282821655e-01,3.465192392468452454e-02,2.683155238628387451e-01,-3.687803447246551514e-01,-1.253890693187713623e-01,4.415113627910614014e-01,-3.470865190029144287e-01,5.698572993278503418e-01,1.681020408868789673e-01,-1.398127079010009766e-01,3.798928558826446533e-01,1.000000000000000000e+00,-2.859364151954650879e-01,0.000000000000000000e+00,0.000000000000000000e+00,-5.053257569670677185e-02,0.000000000000000000e+00,0.000000000000000000e+00,0.000000000000000000e+00,0.000000000000000000e+00,-2.479702085256576538e-01,1.755019426345825195e-01,-1.042687296867370605e-01,9.205785393714904785e-02,-6.122841313481330872e-02,1.297686249017715454e-01,-4.766160622239112854e-02,0.000000000000000000e+00,-1.954348236322402954e-01,-1.897389441728591919e-01,-2.115018814802169800e-01,7.895317673683166504e-02,-1.956301033496856689e-01,-1.851804703474044800e-01,5.110635757446289062e-01,0.000000000000000000e+00,-1.601188927888870239e-01,1.615307629108428955e-01,3.242051601409912109e-01,7.663141936063766479e-02,1.203636229038238525e-01,3.927526175975799561e-01,0.000000000000000000e+00,0.000000000000000000e+00
1.528463512659072876e-01,1.200833320617675781e-01,-2.242633253335952759e-01,-1.502970606088638306e-01,2.526034414768218994e-01,6.681989878416061401e-02,-7.428079843521118164e-02,2.318605184555053711e-01,1.508635282516479492e-01,-2.017863690853118896e-01,2.563580870628356934e-01,-2.700757682323455811e-01,-1.312977224588394165e-01,1.443157196044921875e-01,-1.447359472513198853e-01,-2.859364151954650879e-01,1.000000000000000000e+00,0.000000000000000000e+00,0.000000000000000000e+00,-1.922289282083511353e-02,0.000000000000000000e+00,0.000000000000000000e+00,0.000000000000000000e+00,0.000000000000000000e+00,1.576839834451675415e-01,-1.854167282581329346e-01,1.068542059510946274e-02,-1.864666342735290527e-01,-1.918918639421463013e-02,-2.488752305507659912e-01,-1.363364309072494507e-01,0.000000000000000000e+00,6.061647087335586548e-02,2.113389074802398682e-01,7.933725416660308838e-02,-3.223063796758651733e-02,1.956738084554672241e-01,1.839636713266372681e-01,-2.225259989500045776e-01,0.000000000000000000e+00,1.332933455705642700e-01,8.926324546337127686e-02,-2.494719326496124268e-01,-2.560847438871860504e-02,-1.381232887506484985e-01,-2.097806036472320557e-01,0.000000000000000000e+00,0.000000000000000000e+00
0.000000000000000000e+00,0.000000000000000000e+00,0.000000000000000000e+00,0.000000000000000000e+00,0.000000000000000000e+00,0.000000000000000000e+00,0.000000000000000000e+00,0.000000000000000000e+00,0.000000000000000000e+00,0.000000000000000000e+00,0.000000000000000000e+00,0.000000000000000000e+00,0.000000000000000000e+00,0.000000000000000000e+00,0.000000000000000000e+00,0.000000000000000000e+00,0.000000000000000000e+00,1.000000000000000000e+00,0.000000000000000000e+00,0.000000000000000000e+00,0.000000000000000000e+00,0.000000000000000000e+00,0.000000000000000000e+00,0.000000000000000000e+00,0.000000000000000000e+00,0.000000000000000000e+00,0.000000000000000000e+00,0.000000000000000000e+00,0.000000000000000000e+00,0.000000000000000000e+00,0.000000000000000000e+00,0.000000000000000000e+00,0.000000000000000000e+00,0.000000000000000000e+00,0.000000000000000000e+00,0.000000000000000000e+00,0.000000000000000000e+00,0.000000000000000000e+00,0.000000000000000000e+00,0.000000000000000000e+00,0.000000000000000000e+00,0.000000000000000000e+00,0.000000000000000000e+00,0.000000000000000000e+00,0.000000000000000000e+00,0.000000000000000000e+00,0.000000000000000000e+00,0.000000000000000000e+00
0.000000000000000000e+00,0.000000000000000000e+00,0.000000000000000000e+00,0.000000000000000000e+00,0.000000000000000000e+00,0.000000000000000000e+00,0.000000000000000000e+00,0.000000000000000000e+00,0.000000000000000000e+00,0.000000000000000000e+00,0.000000000000000000e+00,0.000000000000000000e+00,0.000000000000000000e+00,0.000000000000000000e+00,0.000000000000000000e+00,0.000000000000000000e+00,0.000000000000000000e+00,0.000000000000000000e+00,1.000000000000000000e+00,0.000000000000000000e+00,0.000000000000000000e+00,0.000000000000000000e+00,0.000000000000000000e+00,0.000000000000000000e+00,0.000000000000000000e+00,0.000000000000000000e+00,0.000000000000000000e+00,0.000000000000000000e+00,0.000000000000000000e+00,0.000000000000000000e+00,0.000000000000000000e+00,0.000000000000000000e+00,0.000000000000000000e+00,0.000000000000000000e+00,0.000000000000000000e+00,0.000000000000000000e+00,0.000000000000000000e+00,0.000000000000000000e+00,0.000000000000000000e+00,0.000000000000000000e+00,0.000000000000000000e+00,0.000000000000000000e+00,0.000000000000000000e+00,0.000000000000000000e+00,0.000000000000000000e+00,0.000000000000000000e+00,0.000000000000000000e+00,0.000000000000000000e+00
-3.962470218539237976e-02,1.175166592001914978e-01,2.329190224409103394e-01,1.948729157447814941e-01,3.088585101068019867e-02,2.979153394699096680e-01,2.033377885818481445e-01,-2.807971537113189697e-01,-4.763276875019073486e-02,-3.081774115562438965e-01,-4.324007034301757812e-02,-2.369071692228317261e-01,3.363023102283477783e-01,-3.724340796470642090e-01,-3.007351756095886230e-01,-5.053257569670677185e-02,-1.922289282083511353e-02,0.000000000000000000e+00,0.000000000000000000e+00,1.000000000000000000e+00,0.000000000000000000e+00,0.000000000000000000e+00,0.000000000000000000e+00,0.000000000000000000e+00,7.418037205934524536e-02,3.240321874618530273e-01,-1.923920214176177979e-02,3.011858761310577393e-01,3.377364873886108398e-01,2.603571414947509766e-01,-4.788880422711372375e-02,0.000000000000000000e+00,5.457110702991485596e-02,-3.807133138179779053e-01,1.134645119309425354e-01,2.503122901543974876e-03,-3.703458011150360107e-01,-1.161186993122100830e-01,-9.551732987165451050e-02,0.000000000000000000e+00,1.994956582784652710e-01,1.273144036531448364e-01,-1.574918627738952637e-02,-4.775369912385940552e-02,6.072028353810310364e-02,-1.576191335916519165e-01,0.000000000000000000e+00,0.000000000000000000e+00
0.000000000000000000e+00,0.000000000000000000e+00,0.000000000000000000e+00,0.000000000000000000e+00,0.000000000000000000e+00,0.000000000000000000e+00,0.000000000000000000e+00,0.000000000000000000e+00,0.000000000000000000e+00,0.000000000000000000e+00,0.000000000000000000e+00,0.000000000000000000e+00,0.000000000000000000e+00,0.000000000000000000e+00,0.000000000000000000e+00,0.000000000000000000e+00,0.000000000000000000e+00,0.000000000000000000e+00,0.000000000000000000e+00,0.000000000000000000e+00,1.000000000000000000e+00,0.000000000000000000e+00,0.000000000000000000e+00,0.000000000000000000e+00,0.000000000000000000e+00,0.000000000000000000e+00,0.000000000000000000e+00,0.000000000000000000e+00,0.000000000000000000e+00,0.000000000000000000e+00,0.000000000000000000e+00,0.000000000000000000e+00,0.000000000000000000e+00,0.000000000000000000e+00,0.000000000000000000e+00,0.000000000000000000e+00,0.000000000000000000e+00,0.000000000000000000e+00,0.000000000000000000e+00,0.000000000000000000e+00,0.000000000000000000e+00,0.000000000000000000e+00,0.000000000000000000e+00,0.000000000000000000e+00,0.000000000000000000e+00,0.000000000000000000e+00,0.000000000000000000e+00,0.000000000000000000e+00
0.000000000000000000e+00,0.000000000000000000e+00,0.000000000000000000e+00,0.000000000000000000e+00,0.000000000000000000e+00,0.000000000000000000e+00,0.000000000000000000e+00,0.000000000000000000e+00,0.000000000000000000e+00,0.000000000000000000e+00,0.000000000000000000e+00,0.000000000000000000e+00,0.000000000000000000e+00,0.000000000000000000e+00,0.000000000000000000e+00,0.000000000000000000e+00,0.000000000000000000e+00,0.000000000000000000e+00,0.000000000000000000e+00,0.000000000000000000e+00,0.000000000000000000e+00,1.000000000000000000e+00,0.000000000000000000e+00,0.000000000000000000e+00,0.000000000000000000e+00,0.000000000000000000e+00,0.000000000000000000e+00,0.000000000000000000e+00,0.000000000000000000e+00,0.000000000000000000e+00,0.000000000000000000e+00,0.000000000000000000e+00,0.000000000000000000e+00,0.000000000000000000e+00,0.000000000000000000e+00,0.000000000000000000e+00,0.000000000000000000e+00,0.000000000000000000e+00,0.000000000000000000e+00,0.000000000000000000e+00,0.000000000000000000e+00,0.000000000000000000e+00,0.000000000000000000e+00,0.000000000000000000e+00,0.000000000000000000e+00,0.000000000000000000e+00,0.000000000000000000e+00,0.000000000000000000e+00
0.000000000000000000e+00,0.000000000000000000e+00,0.000000000000000000e+00,0.000000000000000000e+00,0.000000000000000000e+00,0.000000000000000000e+00,0.000000000000000000e+00,0.000000000000000000e+00,0.000000000000000000e+00,0.000000000000000000e+00,0.000000000000000000e+00,0.000000000000000000e+00,0.000000000000000000e+00,0.000000000000000000e+00,0.000000000000000000e+00,0.000000000000000000e+00,0.000000000000000000e+00,0.000000000000000000e+00,0.000000000000000000e+00,0.000000000000000000e+00,0.000000000000000000e+00,0.000000000000000000e+00,1.000000000000000000e+00,0.000000000000000000e+00,0.000000000000000000e+00,0.000000000000000000e+00,0.000000000000000000e+00,0.000000000000000000e+00,0.000000000000000000e+00,0.000000000000000000e+00,0.000000000000000000e+00,0.000000000000000000e+00,0.000000000000000000e+00,0.000000000000000000e+00,0.000000000000000000e+00,0.000000000000000000e+00,0.000000000000000000e+00,0.000000000000000000e+00,0.000000000000000000e+00,0.000000000000000000e+00,0.000000000000000000e+00,0.000000000000000000e+00,0.000000000000000000e+00,0.000000000000000000e+00,0.000000000000000000e+00,0.000000000000000000e+00,0.000000000000000000e+00,0.000000000000000000e+00
0.000000000000000000e+00,0.000000000000000000e+00,0.000000000000000000e+00,0.000000000000000000e+00,0.000000000000000000e+00,0.000000000000000000e+00,0.000000000000000000e+00,0.000000000000000000e+00,0.000000000000000000e+00,0.000000000000000000e+00,0.000000000000000000e+00,0.000000000000000000e+00,0.000000000000000000e+00,0.000000000000000000e+00,0.000000000000000000e+00,0.000000000000000000e+00,0.000000000000000000e+00,0.000000000000000000e+00,0.000000000000000000e+00,0.000000000000000000e+00,0.000000000000000000e+00,0.000000000000000000e+00,0.000000000000000000e+00,1.000000000000000000e+00,0.000000000000000000e+00,0.000000000000000000e+00,0.000000000000000000e+00,0.000000000000000000e+00,0.000000000000000000e+00,0.000000000000000000e+00,0.000000000000000000e+00,0.000000000000000000e+00,0.000000000000000000e+00,0.000000000000000000e+00,0.000000000000000000e+00,0.000000000000000000e+00,0.000000000000000000e+00,0.000000000000000000e+00,0.000000000000000000e+00,0.000000000000000000e+00,0.000000000000000000e+00,0.000000000000000000e+00,0.000000000000000000e+00,0.000000000000000000e+00,0.000000000000000000e+00,0.000000000000000000e+00,0.000000000000000000e+00,0.000000000000000000e+00
5.062292814254760742e-01,2.070027142763137817e-01,-4.900754615664482117e-02,-4.958589375019073486e-02,3.387553393840789795e-01,2.031083703041076660e-01,-2.190120369195938110e-01,4.515080899000167847e-02,1.892371028661727905e-01,-3.165789544582366943e-01,6.840830296277999878e-02,-3.530531227588653564e-01,-1.050045993179082870e-02,-3.159714117646217346e-02,-3.822371661663055420e-01,-2.479702085256576538e-01,1.576839834451675415e-01,0.000000000000000000e+00,0.000000000000000000e+00,7.418037205934524536e-02,0.000000000000000000e+00,0.000000000000000000e+00,0.000000000000000000e+00,0.000000000000000000e+00,1.000000000000000000e+00,-4.334283992648124695e-02,3.414463400840759277e-01,1.130680218338966370e-01,4.483985155820846558e-02,-9.995485655963420868e-03,-1.527528017759323120e-01,0.000000000000000000e+00,1.078091040253639221e-01,-4.204392805695533752e-02,2.125513404607772827e-01,-1.150940582156181335e-01,-4.154950845986604691e-03,1.356943696737289429e-01,-1.972639858722686768e-01,0.000000000000000000e+00,3.283847570419311523e-01,2.510406635701656342e-02,-1.280648559331893921e-01,-5.970284715294837952e-02,8.110080659389495850e-02,-2.161077409982681274e-01,0.000000000000000000e+00,0.000000000000000000e+00
-2.313310205936431885e-01,-8.805028349161148071e-02,4.991419315338134766e-01,3.700311481952667236e-01,-1.166292950510978699e-01,3.776725828647613525e-01,3.131137490272521973e-01,-4.566560089588165283e-01,-6.479857116937637329e-02,-1.946811676025390625e-01,-1.252520084381103516e-02,-5.724639818072319031e-02,2.124796956777572632e-01,-4.024329781532287598e-01,-1.487186998128890991e-01,1.755019426345825195e-01,-1.854167282581329346e-01,0.000000000000000000e+00,0.000000000000000000e+00,3.240321874618530273e-01,0.000000000000000000e+00,0.000000000000000000e+00,0.000000000000000000e+00,0.000000000000000000e+00,-4.334283992648124695e-02,1.000000000000000000e+00,-5.720392987132072449e-02,4.950090050697326660e-01,5.319438576698303223e-01,5.764721035957336426e-01,-1.009152606129646301e-01,0.000000000000000000e+00,-1.428658515214920044e-01,-4.898366332054138184e-01,-6.397733837366104126e-02,2.998266816139221191e-01,-4.947976171970367432e-01,-3.166898190975189209e-01,9.328594803810119629e-02,0.000000000000000000e+00,-3.805979341268539429e-02,1.189018934965133667e-01,2.208123058080673218e-01,-9.079994261264801025e-02,3.940360546112060547e-01,6.545200943946838379e-02,0.000000000000000000e+00,0.000000000000000000e+00
2.941831648349761963e-01,2.288047969341278076e-01,9.053239226341247559e-02,1.823014914989471436e-01,1.132476776838302612e-01,-5.318930000066757202e-02,-4.651979729533195496e-02,-1.843969076871871948e-01,1.337879449129104614e-01,3.814159333705902100e-02,-2.152976840734481812e-01,-2.906050905585289001e-02,-9.724770486354827881e-02,-2.466772198677062988e-01,-2.810195088386535645e-01,-1.042687296867370605e-01,1.068541966378688812e-02,0.000000000000000000e+00,0.000000000000000000e+00,-1.923920214176177979e-02,0.000000000000000000e+00,0.000000000000000000e+00,0.000000000000000000e+00,0.000000000000000000e+00,3.414463400840759277e-01,-5.720392987132072449e-02,1.000000000000000000e+00,1.220429912209510803e-01,-3.470090031623840332e-02,8.718611672520637512e-03,1.536156795918941498e-02,0.000000000000000000e+00,3.187772035598754883e-01,-1.056667789816856384e-02,1.911763697862625122e-01,-4.545648023486137390e-02,-1.662505567073822021e-01,1.119701415300369263e-01,4.806323349475860596e-02,0.000000000000000000e+00,9.185270406305789948e-03,1.486066132783889771e-01,1.284015178680419922e-01,1.517030000686645508e-01,1.973232775926589966e-01,8.241295069456100464e-02,0.000000000000000000e+00,0.000000000000000000e+00
1.478364914655685425e-01,-1.903244405984878540e-01,6.606585979461669922e-01,4.351502358913421631e-01,-1.038213372230529785e-01,2.939254641532897949e-01,3.206862211227416992e-01,-4.567958116531372070e-01,-8.033601194620132446e-02,-1.460109055042266846e-01,-4.012000933289527893e-02,-8.317765593528747559e-02,1.235807314515113831e-01,-3.152787387371063232e-01,-3.432451784610748291e-01,9.205785393714904785e-02,-1.864666342735290527e-01,0.000000000000000000e+00,0.000000000000000000e+00,3.011858761310577393e-01,0.000000000000000000e+00,0.000000000000000000e+00,0.000000000000000000e+00,0.000000000000000000e+00,1.130680218338966370e-01,4.950090050697326660e-01,1.220429912209510803e-01,1.000000000000000000e+00,5.460917353630065918e-01,5.893177390098571777e-01,-2.396816462278366089e-01,0.000000000000000000e+00,-7.018952071666717529e-02,-6.169412732124328613e-01,-1.935869157314300537e-01,3.372398018836975098e-01,-4.958676099777221680e-01,-4.525947570800781250e-01,1.528622806072235107e-01,0.000000000000000000e+00,-1.605643332004547119e-01,3.036223910748958588e-02,4.007801115512847900e-01,-2.504239082336425781e-01,5.553030967712402344e-01,2.419762760400772095e-01,0.000000000000000000e+00,0.000000000000000000e+00
-3.148135915398597717e-02,-2.083496004343032837e-02,5.208848714828491211e-01,2.911016047000885010e-01,-7.543504703789949417e-03,4.369958639144897461e-01,2.262102514505386353e-01,-3.437577486038208008e-01,1.099048554897308350e-02,-4.075851142406463623e-01,1.997129321098327637e-01,-2.789972722530364990e-01,5.421540886163711548e-02,-3.402692079544067383e-01,-3.915551602840423584e-01,-6.122841313481330872e-02,-1.918918639421463013e-02,0.000000000000000000e+00,0.000000000000000000e+00,3.377364873886108398e-01,0.000000000000000000e+00,0.000000000000000000e+00,0.000000000000000000e+00,0.000000000000000000e+00,4.483985155820846558e-02,5.319438576698303223e-01,-3.470090031623840332e-02,5.460917353630065918e-01,1.000000000000000000e+00,5.289514660835266113e-01,-1.257194280624389648e-01,0.000000000000000000e+00,-9.588913619518280029e-02,-4.273225963115692139e-01,-1.222161352634429932e-01,2.546469867229461670e-01,-4.319104552268981934e-01,-3.681732118129730225e-01,-1.544118821620941162e-01,0.000000000000000000e+00,2.374478615820407867e-03,1.695431619882583618e-01,2.537106536328792572e-02,-1.171774193644523621e-01,2.850130200386047363e-01,-1.098767444491386414e-01,0.000000000000000000e+00,0.000000000000000000e+00
-2.056487649679183960e-01,-3.281204104423522949e-01,6.592372059822082520e-01,3.713369369506835938e-01,-3.114967346191406250e-01,2.121062725782394409e-01,2.656340003013610840e-01,-4.633760154247283936e-01,-2.219469845294952393e-01,-1.859748512506484985e-01,-7.644080556929111481e-03,-9.742449223995208740e-02,1.586643755435943604e-01,-2.678246200084686279e-01,-1.878978013992309570e-01,1.297686249017715454e-01,-2.488752305507659912e-01,0.000000000000000000e+00,0.000000000000000000e+00,2.603571414947509766e-01,0.000000000000000000e+00,0.000000000000000000e+00,0.000000000000000000e+00,0.000000000000000000e+00,-9.995485655963420868e-03,5.764721035957336426e-01,8.718610741198062897e-03,5.893177390098571777e-01,5.289514660835266113e-01,1.000000000000000000e+00,-1.307260543107986450e-01,0.000000000000000000e+00,-2.665019631385803223e-01,-5.726177692413330078e-01,-2.885795533657073975e-01,4.374451339244842529e-01,-4.214509129524230957e-01,-5.176399350166320801e-01,1.561521738767623901e-01,0.000000000000000000e+00,-2.470617890357971191e-01,-1.537902653217315674e-01,3.522323966026306152e-01,-3.399569094181060791e-01,5.116059780120849609e-01,1.903693228960037231e-01,0.000000000000000000e+00,0.000000000000000000e+00
-1.869375407695770264e-01,6.664474308490753174e-02,-1.493987441062927246e-01,-1.798586249351501465e-01,-1.115277484059333801e-01,-1.963101923465728760e-01,-1.418652087450027466e-01,6.012910604476928711e-02,-1.033804863691329956e-01,8.224846422672271729e-02,-1.059244498610496521e-01,1.131821051239967346e-01,6.029577180743217468e-02,6.916823983192443848e-02,1.324813663959503174e-01,-4.766160622239112854e-02,-1.363364309072494507e-01,0.000000000000000000e+00,0.000000000000000000e+00,-4.788880422711372375e-02,0.000000000000000000e+00,0.000000000000000000e+00,0.000000000000000000e+00,0.000000000000000000e+00,-1.527528017759323120e-01,-1.009152606129646301e-01,1.536156795918941498e-02,-2.396816462278366089e-01,-1.257194280624389648e-01,-1.307260543107986450e-01,1.000000000000000000e+00,0.000000000000000000e+00,-3.508416935801506042e-02,2.441295832395553589e-01,8.446375839412212372e-03,-1.588857173919677734e-01,1.320172846317291260e-01,1.024999320507049561e-01,-6.706191599369049072e-02,0.000000000000000000e+00,4.924984648823738098e-03,-4.683303833007812500e-02,-1.667909324169158936e-01,1.494092345237731934e-01,-3.079018890857696533e-01,-1.308146268129348755e-01,0.000000000000000000e+00,0.000000000000000000e+00
0.000000000000000000e+00,0.000000000000000000e+00,0.000000000000000000e+00,0.000000000000000000e+00,0.000000000000000000e+00,0.000000000000000000e+00,0.000000000000000000e+00,0.000000000000000000e+00,0.000000000000000000e+00,0.000000000000000000e+00,0.000000000000000000e+00,0.000000000000000000e+00,0.000000000000000000e+00,0.000000000000000000e+00,0.000000000000000000e+00,0.000000000000000000e+00,0.000000000000000000e+00,0.000000000000000000e+00,0.000000000000000000e+00,0.000000000000000000e+00,0.000000000000000000e+00,0.000000000000000000e+00,0.000000000000000000e+00,0.000000000000000000e+00,0.000000000000000000e+00,0.000000000000000000e+00,0.000000000000000000e+00,0.000000000000000000e+00,0.000000000000000000e+00,0.000000000000000000e+00,0.000000000000000000e+00,1.000000000000000000e+00,0.000000000000000000e+00,0.000000000000000000e+00,0.000000000000000000e+00,0.000000000000000000e+00,0.000000000000000000e+00,0.000000000000000000e+00,0.000000000000000000e+00,0.000000000000000000e+00,0.000000000000000000e+00,0.000000000000000000e+00,0.000000000000000000e+00,0.000000000000000000e+00,0.000000000000000000e+00,0.000000000000000000e+00,0.000000000000000000e+00,0.000000000000000000e+00
