1.000000000000000000e+00,5.838848352432250977e-01,-2.965513169765472412e-01,3.029087185859680176e-01,5.905500054359436035e-01,5.406511425971984863e-01,1.571541838347911835e-02,3.091893196105957031e-01,4.110290408134460449e-01,2.018444687128067017e-01,-1.063192561268806458e-01,-1.058881450444459915e-02,-4.128392413258552551e-02,2.280533164739608765e-01,-4.934841096401214600e-01,-2.642262876033782959e-01,2.800173163414001465e-01,3.730056285858154297e-01,3.834312856197357178e-01,5.467158928513526917e-02,3.376093804836273193e-01,0.000000000000000000e+00,0.000000000000000000e+00,1.350283771753311157e-01,3.601092994213104248e-01,-4.875838160514831543e-01,1.553046703338623047e-01,7.868210673332214355e-01,7.176467180252075195e-01,-2.544769644737243652e-01,-2.573416531085968018e-01,0.000000000000000000e+00,1.727482527494430542e-01,-2.881912291049957275e-01,1.441828720271587372e-02,-2.315974533557891846e-01,-1.187521219253540039e-01,-6.524453312158584595e-02,-3.891585394740104675e-02,-4.573418200016021729e-01,6.413486003875732422e-01,2.982128262519836426e-01,-6.246257107704877853e-04,4.073049426078796387e-01,1.604199856519699097e-01,-4.379648715257644653e-02,-4.183926805853843689e-02,0.000000000000000000e+00
5.838848352432250977e-01,1.000000000000000000e+00,-6.043455600738525391e-01,-5.573139712214469910e-02,7.360847592353820801e-01,6.729637384414672852e-01,-1.674111634492874146e-01,3.614253103733062744e-01,7.284777164459228516e-01,3.894729316234588623e-01,-3.034930527210235596e-01,1.129382476210594177e-01,-1.789810657501220703e-01,2.954432070255279541e-01,-4.122097194194793701e-01,-3.077992796897888184e-01,1.227160617709159851e-01,4.324629604816436768e-01,1.538837850093841553e-01,-8.873124420642852783e-02,3.447918891906738281e-01,0.000000000000000000e+00,0.000000000000000000e+00,1.608478724956512451e-01,1.849476397037506104e-01,-4.586763978004455566e-01,3.198975026607513428e-01,4.646458327770233154e-01,5.819453597068786621e-01,-1.928725242614746094e-01,-2.997381389141082764e-01,0.000000000000000000e+00,4.228744208812713623e-01,2.176703512668609619e-01,5.300253033638000488e-01,1.849216371774673462e-01,2.434265017509460449e-01,3.652573227882385254e-01,2.113343030214309692e-01,-6.225014925003051758e-01,8.063207864761352539e-01,5.803313851356506348e-01,1.548779308795928955e-01,8.178638219833374023e-01,5.507737994194030762e-01,3.110980689525604248e-01,-6.086264923214912415e-02,0.000000000000000000e+00
-2.965513169765472412e-01,-6.043455600738525391e-01,1.000000000000000000e+00,4.368842840194702148e-01,-4.466182291507720947e-01,-3.938990235328674316e-01,5.850238204002380371e-01,-3.185373842716217041e-01,-4.337248206138610840e-01,-3.916048705577850342e-01,4.056295454502105713e-01,-1.288194507360458374e-01,1.096972376108169556e-01,-4.386005997657775879e-01,3.520731031894683838e-01,1.910485774278640747e-01,1.577752232551574707e-01,-2.569563090801239014e-01,-1.247164756059646606e-01,-1.129212528467178345e-01,-2.157409191131591797e-01,0.000000000000000000e+00,0.000000000000000000e+00,3.777246177196502686e-02,-4.433615133166313171e-02,6.148961782455444336e-01,-3.928544521331787109e-01,-8.430469036102294922e-02,-3.142263889312744141e-01,4.592177271842956543e-01,3.895845115184783936e-01,0.000000000000000000e+00,-2.110542953014373779e-01,-3.632619082927703857e-01,-4.287023842334747314e-01,-2.724277228116989136e-02,-6.247012019157409668e-01,-5.027278065681457520e-01,-4.048038125038146973e-01,4.808270931243896484e-01,-4.106238484382629395e-01,-2.626509070396423340e-01,-8.967299759387969971e-02,-5.251166224479675293e-01,-4.289348721504211426e-01,-3.113712370395660400e-01,1.612013727426528931e-01,0.000000000000000000e+00
3.029087185859680176e-01,-5.573139712214469910e-02,4.368842840194702148e-01,1.000000000000000000e+00,2.090353816747665405e-01,2.696698307991027832e-01,6.868345737457275391e-01,-3.068935871124267578e-01,-1.814225502312183380e-02,-1.409633457660675049e-01,8.812728524208068848e-02,-2.771392464637756348e-01,1.653953455388545990e-02,-1.462534964084625244e-01,-2.300222367048263550e-01,-2.889302074909210205e-01,7.021851539611816406e-01,3.164914548397064209e-01,5.035129189491271973e-01,1.220605522394180298e-01,2.504017055034637451e-01,0.000000000000000000e+00,0.000000000000000000e+00,1.716604977846145630e-01,-1.640126109123229980e-01,2.875291705131530762e-01,-3.978502154350280762e-01,4.588939249515533447e-01,3.796353936195373535e-01,4.206074178218841553e-01,1.714913696050643921e-01,0.000000000000000000e+00,-2.514962255954742432e-01,-6.134419441223144531e-01,-3.631049692630767822e-01,-9.330727905035018921e-02,-5.821146368980407715e-01,-5.470076799392700195e-01,-3.840017318725585938e-01,-1.621307618916034698e-02,1.363548189401626587e-01,2.395714819431304932e-01,2.830063998699188232e-01,-2.283360958099365234e-01,5.600878596305847168e-02,5.650006234645843506e-03,2.560812234878540039e-01,0.000000000000000000e+00
5.905500054359436035e-01,7.360847592353820801e-01,-4.466182291507720947e-01,2.090353816747665405e-01,1.000000000000000000e+00,8.462427258491516113e-01,9.741960465908050537e-02,1.655069589614868164e-01,6.264285445213317871e-01,2.008912414312362671e-01,-4.350088536739349365e-01,-1.295877248048782349e-01,-3.527698814868927002e-01,2.921763658523559570e-01,-4.334846436977386475e-01,-3.763521313667297363e-01,3.130750358104705811e-01,5.347470641136169434e-01,2.518474161624908447e-01,-9.308681637048721313e-02,3.687056601047515869e-01,0.000000000000000000e+00,0.000000000000000000e+00,2.828766703605651855e-01,8.639974147081375122e-02,-2.414363920688629150e-01,1.464452594518661499e-01,5.683969259262084961e-01,6.855594515800476074e-01,8.772467821836471558e-02,-1.218983381986618042e-01,0.000000000000000000e+00,1.571754664182662964e-01,6.024542823433876038e-02,3.125335276126861572e-01,2.247862666845321655e-01,1.254168897867202759e-01,8.332954347133636475e-02,3.418613970279693604e-02,-6.152271032333374023e-01,7.892189025878906250e-01,6.625293493270874023e-01,2.767641544342041016e-01,6.427527666091918945e-01,5.044229030609130859e-01,3.334945440292358398e-01,7.958979904651641846e-02,0.000000000000000000e+00
5.406511425971984863e-01,6.729637384414672852e-01,-3.938990235328674316e-01,2.696698307991027832e-01,8.462427258491516113e-01,1.000000000000000000e+00,1.861999183893203735e-01,1.162750348448753357e-01,5.115371942520141602e-01,1.160123646259307861e-01,-4.546985626220703125e-01,-1.842728555202484131e-01,-3.571080863475799561e-01,1.812168210744857788e-01,-4.973105490207672119e-01,-4.587984383106231689e-01,3.463983237743377686e-01,5.423497557640075684e-01,2.464192658662796021e-01,-9.071984142065048218e-02,4.555182158946990967e-01,0.000000000000000000e+00,0.000000000000000000e+00,3.354620337486267090e-01,1.562699079513549805e-01,-2.562076449394226074e-01,3.456989675760269165e-02,5.975188016891479492e-01,7.409053444862365723e-01,1.223004758358001709e-01,-1.660485714673995972e-01,0.000000000000000000e+00,6.926269829273223877e-02,2.484310651198029518e-03,2.946315705776214600e-01,2.087235748767852783e-01,3.420362994074821472e-02,1.740039559081196785e-03,-7.296827435493469238e-02,-6.256329417228698730e-01,7.179181575775146484e-01,6.556304693222045898e-01,2.453864812850952148e-01,5.611801147460937500e-01,4.790191948413848877e-01,2.773581445217132568e-01,6.729181110858917236e-02,0.000000000000000000e+00
1.571541838347911835e-02,-1.674111634492874146e-01,5.850238204002380371e-01,6.868345737457275391e-01,9.741960465908050537e-02,1.861999183893203735e-01,1.000000000000000000e+00,-1.684716790914535522e-01,8.158461190760135651e-03,-2.836790382862091064e-01,2.772068083286285400e-01,-1.508172005414962769e-01,3.629488497972488403e-02,-2.196220904588699341e-01,9.177361428737640381e-02,-8.989049494266510010e-02,6.926774382591247559e-01,2.438845932483673096e-01,2.942552566528320312e-01,-3.983842581510543823e-02,1.870051473379135132e-01,0.000000000000000000e+00,0.000000000000000000e+00,2.936351299285888672e-01,-5.966472625732421875e-02,3.990127146244049072e-01,-4.272911846637725830e-01,2.143286019563674927e-01,1.474469900131225586e-01,5.953785777091979980e-01,3.829391300678253174e-01,0.000000000000000000e+00,-8.518403768539428711e-02,-3.703289031982421875e-01,-2.424475103616714478e-01,1.202831119298934937e-01,-6.593872904777526855e-01,-4.662321507930755615e-01,-4.794697761535644531e-01,9.618596732616424561e-02,7.426391541957855225e-02,1.339972764253616333e-01,1.243721023201942444e-01,-1.831779628992080688e-01,-1.384101957082748413e-01,-1.530600339174270630e-01,2.631198763847351074e-01,0.000000000000000000e+00
3.091893196105957031e-01,3.614253103733062744e-01,-3.185373842716217041e-01,-3.068935871124267578e-01,1.655069589614868164e-01,1.162750348448753357e-01,-1.684716790914535522e-01,1.000000000000000000e+00,4.408664405345916748e-01,1.455491036176681519e-01,3.562973439693450928e-01,4.079612493515014648e-01,-7.069577928632497787e-03,2.167625427246093750e-01,2.432843893766403198e-01,1.472439020872116089e-01,-7.038978487253189087e-02,1.107716038823127747e-01,7.694555819034576416e-02,1.215237379074096680e-01,1.486250758171081543e-01,0.000000000000000000e+00,0.000000000000000000e+00,1.520027518272399902e-01,1.784717291593551636e-01,-4.889906644821166992e-01,2.276053428649902344e-01,1.916969567537307739e-01,2.463326752185821533e-01,-2.912785708904266357e-01,-6.485397368669509888e-02,0.000000000000000000e+00,5.439978241920471191e-01,3.399432301521301270e-01,3.557773828506469727e-01,-1.231324300169944763e-02,2.268997728824615479e-01,5.190958976745605469e-01,1.984409540891647339e-01,-2.057777792215347290e-01,4.132012426853179932e-01,-2.321415543556213379e-01,-3.374806046485900879e-01,4.140636026859283447e-01,-1.832051426172256470e-01,-2.629347145557403564e-01,1.931692101061344147e-02,0.000000000000000000e+00
4.110290408134460449e-01,7.284777164459228516e-01,-4.337248206138610840e-01,-1.814225502312183380e-02,6.264285445213317871e-01,5.115371942520141602e-01,8.158461190760135651e-03,4.408664405345916748e-01,1.000000000000000000e+00,4.361895024776458740e-01,-7.794646173715591431e-02,2.992675006389617920e-01,-6.160080432891845703e-02,3.008969426155090332e-01,-1.187329143285751343e-01,-7.963057607412338257e-02,2.926098108291625977e-01,4.442930817604064941e-01,2.034942954778671265e-01,4.999350756406784058e-03,3.432049453258514404e-01,0.000000000000000000e+00,0.000000000000000000e+00,1.868999451398849487e-01,1.178753003478050232e-02,-2.688018977642059326e-01,3.171340525150299072e-01,3.040972054004669189e-01,4.080726504325866699e-01,-2.553165331482887268e-02,-2.136182412505149841e-02,0.000000000000000000e+00,5.270586609840393066e-01,3.110378682613372803e-01,4.869130551815032959e-01,2.309628874063491821e-01,2.327252924442291260e-01,3.924726247787475586e-01,1.905978173017501831e-01,-4.647817611694335938e-01,7.386437058448791504e-01,4.418902397155761719e-01,1.613431274890899658e-01,7.262601852416992188e-01,4.063975512981414795e-01,2.809215486049652100e-01,8.264833688735961914e-02,0.000000000000000000e+00
2.018444687128067017e-01,3.894729316234588623e-01,-3.916048705577850342e-01,-1.409633457660675049e-01,2.008912414312362671e-01,1.160123646259307861e-01,-2.836790382862091064e-01,1.455491036176681519e-01,4.361895024776458740e-01,1.000000000000000000e+00,-4.375535994768142700e-03,6.405172348022460938e-01,3.802900910377502441e-01,3.207936286926269531e-01,2.003307454288005829e-02,1.997331231832504272e-01,8.131929486989974976e-02,-1.186399627476930618e-02,2.688315808773040771e-01,4.750181734561920166e-01,2.157908491790294647e-02,0.000000000000000000e+00,0.000000000000000000e+00,-2.246874123811721802e-01,-9.881395846605300903e-02,-3.367325663566589355e-01,5.139951109886169434e-01,1.047172546386718750e-01,2.114343196153640747e-01,-2.352037578821182251e-01,-1.133041381835937500e-01,0.000000000000000000e+00,1.291810125112533569e-01,4.258868750184774399e-03,2.139568030834197998e-01,3.625205531716346741e-02,1.391630470752716064e-01,2.719317972660064697e-01,4.972650110721588135e-01,-9.514962881803512573e-02,3.435334563255310059e-01,3.026183545589447021e-01,2.497534304857254028e-01,3.535870909690856934e-01,4.045952260494232178e-01,4.352774322032928467e-01,1.633253321051597595e-02,0.000000000000000000e+00
-1.063192561268806458e-01,-3.034930527210235596e-01,4.056295454502105713e-01,8.812728524208068848e-02,-4.350088536739349365e-01,-4.546985626220703125e-01,2.772068083286285400e-01,3.562973439693450928e-01,-7.794646173715591431e-02,-4.375535994768142700e-03,1.000000000000000000e+00,4.354027807712554932e-01,4.155582189559936523e-01,-2.452660650014877319e-01,5.840083360671997070e-01,3.177409768104553223e-01,1.604243218898773193e-01,-1.266656965017318726e-01,8.147697895765304565e-02,2.367739826440811157e-01,-4.738655313849449158e-02,0.000000000000000000e+00,0.000000000000000000e+00,-1.702894642949104309e-02,-6.774928420782089233e-02,9.764046408236026764e-03,-1.082929223775863647e-01,-8.138133585453033447e-02,-1.952982842922210693e-01,-2.603005804121494293e-02,1.893088519573211670e-01,0.000000000000000000e+00,2.067704647779464722e-01,-1.443593949079513550e-01,-1.723126471042633057e-01,-2.150964885950088501e-01,-3.857712149620056152e-01,2.942093648016452789e-02,-1.172745674848556519e-01,3.422684967517852783e-01,-1.614780724048614502e-01,-4.851917922496795654e-01,-2.371384948492050171e-01,-2.665717303752899170e-01,-4.155339002609252930e-01,-3.756316900253295898e-01,2.034472376108169556e-01,0.000000000000000000e+00
-1.058881357312202454e-02,1.129382476210594177e-01,-1.288194507360458374e-01,-2.771392464637756348e-01,-1.295877248048782349e-01,-1.842728555202484131e-01,-1.508171856403350830e-01,4.079612195491790771e-01,2.992675006389617920e-01,6.405172348022460938e-01,4.354028105735778809e-01,1.000000000000000000e+00,5.204213857650756836e-01,1.110488623380661011e-01,4.740052819252014160e-01,5.382195711135864258e-01,-5.202078819274902344e-02,-1.825853735208511353e-01,7.654001563787460327e-02,4.223851263523101807e-01,-7.140131294727325439e-02,0.000000000000000000e+00,0.000000000000000000e+00,-1.888668388128280640e-01,-6.510882824659347534e-02,-2.695283591747283936e-01,4.450760483741760254e-01,-7.758627831935882568e-02,-4.887247458100318909e-02,-1.978992223739624023e-01,1.224481761455535889e-01,0.000000000000000000e+00,3.553563058376312256e-01,1.557345092296600342e-01,1.930598616600036621e-01,2.538026683032512665e-02,3.665570542216300964e-02,3.808845579624176025e-01,4.353063702583312988e-01,1.541301012039184570e-01,1.341214329004287720e-01,-1.357265710830688477e-01,-1.190766096115112305e-01,1.825945526361465454e-01,-7.729223370552062988e-02,-1.281709223985671997e-02,1.600426994264125824e-02,0.000000000000000000e+00
-4.128392785787582397e-02,-1.789810806512832642e-01,1.096972376108169556e-01,1.653953455388545990e-02,-3.527698814868927002e-01,-3.571080565452575684e-01,3.629488497972488403e-02,-7.069577928632497787e-03,-6.160080432891845703e-02,3.802900910377502441e-01,4.155582189559936523e-01,5.204213857650756836e-01,1.000000000000000000e+00,-1.286448836326599121e-01,2.038135230541229248e-01,3.914473354816436768e-01,1.463586241006851196e-01,-1.943230181932449341e-01,1.741031557321548462e-01,4.597383141517639160e-01,-2.505906485021114349e-02,0.000000000000000000e+00,0.000000000000000000e+00,-3.828315436840057373e-01,-8.832722902297973633e-02,-2.003381401300430298e-01,1.756316274404525757e-01,-1.895505189895629883e-02,-1.189137175679206848e-01,-2.512959241867065430e-01,8.275107480585575104e-03,0.000000000000000000e+00,3.975646942853927612e-02,-2.395571470260620117e-01,-1.350260376930236816e-01,-2.649051547050476074e-01,-2.519189417362213135e-01,5.623729526996612549e-02,9.468237310647964478e-02,4.192618727684020996e-01,-1.480010449886322021e-01,-2.565236091613769531e-01,-2.124554365873336792e-01,-2.014018446207046509e-01,-2.386950552463531494e-01,-1.907358914613723755e-01,-1.941791474819183350e-01,0.000000000000000000e+00
2.280533015727996826e-01,2.954431772232055664e-01,-4.386005997657775879e-01,-1.462534815073013306e-01,2.921763658523559570e-01,1.812168210744857788e-01,-2.196220904588699341e-01,2.167625576257705688e-01,3.008969426155090332e-01,3.207936286926269531e-01,-2.452660650014877319e-01,1.110488548874855042e-01,-1.286448836326599121e-01,1.000000000000000000e+00,-1.235372796654701233e-01,3.053390420973300934e-02,4.677222296595573425e-02,2.996396459639072418e-02,2.954013347625732422e-01,2.531084716320037842e-01,-4.624731093645095825e-02,0.000000000000000000e+00,0.000000000000000000e+00,1.233425270766019821e-02,-9.591627120971679688e-02,-2.471329271793365479e-01,3.437472581863403320e-01,1.637360639870166779e-02,1.667173057794570923e-01,-3.798408899456262589e-03,1.312127858400344849e-01,0.000000000000000000e+00,1.154351308941841125e-01,1.488692760467529297e-01,1.529585719108581543e-01,2.094905078411102295e-01,3.005794286727905273e-01,1.548612862825393677e-01,4.605227708816528320e-01,-2.840303182601928711e-01,1.842832714319229126e-01,2.007328420877456665e-01,2.426345199346542358e-01,2.997855842113494873e-01,2.609694004058837891e-01,3.113417029380798340e-01,5.921151116490364075e-02,0.000000000000000000e+00
-4.934841096401214600e-01,-4.122097194194793701e-01,3.520731031894683838e-01,-2.300222367048263550e-01,-4.334846436977386475e-01,-4.973105490207672119e-01,9.177361428737640381e-02,2.432843893766403198e-01,-1.187329143285751343e-01,2.003307454288005829e-02,5.840083360671997070e-01,4.740053117275238037e-01,2.038135081529617310e-01,-1.235372796654701233e-01,1.000000000000000000e+00,6.313457489013671875e-01,-1.604464799165725708e-01,-3.808681666851043701e-01,-2.076838314533233643e-01,1.362719535827636719e-01,-3.873374462127685547e-01,0.000000000000000000e+00,0.000000000000000000e+00,-5.207812786102294922e-02,-2.561215460300445557e-01,2.788277864456176758e-01,8.017673343420028687e-02,-4.481936693191528320e-01,-4.452495574951171875e-01,2.343263924121856689e-01,4.697559773921966553e-01,0.000000000000000000e+00,1.768281459808349609e-01,2.353786081075668335e-01,6.011600606143474579e-03,2.103452682495117188e-01,-7.270038872957229614e-02,1.737187206745147705e-01,2.078204303979873657e-01,4.646991789340972900e-01,-2.705174386501312256e-01,-4.451441168785095215e-01,-1.340212076902389526e-01,-2.488403916358947754e-01,-3.825941085815429688e-01,-1.695897579193115234e-01,2.095046788454055786e-01,0.000000000000000000e+00
-2.642262876033782959e-01,-3.077993094921112061e-01,1.910485625267028809e-01,-2.889302372932434082e-01,-3.763521611690521240e-01,-4.587984085083007812e-01,-8.989048749208450317e-02,1.472439020872116089e-01,-7.963056862354278564e-02,1.997331380844116211e-01,3.177409768104553223e-01,5.382195711135864258e-01,3.914473354816436768e-01,3.053390420973300934e-02,6.313457489013671875e-01,1.000000000000000000e+00,-2.056520283222198486e-01,-4.986834228038787842e-01,-1.134140193462371826e-01,2.589478790760040283e-01,-4.715523421764373779e-01,0.000000000000000000e+00,0.000000000000000000e+00,-3.482223749160766602e-01,-1.159654930233955383e-01,4.733713343739509583e-02,2.935895025730133057e-01,-3.304901719093322754e-01,-3.551332354545593262e-01,3.577932342886924744e-02,4.496008157730102539e-01,0.000000000000000000e+00,2.366732954978942871e-01,7.515086978673934937e-02,-8.096574991941452026e-02,4.170770198106765747e-02,-5.657712742686271667e-02,7.199790328741073608e-02,3.451812267303466797e-01,4.691813588142395020e-01,-1.920989006757736206e-01,-4.165404438972473145e-01,-2.287583202123641968e-01,-2.151377499103546143e-01,-4.394485950469970703e-01,-1.636886298656463623e-01,-1.112431511282920837e-01,0.000000000000000000e+00
2.800173163414001465e-01,1.227160617709159851e-01,1.577752232551574707e-01,7.021850943565368652e-01,3.130750656127929688e-01,3.463982939720153809e-01,6.926774978637695312e-01,-7.038978487253189087e-02,2.926098108291625977e-01,8.131930232048034668e-02,1.604243218898773193e-01,-5.202078819274902344e-02,1.463586241006851196e-01,4.677222296595573425e-02,-1.604464948177337646e-01,-2.056520432233810425e-01,1.000000000000000000e+00,4.309378564357757568e-01,6.886261105537414551e-01,2.758234739303588867e-01,3.653378486633300781e-01,0.000000000000000000e+00,0.000000000000000000e+00,9.825906157493591309e-02,-2.013223618268966675e-01,6.485661864280700684e-02,-2.654460966587066650e-01,3.538185954093933105e-01,3.797513246536254883e-01,3.179524540901184082e-01,1.720730662345886230e-01,0.000000000000000000e+00,-4.820748791098594666e-02,-4.168556332588195801e-01,-1.720020473003387451e-01,-6.009588763117790222e-02,-4.296795725822448730e-01,-2.958358824253082275e-01,-2.671374976634979248e-01,-1.007974073290824890e-01,3.127940595149993896e-01,3.063780665397644043e-01,3.274663090705871582e-01,-2.754911966621875763e-02,1.487723141908645630e-01,1.141546592116355896e-01,2.332931309938430786e-01,0.000000000000000000e+00
3.730056285858154297e-01,4.324629604816436768e-01,-2.569563090801239014e-01,3.164914548397064209e-01,5.347470641136169434e-01,5.423497557640075684e-01,2.438845932483673096e-01,1.107716038823127747e-01,4.442930817604064941e-01,-1.186399627476930618e-02,-1.266656965017318726e-01,-1.825853735208511353e-01,-1.943230181932449341e-01,2.996396645903587341e-02,-3.808681666851043701e-01,-4.986834228038787842e-01,4.309378564357757568e-01,1.000000000000000000e+00,2.943827807903289795e-01,-4.863207414746284485e-02,5.304333567619323730e-01,0.000000000000000000e+00,0.000000000000000000e+00,2.703130543231964111e-01,3.244372829794883728e-02,-9.270059317350387573e-02,-1.076989173889160156e-01,4.337106347084045410e-01,4.963696300983428955e-01,6.129472330212593079e-02,-1.122851297259330750e-01,0.000000000000000000e+00,1.042532175779342651e-01,1.106142252683639526e-02,1.815983057022094727e-01,7.708425819873809814e-02,-8.209038525819778442e-03,8.340866118669509888e-02,-1.753505319356918335e-01,-4.559864103794097900e-01,4.793278574943542480e-01,3.497185409069061279e-01,1.425498276948928833e-01,3.649696707725524902e-01,2.729495465755462646e-01,9.878809005022048950e-02,1.029757857322692871e-01,0.000000000000000000e+00
3.834312856197357178e-01,1.538837850093841553e-01,-1.247164756059646606e-01,5.035129189491271973e-01,2.518474161624908447e-01,2.464192658662796021e-01,2.942552566528320312e-01,7.694555819034576416e-02,2.034942954778671265e-01,2.688315808773040771e-01,8.147697895765304565e-02,7.654000818729400635e-02,1.741031408309936523e-01,2.954013347625732422e-01,-2.076838314533233643e-01,-1.134140193462371826e-01,6.886260509490966797e-01,2.943827807903289795e-01,1.000000000000000000e+00,5.455174446105957031e-01,2.697333097457885742e-01,0.000000000000000000e+00,0.000000000000000000e+00,-7.486271858215332031e-02,-2.691976726055145264e-01,-1.694855690002441406e-01,-9.130619466304779053e-02,3.131608963012695312e-01,4.091497361660003662e-01,6.323077529668807983e-02,9.309797734022140503e-02,0.000000000000000000e+00,-2.256698673591017723e-03,-3.925467729568481445e-01,-1.574687212705612183e-01,-1.335722208023071289e-01,-2.049916684627532959e-01,-1.073853000998497009e-01,6.477119028568267822e-02,-9.211470931768417358e-02,2.739338874816894531e-01,1.551691144704818726e-01,3.146747946739196777e-01,-3.893431276082992554e-02,1.400779187679290771e-01,1.556967794895172119e-01,1.882594972848892212e-01,0.000000000000000000e+00
5.467158928513526917e-02,-8.873124420642852783e-02,-1.129212528467178345e-01,1.220605522394180298e-01,-9.308681637048721313e-02,-9.071984142065048218e-02,-3.983842581510543823e-02,1.215237379074096680e-01,4.999350756406784058e-03,4.750181734561920166e-01,2.367739826440811157e-01,4.223851263523101807e-01,4.597383141517639160e-01,2.531084716320037842e-01,1.362719535827636719e-01,2.589478790760040283e-01,2.758234739303588867e-01,-4.863207414746284485e-02,5.455174446105957031e-01,1.000000000000000000e+00,3.992199897766113281e-02,0.000000000000000000e+00,0.000000000000000000e+00,-2.962054014205932617e-01,-3.977483212947845459e-01,-2.358871251344680786e-01,1.640211790800094604e-01,4.452396929264068604e-02,1.421908289194107056e-01,-2.218873240053653717e-02,2.148793488740921021e-01,0.000000000000000000e+00,-1.154260113835334778e-01,-2.924251556396484375e-01,-1.319198906421661377e-01,-1.110879033803939819e-01,-1.132235303521156311e-01,9.954618290066719055e-03,3.382271528244018555e-01,1.699418723583221436e-01,-1.246678922325372696e-02,-1.177274808287620544e-01,1.661037504673004150e-01,-1.783638894557952881e-01,-4.123875871300697327e-03,1.580611914396286011e-01,1.243909969925880432e-01,0.000000000000000000e+00
3.376093804836273193e-01,3.447918891906738281e-01,-2.157409191131591797e-01,2.504017055034637451e-01,3.687056601047515869e-01,4.555182158946990967e-01,1.870051473379135132e-01,1.486250758171081543e-01,3.432049453258514404e-01,2.157908491790294647e-02,-4.738655313849449158e-02,-7.140131294727325439e-02,-2.505906485021114349e-02,-4.624731093645095825e-02,-3.873374462127685547e-01,-4.715523123741149902e-01,3.653378486633300781e-01,5.304333567619323730e-01,2.697333097457885742e-01,3.992199897766113281e-02,1.000000000000000000e+00,0.000000000000000000e+00,0.000000000000000000e+00,2.859978079795837402e-01,1.398714333772659302e-01,-3.065197169780731201e-01,-1.743307560682296753e-01,4.360675215721130371e-01,4.995914697647094727e-01,-1.281721889972686768e-01,-2.846737205982208252e-01,0.000000000000000000e+00,2.066861465573310852e-02,-8.908797800540924072e-02,2.159937918186187744e-01,-1.220902875065803528e-01,-2.858834899961948395e-02,1.247979998588562012e-01,-2.327268868684768677e-01,-4.362561106681823730e-01,3.857254385948181152e-01,2.260689735412597656e-01,-7.222636044025421143e-02,2.914309799671173096e-01,1.727457940578460693e-01,-8.264995366334915161e-02,-6.599546968936920166e-02,0.000000000000000000e+00
0.000000000000000000e+00,0.000000000000000000e+00,0.000000000000000000e+00,0.000000000000000000e+00,0.000000000000000000e+00,0.000000000000000000e+00,0.000000000000000000e+00,0.000000000000000000e+00,0.000000000000000000e+00,0.000000000000000000e+00,0.000000000000000000e+00,0.000000000000000000e+00,0.000000000000000000e+00,0.000000000000000000e+00,0.000000000000000000e+00,0.000000000000000000e+00,0.000000000000000000e+00,0.000000000000000000e+00,0.000000000000000000e+00,0.000000000000000000e+00,0.000000000000000000e+00,1.000000000000000000e+00,0.000000000000000000e+00,0.000000000000000000e+00,0.000000000000000000e+00,0.000000000000000000e+00,0.000000000000000000e+00,0.000000000000000000e+00,0.000000000000000000e+00,0.000000000000000000e+00,0.000000000000000000e+00,0.000000000000000000e+00,0.000000000000000000e+00,0.000000000000000000e+00,0.000000000000000000e+00,0.000000000000000000e+00,0.000000000000000000e+00,0.000000000000000000e+00,0.000000000000000000e+00,0.000000000000000000e+00,0.000000000000000000e+00,0.000000000000000000e+00,0.000000000000000000e+00,0.000000000000000000e+00,0.000000000000000000e+00,0.000000000000000000e+00,0.000000000000000000e+00,0.000000000000000000e+00
0.000000000000000000e+00,0.000000000000000000e+00,0.000000000000000000e+00,0.000000000000000000e+00,0.000000000000000000e+00,0.000000000000000000e+00,0.000000000000000000e+00,0.000000000000000000e+00,0.000000000000000000e+00,0.000000000000000000e+00,0.000000000000000000e+00,0.000000000000000000e+00,0.000000000000000000e+00,0.000000000000000000e+00,0.000000000000000000e+00,0.000000000000000000e+00,0.000000000000000000e+00,0.000000000000000000e+00,0.000000000000000000e+00,0.000000000000000000e+00,0.000000000000000000e+00,0.000000000000000000e+00,1.000000000000000000e+00,0.000000000000000000e+00,0.000000000000000000e+00,0.000000000000000000e+00,0.000000000000000000e+00,0.000000000000000000e+00,0.000000000000000000e+00,0.000000000000000000e+00,0.000000000000000000e+00,0.000000000000000000e+00,0.000000000000000000e+00,0.000000000000000000e+00,0.000000000000000000e+00,0.000000000000000000e+00,0.000000000000000000e+00,0.000000000000000000e+00,0.000000000000000000e+00,0.000000000000000000e+00,0.000000000000000000e+00,0.000000000000000000e+00,0.000000000000000000e+00,0.000000000000000000e+00,0.000000000000000000e+00,0.000000000000000000e+00,0.000000000000000000e+00,0.000000000000000000e+00
1.350283771753311157e-01,1.608478724956512451e-01,3.777246177196502686e-02,1.716604977846145630e-01,2.828766703605651855e-01,3.354620337486267090e-01,2.936351299285888672e-01,1.520027518272399902e-01,1.868999451398849487e-01,-2.246874123811721802e-01,-1.702894642949104309e-02,-1.888668388128280640e-01,-3.828315436840057373e-01,1.233425363898277283e-02,-5.207812786102294922e-02,-3.482224047183990479e-01,9.825905412435531616e-02,2.703130543231964111e-01,-7.486271858215332031e-02,-2.962054014205932617e-01,2.859978079795837402e-01,0.000000000000000000e+00,0.000000000000000000e+00,1.000000000000000000e+00,1.811227351427078247e-01,5.281398072838783264e-02,-1.953756213188171387e-01,2.166265696287155151e-01,2.356816828250885010e-01,2.888289391994476318e-01,7.873434573411941528e-02,0.000000000000000000e+00,5.581523105502128601e-02,9.324591606855392456e-02,1.455974131822586060e-01,3.115873038768768311e-01,-5.554714798927307129e-02,-4.235045239329338074e-02,-2.052245587110519409e-01,-3.125095665454864502e-01,2.118225097656250000e-01,1.957243978977203369e-01,4.819667339324951172e-02,2.392014265060424805e-01,9.346187859773635864e-02,-7.079763710498809814e-02,3.985787630081176758e-01,0.000000000000000000e+00
3.601092696189880371e-01,1.849476248025894165e-01,-4.433615133166313171e-02,-1.640126109123229980e-01,8.639974147081375122e-02,1.562699228525161743e-01,-5.966472253203392029e-02,1.784717440605163574e-01,1.178753003478050232e-02,-9.881395846605300903e-02,-6.774928420782089233e-02,-6.510882824659347534e-02,-8.832722902297973633e-02,-9.591627120971679688e-02,-2.561215460300445557e-01,-1.159654930233955383e-01,-2.013223469257354736e-01,3.244372829794883728e-02,-2.691976726055145264e-01,-3.977483212947845459e-01,1.398714333772659302e-01,0.000000000000000000e+00,0.000000000000000000e+00,1.811227351427078247e-01,1.000000000000000000e+00,-2.929682433605194092e-01,2.591669373214244843e-02,3.341907858848571777e-01,2.089997082948684692e-01,-2.947167456150054932e-01,-3.748212456703186035e-01,0.000000000000000000e+00,7.090395689010620117e-02,-2.644182741641998291e-02,3.384188935160636902e-02,-2.557257413864135742e-01,-8.689468353986740112e-02,-5.517365410923957825e-02,-2.848103642463684082e-01,-3.056471943855285645e-01,1.355511099100112915e-01,3.146774321794509888e-02,-3.495528399944305420e-01,2.441635727882385254e-01,-1.442166417837142944e-01,-3.355632424354553223e-01,-3.130262196063995361e-01,0.000000000000000000e+00
-4.875838160514831543e-01,-4.586763978004455566e-01,6.148961782455444336e-01,2.875291705131530762e-01,-2.414363920688629150e-01,-2.562076449394226074e-01,3.990127146244049072e-01,-4.889906644821166992e-01,-2.688018977642059326e-01,-3.367325663566589355e-01,9.764046408236026764e-03,-2.695283591747283936e-01,-2.003381401300430298e-01,-2.471329271793365479e-01,2.788277864456176758e-01,4.733713716268539429e-02,6.485661864280700684e-02,-9.270059317350387573e-02,-1.694855690002441406e-01,-2.358871251344680786e-01,-3.065197169780731201e-01,0.000000000000000000e+00,0.000000000000000000e+00,5.281398072838783264e-02,-2.929682433605194092e-01,1.000000000000000000e+00,-2.793558537960052490e-01,-3.680078089237213135e-01,-4.300016164779663086e-01,6.654141545295715332e-01,4.733253121376037598e-01,0.000000000000000000e+00,-2.003172338008880615e-01,-2.960754930973052979e-02,-2.276019454002380371e-01,3.015678524971008301e-01,-2.184924483299255371e-01,-3.468139767646789551e-01,-2.236047238111495972e-01,3.065223693847656250e-01,-3.720836639404296875e-01,3.651763498783111572e-02,2.953599095344543457e-01,-3.320060670375823975e-01,-2.492484822869300842e-02,1.722920536994934082e-01,2.243856638669967651e-01,0.000000000000000000e+00
1.553046703338623047e-01,3.198975026607513428e-01,-3.928544521331787109e-01,-3.978502154350280762e-01,1.464452594518661499e-01,3.456989675760269165e-02,-4.272911846637725830e-01,2.276053428649902344e-01,3.171340525150299072e-01,5.139951109886169434e-01,-1.082929223775863647e-01,4.450760483741760254e-01,1.756316423416137695e-01,3.437472581863403320e-01,8.017673343420028687e-02,2.935895025730133057e-01,-2.654460966587066650e-01,-1.076989173889160156e-01,-9.130619466304779053e-02,1.640211790800094604e-01,-1.743307560682296753e-01,0.000000000000000000e+00,0.000000000000000000e+00,-1.953756213188171387e-01,2.591669559478759766e-02,-2.793558537960052490e-01,1.000000000000000000e+00,-7.789744413457810879e-04,6.132833287119865417e-02,-1.953132897615432739e-01,3.929879516363143921e-03,0.000000000000000000e+00,3.513541519641876221e-01,2.523462474346160889e-01,2.124678194522857666e-01,1.346640139818191528e-01,3.308234214782714844e-01,3.256289064884185791e-01,4.530294239521026611e-01,-9.955348074436187744e-02,1.997015923261642456e-01,1.234443932771682739e-01,4.211658611893653870e-02,3.516017794609069824e-01,1.391407549381256104e-01,2.317756265401840210e-01,-1.514841169118881226e-01,0.000000000000000000e+00
7.868210077285766602e-01,4.646458625793457031e-01,-8.430469036102294922e-02,4.588939249515533447e-01,5.683969259262084961e-01,5.975187420845031738e-01,2.143286168575286865e-01,1.916969567537307739e-01,3.040972352027893066e-01,1.047172546386718750e-01,-8.138134330511093140e-02,-7.758627086877822876e-02,-1.895505003631114960e-02,1.637360639870166779e-02,-4.481936395168304443e-01,-3.304901719093322754e-01,3.538185954093933105e-01,4.337106347084045410e-01,3.131608963012695312e-01,4.452396929264068604e-02,4.360674917697906494e-01,0.000000000000000000e+00,0.000000000000000000e+00,2.166265547275543213e-01,3.341907858848571777e-01,-3.680078089237213135e-01,-7.789744995534420013e-04,1.000000000000000000e+00,8.291032910346984863e-01,-1.141034439206123352e-01,-2.340962886810302734e-01,0.000000000000000000e+00,1.735964044928550720e-02,-4.037568271160125732e-01,-1.196071691811084747e-02,-1.657521426677703857e-01,-2.870977222919464111e-01,-1.638864576816558838e-01,-1.910535693168640137e-01,-4.209372699260711670e-01,5.877616405487060547e-01,2.914678752422332764e-01,-6.753340363502502441e-02,3.257900476455688477e-01,5.316554382443428040e-02,-1.414748132228851318e-01,-1.036016643047332764e-02,0.000000000000000000e+00
7.176467180252075195e-01,5.819453597068786621e-01,-3.142263889312744141e-01,3.796353936195373535e-01,6.855594515800476074e-01,7.409053444862365723e-01,1.474469900131225586e-01,2.463326752185821533e-01,4.080726504325866699e-01,2.114343196153640747e-01,-1.952982842922210693e-01,-4.887247085571289062e-02,-1.189137175679206848e-01,1.667173057794570923e-01,-4.452495574951171875e-01,-3.551332354545593262e-01,3.797512948513031006e-01,4.963696300983428955e-01,4.091497361660003662e-01,1.421908289194107056e-01,4.995914697647094727e-01,0.000000000000000000e+00,0.000000000000000000e+00,2.356816828250885010e-01,2.089996933937072754e-01,-4.300016164779663086e-01,6.132833287119865417e-02,8.291032314300537109e-01,1.000000000000000000e+00,-5.362384021282196045e-02,-2.155348360538482666e-01,0.000000000000000000e+00,4.960943758487701416e-02,-2.898739278316497803e-01,1.408436894416809082e-01,-1.303587760776281357e-02,-1.547753214836120605e-01,-4.704098030924797058e-02,-5.166727676987648010e-02,-5.541228652000427246e-01,6.663696765899658203e-01,3.999327123165130615e-01,8.057181537151336670e-02,4.254816174507141113e-01,2.336918711662292480e-01,6.662700325250625610e-02,2.450567856431007385e-02,0.000000000000000000e+00
-2.544769644737243652e-01,-1.928725242614746094e-01,4.592177271842956543e-01,4.206074178218841553e-01,8.772467821836471558e-02,1.223004758358001709e-01,5.953785777091979980e-01,-2.912785708904266357e-01,-2.553165331482887268e-02,-2.352037578821182251e-01,-2.603005804121494293e-02,-1.978992372751235962e-01,-2.512959241867065430e-01,-3.798408899456262589e-03,2.343263924121856689e-01,3.577932715415954590e-02,3.179524838924407959e-01,6.129472330212593079e-02,6.323077529668807983e-02,-2.218873240053653717e-02,-1.281721889972686768e-01,0.000000000000000000e+00,0.000000000000000000e+00,2.888289391994476318e-01,-2.947167456150054932e-01,6.654141545295715332e-01,-1.953132897615432739e-01,-1.141034364700317383e-01,-5.362384021282196045e-02,1.000000000000000000e+00,6.888105869293212891e-01,0.000000000000000000e+00,-1.096884012222290039e-01,-8.498343825340270996e-02,-8.764911442995071411e-02,5.609588027000427246e-01,-3.440435230731964111e-01,-3.465922772884368896e-01,-1.134936437010765076e-01,7.817429304122924805e-02,-4.144468903541564941e-02,2.685889899730682373e-01,4.824753701686859131e-01,-1.181139498949050903e-01,9.918002784252166748e-02,2.777820229530334473e-01,3.720259964466094971e-01,0.000000000000000000e+00
-2.573416531085968018e-01,-2.997381389141082764e-01,3.895844817161560059e-01,1.714913547039031982e-01,-1.218983381986618042e-01,-1.660485714673995972e-01,3.829391002655029297e-01,-6.485397368669509888e-02,-2.136182226240634918e-02,-1.133041307330131531e-01,1.893088668584823608e-01,1.224481686949729919e-01,8.275107480585575104e-03,1.312127858400344849e-01,4.697559773921966553e-01,4.496008157730102539e-01,1.720730662345886230e-01,-1.122851297259330750e-01,9.309798479080200195e-02,2.148793339729309082e-01,-2.846737205982208252e-01,0.000000000000000000e+00,0.000000000000000000e+00,7.873435318470001221e-02,-3.748212456703186035e-01,4.733253121376037598e-01,3.929879516363143921e-03,-2.340962886810302734e-01,-2.155348360538482666e-01,6.888105869293212891e-01,1.000000000000000000e+00,0.000000000000000000e+00,1.015584394335746765e-01,-2.265273965895175934e-02,-1.612363159656524658e-01,4.741780161857604980e-01,-2.699314653873443604e-01,-1.704990565776824951e-01,1.653754264116287231e-01,2.746762335300445557e-01,-1.440678536891937256e-01,-9.718360006809234619e-02,2.141050100326538086e-01,-2.097017019987106323e-01,-2.350362986326217651e-01,7.211038470268249512e-02,2.630456686019897461e-01,0.000000000000000000e+00
0.000000000000000000e+00,0.000000000000000000e+00,0.000000000000000000e+00,0.000000000000000000e+00,0.000000000000000000e+00,0.000000000000000000e+00,0.000000000000000000e+00,0.000000000000000000e+00,0.000000000000000000e+00,0.000000000000000000e+00,0.000000000000000000e+00,0.000000000000000000e+00,0.000000000000000000e+00,0.000000000000000000e+00,0.000000000000000000e+00,0.000000000000000000e+00,0.000000000000000000e+00,0.000000000000000000e+00,0.000000000000000000e+00,0.000000000000000000e+00,0.000000000000000000e+00,0.000000000000000000e+00,0.000000000000000000e+00,0.000000000000000000e+00,0.000000000000000000e+00,0.000000000000000000e+00,0.000000000000000000e+00,0.000000000000000000e+00,0.000000000000000000e+00,0.000000000000000000e+00,0.000000000000000000e+00,1.000000000000000000e+00,0.000000000000000000e+00,0.000000000000000000e+00,0.000000000000000000e+00,0.000000000000000000e+00,0.000000000000000000e+00,0.000000000000000000e+00,0.000000000000000000e+00,0.000000000000000000e+00,0.000000000000000000e+00,0.000000000000000000e+00,0.000000000000000000e+00,0.000000000000000000e+00,0.000000000000000000e+00,0.000000000000000000e+00,0.000000000000000000e+00,0.000000000000000000e+00
